Raster_benchmarking/continuous/raster-216.asc
NCOLS 100
NROWS 100
XLLCORNER 1743165.813201676
YLLCORNER 5469287.265599235
CELLSIZE 10
NODATA_VALUE -9999
[rows 38 to 56 of 100, columns 43 to 85 of 100]
0.5080408904895524 0.5250674474338975 0.497250659322795 0.49214128678289665 0.48207647034320705 0.5286990904805863 0.5659288291928732 0.5857909271531192 0.5743253481705 0.6166223216861809 0.6145377579068644 0.6552650135951187 0.6641015869525329 0.64853975141207 0.6705890989910089 0.681885304469177 0.6525074602094344 0.6555462711682077 0.6452192219431658 0.6708939730203868 0.6271209966918415 0.5802792817280967 0.5666797494858266 0.5455889798819907 0.5212193950449313 0.513435713516118 0.562858023985876 0.5443726322124514 0.561508210403619 0.5220969659425427 0.5470061547533226 0.5480431470231109 0.49447616504817055 0.46982730527130206 0.44571261722864924 0.46695498374840033 0.47758443191941724 0.45938069684810545 0.4527514287904234 0.4848274766686763 0.5013421767597677 0.559243352852572 0.5705287494644661
0.48421664116464863 0.49592571226120874 0.4625553839313329 0.4951444752344321 0.4574669486682731 0.45729749882769294 0.5420581029745483 0.5546571266531634 0.5758617044776561 0.6175846687147684 0.6083186163529993 0.6086631503962352 0.6317964842647049 0.6704435166958155 0.6547257946162297 0.6695189630115953 0.6807200350457688 0.6584594269598332 0.6411871412364061 0.5998904942743001 0.6086502414334328 0.6081960265177863 0.5553238150255191 0.5155271889305205 0.49402962232516306 0.5170986637442017 0.5118921307597535 0.5655654556114275 0.5098361759414225 0.5121957942987739 0.5025138312772733 0.5468438709764447 0.5164701736042113 0.4838505476352785 0.48939778974250064 0.44763595392939853 0.4848835212326785 0.43879154598773806 0.4882602581385551 0.4971037997087154 0.5121705269271157 0.4971208272532413 0.511935827895084
0.473307238076213 0.4281451237938714 0.43934453920546934 0.4686867226981117 0.4374123706578704 0.4606069067872531 0.4933990730432153 0.5081095370393378 0.5233429054232666 0.5744172383737942 0.5861435837918888 0.5949263159907533 0.6285342366955083 0.5998565651802462 0.5977278586476713 0.6442522959932133 0.6410385225973882 0.6283211092201444 0.6167522163693174 0.5965431508566945 0.6080077344646192 0.6118376996932078 0.5367966063361919 0.5391560587455577 0.49096529989786886 0.4968941443004256 0.5002362782482821 0.5245882718052451 0.49836216564320673 0.53074468692704 0.5010941564185228 0.5489739054623894 0.5359732172742742 0.4835653386202285 0.4842629908404648 0.46818207310255455 0.46279070073027667 0.46237462603067564 0.4714141460312602 0.4677968729340309 0.514061575892613 0.4866019398201408 0.5242607917978929
0.4364918499129068 0.3867538147691199 0.4143538455167027 0.40470361032870655 0.4400635961675224 0.4856916702491149 0.4983330661607766 0.4645471648579056 0.5310413123396228 0.5663228843989182 0.5686708855636494 0.6203370853981006 0.5657029844512986 0.5687840863081263 0.5767748114365093 0.5632161217645008 0.6008698478433453 0.6144432795603125 0.622916533489304 0.5952398769465169 0.5789910614263312 0.6022943602542516 0.5193138245657326 0.5047816756357905 0.46999063372092775 0.47550171399568386 0.4695142541376754 0.4982013829428553 0.524325651541303 0.530783305511012 0.4823374027429215 0.5059085908671529 0.5033854429216862 0.5079024373031724 0.5038288695822344 0.5146745063807586 0.500984152887322 0.4327250382651405 0.4645180555971999 0.46063296182577795 0.4723992751811507 0.5134474835861664 0.514811439138991
0.4073277826155842 0.3707355287479672 0.377269751609546 0.4121897395840925 0.4515781070723791 0.4349791257844916 0.45200435207720996 0.46848860721481933 0.47827364672485906 0.5016059855167253 0.5252161029306066 0.5474846791840852 0.5542045749021238 0.5591856183041191 0.5515254596237614 0.5843086364614787 0.5601724753037294 0.5567909958083617 0.5904721619399385 0.5988808141030556 0.576632959115812 0.5331993709939892 0.4911824701563805 0.45076622197231747 0.4740489298053218 0.4728239233487493 0.44456105187225914 0.4627955545528744 0.492321145001231 0.5062259167912098 0.4753095560052823 0.46993760702503184 0.49693689653899975 0.4748665788989071 0.47802558769537684 0.47188216641307695 0.4858705503617553 0.47546559236154046 0.45499024249090314 0.48111768477996114 0.49931917557181077 0.49757980108954974 0.4677630685994427
0.37305367111351023 0.373732963164006 0.38496336885372784 0.44636568087826906 0.4523232994817137 0.4474088865648185 0.43013030476217107 0.45101948429261063 0.4721875383604629 0.5031255411170807 0.5116967446372646 0.49998065872412756 0.5260476272991829 0.5327385062165383 0.5524802947847102 0.571153006135996 0.5442037559509968 0.5749898519937402 0.6042634137965517 0.5990362250939469 0.557539129570839 0.513038354762125 0.49222022184398867 0.4409985352082837 0.4438996760771762 0.4139189201748345 0.4118078869132834 0.478602652630335 0.4592538461896208 0.47459690674302224 0.4786290124569341 0.46846304587448234 0.46633850801217064 0.460411932728115 0.4900571309945499 0.46222995635359476 0.44316725702693366 0.4636347453073312 0.44084223113460647 0.48136762724700166 0.48715070603943894 0.4473155396317495 0.4519564044161689
0.38184066193770644 0.38806472612519266 0.4061564994760842 0.4342875646019305 0.454607432974503 0.42504717054938657 0.4560403745018074 0.449558683451882 0.45773448806001404 0.49046019390075873 0.4709565961273895 0.503650156076115 0.510677133641429 0.5262008440390415 0.5498691880198225 0.5826870240473768 0.5616194643004636 0.5410010737821833 0.5449001401742547 0.5569612609065496 0.5162038175023487 0.4535178833979723 0.4506651961584192 0.43485905881397036 0.38885359801872743 0.42022924000028616 0.4235841590451767 0.44264890500268556 0.42381597017399175 0.4442861243794036 0.49580161196418887 0.5062691235107801 0.48205411650018104 0.46845038545776607 0.4520358614129543 0.4896435214137813 0.4397919073419442 0.44415059910951576 0.4544559495083129 0.4331904854496582 0.43416989536322503 0.41793022496480076 0.4095204260018698
0.37344450216621383 0.41724842403772905 0.440938599654231 0.4449336104108616 0.4420170155569265 0.43539164793882823 0.40578333791877386 0.40627463346994447 0.4321793549139101 0.4628373565327898 0.47194051443008 0.4926159559387536 0.48589294195789734 0.4797285497458274 0.48919786485130895 0.5362015065205354 0.5362581634900073 0.5414425967309511 0.5419956159706841 0.5236161390787623 0.46343088556105705 0.44064659228406194 0.40407661660859456 0.3879767398320414 0.40894076193133805 0.36909778337378923 0.37038510741844904 0.38072929970431424 0.43384475603937384 0.4457985192406091 0.4559700688150408 0.498414084602563 0.4704862269754214 0.4862494291074812 0.47649513655565545 0.510876229827806 0.43117743775613276 0.40674705686764506 0.44494606194447217 0.44582144503741045 0.4180688864763565 0.380922604616844 0.40945152305360527
0.36896349029568126 0.3963475630902288 0.4181164646807254 0.41898584452215787 0.39705618399357206 0.4171373514177833 0.43525223040003813 0.4558898695278343 0.44792645483773347 0.410994246335797 0.440453215419351 0.47116237916697645 0.4932881252358503 0.48868062953564634 0.49388715713361336 0.48734811244046894 0.5154875158767435 0.545125860309579 0.5016587084622102 0.5183099016340078 0.4604589897706496 0.39175938419782447 0.3720506567823405 0.3645766091131215 0.3840234730695874 0.3540030708216059 0.3861880153623019 0.42895537765162994 0.43685729722077415 0.4608675062825177 0.4386777087742297 0.44097012610204495 0.4357681896437595 0.44980780411378235 0.43851482989992574 0.4457012640044282 0.4216276726070953 0.3926446840986284 0.39052954581959926 0.38276903528995876 0.38691475882688436 0.34565681022839617 0.38665923173935507
0.35322453985011987 0.3849676705526321 0.37752818770349594 0.3767736387773647 0.371456144601485 0.4169079769438328 0.43036316974273237 0.46019294306832453 0.4612274455802051 0.4057225463049785 0.44670388392084653 0.44934301588037834 0.5062049404114012 0.5111131238418415 0.49447520907927783 0.4856731837976635 0.5061719539053745 0.5335040919915038 0.5068121699485822 0.5088038895086697 0.4728855314642295 0.3910240851752077 0.374948549829196 0.3681735900143168 0.37653329792756857 0.38012545375923157 0.35234207684842855 0.403339464319454 0.3943629883291103 0.432187247711947 0.44460127962669677 0.4270628356925574 0.3956406179219464 0.4191863200883107 0.4447098853990292 0.4104721897033258 0.38380852063590726 0.38833307379756327 0.3476628692015301 0.3491528512557311 0.32656830169768664 0.33979241175022623 0.36373601133786493
0.3427467564938587 0.3364221063593382 0.38122690800218584 0.3644038996194176 0.383480393586358 0.4084757485614939 0.40492562722818315 0.4151329870176369 0.4505413312752056 0.3979917037312522 0.44767346439478617 0.43772571659080994 0.45798391667630295 0.44294420975623694 0.4438376552015708 0.42807751448832176 0.4552488187030083 0.4674378083757572 0.4783655754930572 0.5042470998014967 0.4656451372142459 0.39358808887494046 0.3689965235284957 0.3523567529991113 0.34629904365923897 0.3493633804271841 0.3521110548437193 0.37000587645588184 0.37415474411123995 0.3771741633353461 0.38104986686172615 0.3634643906242371 0.37385232311250965 0.4094182654254929 0.40589931057406914 0.3571582396043262 0.3489794156486721 0.36783895196199007 0.35444900940772817 0.3374232938719899 0.3136014934163652 0.30443633674114623 0.3283301780502531
0.35888571660009716 0.34696827068620445 0.35480965479499194 0.3722505521917527 0.3636442557619549 0.3793080750787044 0.3974334754214314 0.44289616922230884 0.41923542715511375 0.40050164022182344 0.44663291295024743 0.44592069340775936 0.41292890776829316 0.4362345135692922 0.4085497391987437 0.4156744250203784 0.44337540717810925 0.4780664950020012 0.4684367873655912 0.48595196916636435 0.4436951835218265 0.425330983193123 0.35583129458279705 0.3413724002755718 0.3436384628250755 0.3636543506585339 0.32708413302639516 0.36135999730055085 0.3908897902675546 0.3818000680600283 0.3467831420021754 0.3200156516053187 0.35166277676416846 0.3812939665138588 0.3404211441581918 0.31565477288309024 0.3287010256148424 0.36142176088665073 0.3469226695059719 0.3399229946222867 0.2911723068606553 0.30980394167035163 0.3064343096423224
0.3422290214087711 0.39478058876877403 0.39086419426034297 0.37558377920461467 0.37617920541845945 0.3570725207972738 0.3845857806811224 0.4004866537407991 0.3760834703125429 0.37327659245245265 0.38621820829077486 0.37844178738430684 0.37790110119692644 0.4197275780493825 0.40244915175439366 0.3863407202258462 0.4050500075151575 0.44888472694041015 0.44620488787494755 0.4260198156331905 0.4477534787183578 0.39271551692294066 0.37010970479815053 0.3518469519488512 0.37690657427526536 0.3322412691965988 0.3412399908534675 0.30942948388583935 0.349619039150769 0.3590857174565791 0.3576432307592948 0.3542953115556975 0.34139908228219595 0.30885998654798746 0.2990040635046526 0.29167630860807586 0.32177143594100516 0.3101475806277369 0.30674618200840875 0.28006544620834145 0.2995892850046773 0.26419354207934276 0.23730955071405896
0.3487624813848277 0.3989008364735135 0.3667411351379668 0.3707057623617337 0.35692510454985327 0.3360159917662686 0.39593537332882944 0.3785965832459263 0.3600412671945403 0.36946475440234694 0.3805313756184051 0.35605986993350547 0.38023064443657434 0.3580546267075118 0.36449626496248716 0.3964204576532625 0.3787834509077631 0.38956585531678034 0.43080375668232124 0.4145849121701564 0.38552647978423504 0.3668468941542568 0.3730526635764426 0.3515771954593227 0.3249621622278844 0.34062239063969774 0.3198570240907813 0.2949343095498777 0.3474222235515651 0.3356803568797078 0.350220158422832 0.33110112613062703 0.30679777977602574 0.29251773364384315 0.317819215754041 0.2942499138210835 0.29575434574303766 0.3205697534135424 0.2991135679024048 0.2872151903008807 0.269219112251028 0.21852663190947802 0.2240237230636017
0.38016659524139756 0.37359066060799184 0.37660589099926683 0.36549933970405857 0.36782189169748475 0.3909530263281285 0.3766138439111459 0.33338536532506763 0.3382274582462965 0.34410556911283197 0.32999956408189074 0.35498006472824 0.32738990600345835 0.34005776572309876 0.38326026191570056 0.3787720837387069 0.3939306191626551 0.4200255644232232 0.4102127784765127 0.40010766122675057 0.3967216954633465 0.3660957749320664 0.3317074595318702 0.32194637917837604 0.3432895701644538 0.3356279171373301 0.31605709261998993 0.3167190308542518 0.3112807653739381 0.32177516367066206 0.3284696718839721 0.32056916911039307 0.28552173684918924 0.2921783650029902 0.27403796937325775 0.2753958940878379 0.2971800006250679 0.2726991934823417 0.2883267879812563 0.2654174118165854 0.2263159004720925 0.17210068823781244 0.19021838661384755
0.42080511698795114 0.4122739736417013 0.3699134018252477 0.36653904631623785 0.38552033992705514 0.3833668358859392 0.37409100438941206 0.31407897237853244 0.3359299604696652 0.3223826341103064 0.34059017996994967 0.3045553473967174 0.36379511207596166 0.36368406132267517 0.3959662155081568 0.41752229969149113 0.41764866516143534 0.43529121355489675 0.396635000424437 0.39177121390188197 0.36254475081212917 0.3302648230707685 0.32718652404409665 0.3327958265224207 0.33340461376927766 0.3376885893218327 0.30464842640336554 0.23913848963204173 0.29225621931143686 0.32675824345975263 0.3063775586539785 0.33492748973059405 0.3004679013184211 0.2863458678118195 0.24398196722328658 0.2234112126424278 0.2716534379062855 0.2548887180014558 0.2715782493954896 0.26840384482436075 0.22232071230963207 0.15828808577926132 0.13698985659090462
0.44834976260373177 0.4349471082687063 0.42204650083258494 0.40876719489961266 0.3684447439408577 0.37803321385489724 0.33437155605495184 0.31062916069968577 0.2988521342957387 0.29123807735240226 0.31677737363220404 0.3274676918139305 0.3695999560617419 0.3597156661526368 0.38586056061077173 0.4121915194341864 0.4534838352959915 0.45507687116177253 0.45979278937072265 0.38747118630636085 0.3673323556953051 0.3719447551820873 0.3600192516908761 0.31478103350821174 0.3279598005224994 0.2831405879320464 0.2908210578954059 0.2421418042995523 0.28717638377809107 0.30820740228826615 0.3004820013187073 0.30447711827276785 0.28762272693321256 0.2576955896850417 0.24065439758501864 0.2137833815237939 0.21997694301922313 0.23437338992068174 0.23267726782013945 0.22590849627066414 0.2131554228054684 0.1573638273293367 0.13333755031104047
0.4134474919374183 0.40112077806002705 0.40308286731464493 0.3973554685931351 0.376408482698854 0.33914615087942335 0.30799909569560424 0.32998786003906866 0.3266822986775671 0.3190789616626978 0.3688969819839165 0.38474379997756614 0.35499605006218166 0.37396724545184923 0.3771069392693548 0.4298665026786957 0.456267742537254 0.4637906914712806 0.44854886158461316 0.44156713086711824 0.39964879299964745 0.38081411406478577 0.3605457211839866 0.3109729144879213 0.3176369273687767 0.2723999636775771 0.2819634196320961 0.2528087852899354 0.2760452469843863 0.26245716522366597 0.30191809534274283 0.30667692344958364 0.300910377600724 0.260338757481441 0.23938091100762002 0.19631414549740167 0.19435181299920948 0.16142778195318316 0.17819918280681613 0.14859891311421392 0.17648042605859127 0.19632225834778672 0.1712643574686386
0.43262344107177714 0.40130867960352556 0.4101810666043202 0.40542392543079037 0.37045213247139197 0.3354372425122591 0.3397396427996091 0.32406198451038665 0.3543965158634275 0.34383804294400805 0.35373815345729354 0.3881158351918558 0.3764654012855675 0.37802990869782105 0.3929894054528806 0.4483856804007491 0.44433745750368914 0.48020134856352586 0.4812369123815933 0.45370181896109507 0.386787568870511 0.39115007777510613 0.3487296333649458 0.31287494461126075 0.28375799846366534 0.28098725586440276 0.2383265836393897 0.23484901428774224 0.23809714786127734 0.2816813917465478 0.27167264750909764 0.26229070398894166 0.25700106045546833 0.2171648358603974 0.1985196007458918 0.1711649808970144 0.1507933999355382 0.153937828450483 0.1239187137382739 0.15654202275987888 0.16823215451434767 0.15825227296302774 0.17669907891209038
