Raster_benchmarking/continuous/raster-318.asc
NCOLS 100
NROWS 100
XLLCORNER 1743152.8140717861
YLLCORNER 5469295.921690626
CELLSIZE 10
NODATA_VALUE -9999
[rows 76 to 94 of 100, columns 43 to 85 of 100]
0.6400525163813394 0.6793851992749316 0.6473065363334041 0.6189370650058195 0.5879465945724556 0.5683334383588972 0.610003248327296 0.5927863762386305 0.596737629428255 0.5403078581822158 0.568215816994558 0.5460262577247741 0.5692516113842899 0.5630631517496638 0.531133280113196 0.5491613235965116 0.549355780522774 0.5603781206151869 0.5333311862533031 0.5472471881934347 0.5855260948200509 0.6105565852693373 0.6211319239226933 0.6462723646589908 0.6439527719995071 0.6657589938123715 0.6194982228054465 0.6186778990913665 0.6092383373574297 0.5576371324523862 0.5735702647618163 0.4931225756303918 0.4804452016338097 0.47171448084019324 0.4570940241541279 0.4583973890676135 0.45190523527554927 0.4836474092357488 0.47124246463577835 0.4468887442105419 0.45923163933958683 0.45744445547677526 0.4807007281978901
0.6293102883733113 0.6695030476506039 0.6244305350481211 0.5953885646901218 0.5663362041020213 0.5908188265465263 0.6332290129370473 0.6120066711444229 0.6108942569393736 0.5828693300695317 0.5621821610960273 0.5896171877588201 0.5863549853288791 0.5898643991878325 0.5386831777091995 0.5432680956861011 0.5543162553514239 0.5314085960252538 0.5559617601685699 0.5710499694581154 0.5279949520131572 0.5464342318683392 0.6108928367661571 0.6592930310668131 0.6138518895807935 0.619078053148598 0.6146921917019351 0.5682893176975017 0.6112716297567224 0.6197790327532448 0.5754570070100373 0.5129188153103618 0.5244827451997244 0.4832531012324519 0.4718298575540492 0.43793683850251425 0.4722376141821692 0.4411186279403917 0.40525048696442817 0.3997548478422626 0.4214692796511385 0.46818383927463925 0.48900385862800255
0.6629245729786668 0.6571451161300533 0.6068476598202706 0.612007157919916 0.6217422927621908 0.5873323554164405 0.6064303431069756 0.5530079990875371 0.5728773619551325 0.5410117777355541 0.5454220262565611 0.5771229460178654 0.578850221598496 0.6023592963555189 0.5889454367598037 0.5223566474652634 0.5119015638121949 0.5273100352385942 0.5537800255628824 0.5299063432112915 0.5287316663831667 0.5769843603367953 0.6188629300719503 0.6626013740846395 0.6302497859741925 0.5897205257663488 0.6078054701703992 0.6230336804157015 0.593412757797376 0.6196573960916392 0.5499303666878583 0.5494604180053901 0.5024860581953807 0.4844334869964989 0.4487825608786429 0.46605118692251457 0.4441554266436288 0.40672879409773943 0.43229512141088783 0.40974649197335544 0.3907866893993565 0.45424508998304214 0.4914166897850959
0.6444539071311608 0.6228594222668543 0.6394525642662205 0.6072976128662305 0.5734205715321066 0.6039758095895609 0.5589415889337179 0.5440628203304864 0.5774120437529165 0.53873184203521 0.5874053865598038 0.5915283222369534 0.5711272387968113 0.639429531026505 0.6231594316824696 0.5717092075590372 0.5560167330606071 0.5208796728264015 0.5570191253480898 0.5685255949120661 0.5777814859274197 0.5415944776622716 0.6103955488389736 0.6096232189405612 0.6094312896150392 0.5683985795399706 0.5644618094612918 0.614584575026257 0.5979571573401231 0.6206486338455455 0.5485685443506089 0.5366262203144647 0.5085988762823199 0.5078349183463657 0.4317094496019897 0.40164929586102915 0.4024540973538258 0.42037531291718333 0.44593102470306617 0.38835255136556684 0.43263314472107817 0.38298547989457027 0.45260836460159964
0.6601394140577697 0.6481226775531618 0.6153847057729498 0.5874703353486334 0.575387220710767 0.5861322691790087 0.5592336512642873 0.5864348502708565 0.5667323833299106 0.5612976174287034 0.565514599481298 0.5676851200291116 0.5882680428674776 0.579520087523913 0.6141307759048787 0.5880552591732728 0.5483415780730201 0.565491311464632 0.5239295382245079 0.5246025630301852 0.5498791852300988 0.55899607271651 0.5433300563195306 0.5713246402317131 0.5830713405267433 0.583172988509708 0.550720422507424 0.5704047267444309 0.5516173687553114 0.5368111778371968 0.5280024639321352 0.5323252624066462 0.495603414452814 0.5011618014109154 0.49255142582837985 0.4530386378279997 0.4355680436507346 0.47489052508027046 0.46261521945811934 0.4294764107094285 0.4412519757193443 0.45642862044231514 0.46171715480321934
0.6225093613813617 0.6354306131197247 0.6396929822315188 0.6034430945389767 0.6026644477284512 0.5373485316340935 0.5450577661785971 0.5419082630980537 0.5620792539721089 0.5460016245138665 0.6235572664372878 0.6156478992307914 0.5943961188924027 0.5739447287299546 0.5567481656832233 0.548427430560387 0.5578944692406174 0.5453939379011378 0.4995336874912288 0.48789139582556124 0.4929991379103343 0.5114941375458887 0.5606811754029642 0.579189026752114 0.5411683124197718 0.5347556825942823 0.5228225530729464 0.5225639119763339 0.5341313286953522 0.5696124719519746 0.5748449219778787 0.5013751945574465 0.5339562065188589 0.5211021604046587 0.5188410981019678 0.4530305089980411 0.454551305799469 0.4648550454931965 0.45235616927635286 0.4612924947604293 0.4449993334095713 0.5059124638694206 0.4964613067437281
0.5637576540904237 0.5790393754551916 0.6195474103023432 0.5679242320600157 0.5692597278788614 0.5290658932830211 0.5336414096567084 0.526831926932543 0.5623781532092849 0.6180374632280751 0.6388531123779125 0.6153405380928113 0.5915334956985375 0.5815176306681344 0.5882098790617122 0.5587667890380627 0.5383593483138647 0.5129616942526658 0.502646534261664 0.4906136694832046 0.5004134067732372 0.5429622636008279 0.5463781622121436 0.5218379175614954 0.4999017039472602 0.5185428710809455 0.5407447118120153 0.5702347590646002 0.5537095913767774 0.5707688871543242 0.5815253423879937 0.5750916778472147 0.5330747524670154 0.5144515040830078 0.5040615016628929 0.4720948713224702 0.4859497200535392 0.44911011677055773 0.4734697610936677 0.4713809365550128 0.45778883217011435 0.5020705767203805 0.4973530374306042
0.5880602219009666 0.5305092864934623 0.6097854906563593 0.6092098919556869 0.5669830530709193 0.5706491538265678 0.5749527018710493 0.5975380048699979 0.5824994374130954 0.6151978953873638 0.6086114253835672 0.6481791387834037 0.6271809605803654 0.5695624100708269 0.5755719555856866 0.5955878774184318 0.5771261195282846 0.5575830443244937 0.5515175784524484 0.5006810762636084 0.521000679188352 0.5155703859761442 0.5411429280710969 0.5215200051036013 0.5154872184416934 0.4764251049536104 0.5304348538051142 0.5591978184576135 0.557868139669533 0.5731599423050235 0.5395729251307988 0.5794207032618229 0.5056033683891742 0.49265075911568657 0.4898178535509523 0.5224063993560172 0.5233563618478251 0.4289526013862708 0.42327055398105157 0.4175292120653412 0.4666815641210264 0.497459953324284 0.5207760849759492
0.5652661583910177 0.5165641292039457 0.5468225058179174 0.5420109800132326 0.552716964260504 0.4958761154639863 0.50644505264476 0.5417307989666241 0.6098277967969717 0.629273200842261 0.6172829264178903 0.5983858625907488 0.5781576881168515 0.5901851481282042 0.5934292596899722 0.5585429937294603 0.5851027302570291 0.5328571237112328 0.5236772187357224 0.48453301572629004 0.4759954927437496 0.49528635523697156 0.508373925253477 0.5098045650239826 0.5000005140032263 0.46436076072370375 0.4934017242267839 0.5445411200280862 0.5218742973883191 0.5494373331120289 0.5569304206689247 0.5804973916463279 0.5462822152575196 0.5324804081324856 0.4994458209410998 0.5276687262329685 0.5228539487356144 0.4786530303609757 0.49051859155346766 0.4966272564264457 0.4879730006317755 0.5401788719426792 0.4996684466774879
0.5371985556270212 0.5324333513865153 0.5518467818422813 0.5404361314710641 0.5437364300588525 0.48183925839249625 0.48555762546127135 0.5059523141808737 0.5652869924543724 0.5999156340671826 0.5698517652381782 0.573876925054346 0.5627219753235825 0.6046302932912209 0.5786524273165081 0.5904129587499888 0.604394909297114 0.5875420314126142 0.5530842510013915 0.5327525522836287 0.5094799066896675 0.4631898718791061 0.49589639788566375 0.4501340213447442 0.45999107657797267 0.5181256880290332 0.5469583508666197 0.5530616038920473 0.5059309440094422 0.502316398041912 0.5208488811843409 0.5306701456119571 0.5372273109966594 0.49449970725560316 0.5223319093060826 0.5064996367487243 0.5202086357067781 0.5172784093646071 0.5222956760072608 0.4818189629550828 0.49663188423312693 0.5512162104939786 0.5606034556524283
0.5990263826344341 0.5467962183918371 0.5700913888160246 0.5631000433631211 0.5595243862698751 0.5148385658459265 0.5251261309988265 0.5155563374137145 0.5530459143307138 0.5257742862899574 0.519555794525713 0.5485376278245389 0.5531518216331639 0.5683078095777406 0.610751062384029 0.5932359071162099 0.5285511111086216 0.5599738348539339 0.5319612593058749 0.5325218845443959 0.46524862823810115 0.48616827777214067 0.449425354354599 0.4859228636849561 0.48083682135492994 0.5038852627429595 0.5788018083030683 0.5475525545705914 0.5545700259420842 0.5509539140220896 0.525367696226024 0.5203899003940846 0.5446701793282486 0.5607446004375363 0.5679516872102272 0.557842189544846 0.5040397271477965 0.5395322860083968 0.49582959550573025 0.4724460687631617 0.49501694292582804 0.5187122432516982 0.5193193081252051
0.6418884706450998 0.593248804031357 0.5654973652175543 0.6082993212263854 0.5504205101461005 0.5098675426513226 0.49020319082751496 0.5033131866024646 0.5122377268756021 0.48195471823195074 0.5249485825722895 0.5377575241119075 0.5344909626137996 0.6286559013656813 0.5621407455325783 0.5432386959370014 0.5191361022390523 0.5214354580476404 0.5121777635994111 0.4680055326816963 0.42494203763706073 0.45337962241209095 0.4454491588309611 0.46236852792035715 0.4797651845334341 0.5443996085622754 0.5399079902543868 0.5675876402008553 0.5714134314580418 0.5617141002430379 0.5845152322682753 0.6029297246660931 0.5761406657604989 0.591960374683318 0.5958940159037194 0.5530228088946507 0.5548599308271899 0.529857690923966 0.4764026593085495 0.5150145327785277 0.4751810248858042 0.4846811086182319 0.46787844498406267
0.6264079018387653 0.593688770305931 0.6237108815262818 0.6035231977441379 0.577839791249417 0.5437696622003466 0.53841541831149 0.531275834944369 0.5458013420245078 0.4881720369431767 0.5292491016818672 0.561262890347796 0.5518347728767536 0.5836148607530266 0.5570016333957181 0.5480668048502045 0.5513569501080822 0.5515958960845881 0.5129238078019533 0.48426683207020393 0.4385313301921763 0.46371795007709515 0.4720446762559356 0.5132430280336602 0.5376705762808188 0.5899825706405943 0.5670015015572223 0.5810245575576385 0.5597794888434073 0.5230044661247798 0.5454382764826785 0.5843515990187804 0.5803226417757537 0.5862108770374507 0.5624778933797455 0.5350405032970968 0.5056310764168989 0.4879527526626854 0.4908374784663899 0.4994579568843136 0.44105973553632305 0.4196695089756151 0.4403418637972629
0.6813601147666926 0.6552880060263501 0.6586467768258765 0.6233238037899191 0.5994128507204883 0.6099449766553882 0.5953599355361664 0.607281883604129 0.5840386999184805 0.4994974763557573 0.5190451246247131 0.520659669517376 0.540034918922371 0.5240915512911594 0.5603308306767203 0.5878132690568493 0.5548549629065747 0.5279197146256522 0.532974749630733 0.46348788699399585 0.46107726792605797 0.47639153137565615 0.5412173799976554 0.5474033495298868 0.5703776398464737 0.6207763869576766 0.6093979454924302 0.6018593027438003 0.515173302842988 0.4899906971383531 0.4913135576061347 0.5294473701497572 0.5342067504038566 0.5581425487256149 0.513370112748566 0.539256531936185 0.4909510207592433 0.4513366914837007 0.4443310639535154 0.4857580303391018 0.4356999850450569 0.41106020039984914 0.43083315978445536
0.6854493619865227 0.677569947775857 0.6725310534424399 0.6328781264599362 0.6319268807624118 0.6485470128066012 0.6160880984055251 0.5910672201325244 0.5626972542605105 0.5252114075083103 0.5515978162343673 0.5401509269339968 0.5668160045731049 0.5792064648427033 0.5743366813277708 0.5821845881332501 0.5098796169184238 0.5499059730996287 0.5307495555459961 0.5169017208451875 0.505908959943356 0.5111269864255238 0.540512499839674 0.5151100018075022 0.558399177649765 0.5939754260321578 0.6108686452017714 0.555456211068373 0.4988140047347053 0.4823386393503396 0.4575603108190961 0.5004960406199863 0.5192660980626039 0.48469584381784897 0.4923277332241104 0.48572352033834537 0.45616758363666166 0.4406190208884252 0.4534797129279441 0.4490774213682081 0.47292261221592197 0.450324085000207 0.43649704013893603
0.7124550467997804 0.7643913027767161 0.6822521659030947 0.6738343443609723 0.6868812718354531 0.706439213603713 0.67955295475584 0.6249945385676298 0.6193960524860354 0.5728787021272386 0.5602716705215804 0.5516006433262285 0.5488499680940142 0.5823285415081518 0.5699656080600354 0.5427379460785395 0.5172849058890229 0.49710059896792325 0.510934634779872 0.5535864940894655 0.5332790376296018 0.5029308223991151 0.5038691879278127 0.5271707062424303 0.5239094349301716 0.6016769728984903 0.5770859297656732 0.5589715824968317 0.4755073518356065 0.47581298567234004 0.4790619519939993 0.464368942738375 0.5027947833105714 0.4674209120712289 0.4650969972964057 0.44834314948032267 0.43601865824106634 0.4423800760650495 0.4673143815416947 0.4644324634308498 0.4577465730777393 0.41029784263378455 0.44265471790229843
0.7564325502291698 0.7357736148417837 0.7349919157725655 0.7470820918985279 0.7545991538556801 0.6945984346602454 0.6806591917386559 0.6656564170544625 0.6614647478516822 0.6287744430402215 0.6585748701744919 0.6219011961449342 0.6285006221573018 0.654390217389452 0.5938742752958517 0.627092314778999 0.5779532815609169 0.5635241928836839 0.5400450393946016 0.5476198416812378 0.561811816390192 0.5449255457890924 0.5188473669610042 0.52694515198027 0.5119478335584328 0.5501774753175585 0.5219966459368827 0.5278787704534148 0.49346795285225914 0.5340592043042626 0.5310765570483685 0.5436985669629019 0.5180072332906225 0.5331937481536689 0.46466325893662513 0.43785776589006015 0.45282561827656215 0.453656619871822 0.5061766491969948 0.4885158431813933 0.4868893729432135 0.452979330473182 0.47095173787339517
0.800197212258364 0.7836686332834112 0.8207803448636033 0.8238808815614761 0.7885682121724928 0.7526663748410716 0.7740666432646145 0.7458674620176754 0.7510822409134508 0.7373831352482121 0.7056620858144105 0.7019243710110367 0.7042800994310304 0.7042079878791098 0.6569047882528971 0.6595549603523533 0.5848546507453348 0.543746227450622 0.525328922851811 0.5452674793273329 0.5464791242906626 0.5893082992153633 0.54921289445541 0.5206834758093204 0.5439331236180694 0.5294778477288569 0.4920606309256003 0.52254404697259 0.5196657296349668 0.549370343747856 0.5232779371450675 0.5774854938458048 0.5617697090982013 0.5492441652271012 0.48751795638104123 0.49734165790168805 0.4706225808753178 0.4636782373425659 0.48771871746793977 0.5224572380787073 0.4623138019075652 0.45008559154662375 0.4833271561888329
0.7878510987706262 0.7952544333344234 0.8318171643160535 0.830823561407431 0.8133998145922147 0.7829203886961144 0.8011065664882915 0.748265321831865 0.7597721044426152 0.7819346516525449 0.7740951199648151 0.7750513500048559 0.7533700968453224 0.69445857621781 0.6883430825252305 0.6293538141068168 0.5839083655575845 0.5720627676660144 0.5354857701406258 0.5632653142026532 0.5514197430931358 0.5688349308421239 0.5495758378320735 0.5386116274846775 0.5641698679013115 0.5388503392685515 0.5255623170901301 0.5789438601454131 0.6020639374165949 0.608133914138796 0.5641036498114457 0.5418680677830822 0.5359312096826644 0.5585037433739852 0.5143045661213349 0.47021820714700685 0.48924134716050355 0.5166152141616115 0.5481848560950773 0.5355538507572581 0.4827051949531458 0.43316845158238027 0.4702858659528127
