Raster_benchmarking/continuous/raster-443.asc
NCOLS 100
NROWS 100
XLLCORNER 1743150.3973287302
YLLCORNER 5469280.81619649
CELLSIZE 10
NODATA_VALUE -9999
[rows 57 to 75 of 100, columns 0 to 42 of 100]
0.8713755974821006 0.8820465987931388 0.8656826780461502 0.871237309303722 0.8739321314696272 0.8410039844592948 0.8683871399079217 0.8789306680945129 0.8367031148146975 0.8023608805046641 0.8219881205133498 0.7965146428505147 0.8387435624431968 0.8482200194173769 0.8514593549033794 0.8155977025110203 0.8437423107424412 0.8233225785358024 0.8470725006468494 0.8640424502704742 0.8550163940292589 0.8542242458097733 0.831017277914692 0.7790790302723855 0.7910524473228555 0.8038620833432215 0.8023551764306607 0.7428285237163249 0.7470482874071833 0.737115517351979 0.6964410334895351 0.6843181823392035 0.7031348966643064 0.6794438199523046 0.679619617347568 0.6513500219435524 0.6871722223698734 0.6946423867800137 0.6844621874039466 0.6734900155876166 0.6573089478000522 0.6387555191653195 0.6179459073221854
0.8349497736543092 0.8327292264148817 0.8492406005250092 0.8621315821203228 0.8505361765577479 0.8447393052972954 0.8155949655367153 0.8071635955410743 0.8032999504616177 0.7834331618745994 0.8325147992202283 0.856759890413541 0.870198029546147 0.8906417967061359 0.8714452076803503 0.8482731091542264 0.8366939997769192 0.8586844855082519 0.8781075658767852 0.8833403799344288 0.8780087302534866 0.8427075700859423 0.8337083279915228 0.7941572645646631 0.7859578130288226 0.8144496710226004 0.8000099461320158 0.7547389530461647 0.726799648765916 0.7145546788316036 0.6884177968988837 0.6882982745106977 0.7193665926052233 0.7325167645963868 0.6933039463899684 0.6906334826282086 0.6826611058997943 0.7107814741929744 0.6977352351214934 0.6926183245680221 0.6575679786641099 0.6351174106381603 0.6375732310060996
0.8294876048886747 0.7906888271517458 0.781426550707584 0.7983950408544974 0.7933449571442787 0.7943182529799577 0.8089912524952401 0.8121220194389543 0.7814741638538895 0.7889708939267542 0.8170927895874025 0.857940921508311 0.8522793031345555 0.9051269686767901 0.8840602062413977 0.8786741255349748 0.8627986405836908 0.8966207218736774 0.9046929499187985 0.9101919000481269 0.9032320442074726 0.8652786934463664 0.824650294435739 0.7929401853661251 0.8031714983186474 0.8369786184486467 0.8063447091773115 0.7910655404827437 0.762426403075832 0.7275731364203236 0.6937276093236291 0.6804296654330796 0.7488023420348107 0.7404780809001678 0.6973401244066407 0.707454296232484 0.7020419339423416 0.7113496050839584 0.7017586338072882 0.6918696186744927 0.6665358027095964 0.6231827220262924 0.6053216735275725
0.8049314501720859 0.7641623318602146 0.7569170636874453 0.7851768454187269 0.7508909348284674 0.7762870142041605 0.7831635664553979 0.7901966436252705 0.8055763959669382 0.8204831557387529 0.8145329520933309 0.8598394516336479 0.8591720739721576 0.8903671400865353 0.8926232119049525 0.8788075868624937 0.8970473848952809 0.8639511625421028 0.8954419561663616 0.8861012242280679 0.8731736662302672 0.8822978714062323 0.8390860358285578 0.8293608876563301 0.8252336129002614 0.8532904810466121 0.826198330106168 0.7914758202257997 0.7707587990237644 0.7437426514080127 0.730792266782992 0.7570633224187863 0.7605964241637316 0.7296707019535567 0.7343465442675171 0.7319138657857746 0.7336581228273963 0.6936400363028934 0.70675833588736 0.6644663711863181 0.6387244356137659 0.6413028248707776 0.6157401908455779
0.8254551453076383 0.7742123970209989 0.77423135933054 0.7407921665140336 0.7337135379024525 0.7504005198598761 0.7708484912106147 0.7775215693316251 0.8070892453232502 0.7885335024518297 0.7909045213617536 0.8098129939108466 0.8619528326775516 0.8884148488103283 0.8974294781825398 0.8724575618735945 0.8825551703845756 0.8582585859309922 0.8812678912800044 0.8690908923614199 0.8586015903408987 0.8647702669658077 0.8589532088611637 0.8313002704575811 0.8345672536882102 0.8346991915410252 0.8324045383450713 0.8008411145617725 0.7964440383046889 0.7371915389082404 0.7492928127344674 0.7654160423268587 0.7441877599432498 0.7629813595708773 0.7452485447780105 0.7089129242029267 0.7366013080305405 0.7097840513225188 0.6898425393686148 0.6723048178891862 0.6575349499946389 0.6526150057254505 0.6417139813218761
0.8230504616473159 0.7924658556340841 0.7833421745034371 0.7423353371443602 0.7793955137245157 0.7595163069809953 0.7504345090729291 0.791109689913617 0.8046509239519338 0.8143452030515801 0.8228679319036455 0.8286586639887233 0.8357674747605729 0.8716415310834204 0.8725225382790418 0.8659209618929932 0.8634776906288678 0.9098017307945245 0.9162111814829859 0.8818458452487556 0.8804749353249106 0.8720533777127067 0.8872705436804956 0.8671408994516537 0.8756671843700613 0.8470943903920057 0.8417698747448713 0.8358340550097108 0.7970812455610147 0.7713295086683563 0.8050095591141615 0.7655755229231349 0.7437365221463719 0.7268913499505969 0.706267765134606 0.7229605439778504 0.7335726632457654 0.7396475113918508 0.7293093138426677 0.721192500577271 0.7008377689680286 0.6602713340467318 0.650368702397573
0.8132773879770532 0.7795001999956976 0.7942758370481683 0.7640318329371494 0.753501736844505 0.780057299443911 0.7853571901802819 0.7559215378462527 0.8053716781873527 0.838052564073983 0.8551327044274176 0.836233914037193 0.8665188781938946 0.8584358000060582 0.8420403544449276 0.842124436361061 0.8699930864175257 0.9336447191805074 0.9329583579209848 0.9505559785522203 0.9215271806153243 0.9162395949844946 0.9121993407541505 0.888792484085389 0.9002824134995969 0.8771467920283811 0.8685359464117153 0.817793466338046 0.8416286945725269 0.8283346761249387 0.8247189577257561 0.804404384830465 0.7493216465804405 0.7192924354587514 0.7235151457583217 0.7009083538029823 0.7170175533520038 0.7417219810354089 0.7167890985598331 0.7131929788394981 0.7149084001189195 0.700078936019988 0.6667947307190412
0.7922506435467975 0.7825662399376501 0.7618022238227238 0.7667041876799736 0.7681402894864848 0.7527343211860429 0.7850241988469134 0.8004444326367053 0.8033991197235796 0.807946848155665 0.8508683276612702 0.8646115148131998 0.851983465815864 0.8453762939500613 0.8381421042734843 0.8431642543796364 0.8751026655169426 0.9110716927559908 0.9335983637719865 0.9271972685728065 0.9245214381526495 0.9054611129370446 0.8992995964921949 0.8992597203767855 0.9033020762383631 0.8799994707233872 0.8540945097139302 0.8582816378783739 0.854689062324478 0.8471155679494777 0.8528076077809683 0.8079136190410028 0.7789972840776016 0.7670402005583329 0.734346538951592 0.7014455334832653 0.7193318966836194 0.7270904504357694 0.7293925998774079 0.6919354847219451 0.6958368277651195 0.6609965638133329 0.642451712290561
0.7598081629580802 0.7604749080815543 0.7477645435340785 0.7875773491335848 0.7585305766481149 0.7328986117249794 0.767728067140828 0.805200550801077 0.7875687771546673 0.8088488151588541 0.8189979213558208 0.8477986191299921 0.8374645541485444 0.8287970375324356 0.8277103142354294 0.8738861181985708 0.9113914547979372 0.9301138087921349 0.9155672452328835 0.9632427471558427 0.9363292446450113 0.8749328836793165 0.8800684698786417 0.8806243167201568 0.8993950257220984 0.8880112767438051 0.8477456343768625 0.886123781794448 0.8543084594221514 0.8629697680937566 0.8809022160045881 0.8482815960611102 0.7875429540618307 0.7682068132327761 0.7335601097683886 0.6937673450610905 0.6908712182439634 0.6920312362506119 0.7092186832115854 0.6825260230491769 0.6856695266862503 0.670626175792948 0.6630994681467709
0.7279730506462296 0.744021316831713 0.7680633341029567 0.7831760113677178 0.7650102402274597 0.7624822222780553 0.8010136003505038 0.8090251648140934 0.791246597033186 0.7979035290005532 0.8173900268764058 0.8301256388905532 0.842808489510873 0.8261196132292739 0.8523598397096047 0.8594513511727446 0.8956550188152622 0.9032924793579419 0.9086301365722902 0.9297857094561442 0.9101431050471241 0.8973593252823967 0.856143203528844 0.8593672147398419 0.8807927896627681 0.8800946032826167 0.8536173510987034 0.872586144811048 0.863161619948699 0.8572147533118336 0.8700448074148357 0.8494991455445976 0.7884261929417167 0.7485252677658337 0.7467457024863178 0.7270964327951949 0.6839941098463301 0.6964093695872716 0.7019426277601024 0.7118492821567189 0.6988206894507457 0.7043631897047745 0.6689952788345837
0.7674672247602283 0.7321860380355147 0.777372753388592 0.7557714180947581 0.7652817369364656 0.7898121140218051 0.8150434360645362 0.7985681840370611 0.8319620220110656 0.831513161986416 0.8377526556914142 0.8172845742825127 0.8331120516146834 0.8333650833500212 0.8413250467305563 0.8373275146079864 0.8526346497261846 0.8649824054523333 0.9124154780896239 0.9465454936434033 0.9106245842436849 0.8830104266583523 0.8874059220676669 0.8601726946638142 0.8917735182398882 0.8782125244960658 0.8575495587221176 0.8558601392783898 0.8666588676885354 0.8641751336004379 0.8582338213050488 0.8289264736200307 0.7762801280822924 0.7581103429747335 0.7393981221363418 0.7121054377402217 0.7205639324276335 0.73286412822956 0.7032166748825032 0.6957837897354716 0.7011610888858393 0.7036401418616834 0.6732827573858966
0.7629160892920944 0.7856476136056436 0.7883128630784989 0.7841190138354793 0.8213228165532359 0.8198519976994204 0.82911778183855 0.8428302890807691 0.8620108663621439 0.8281936275469027 0.8262530818195245 0.8275486229392282 0.8795367008245677 0.8851741828482813 0.8879043960967439 0.8702214282974621 0.8572679149484356 0.8756568355861498 0.8786955880305808 0.9203726201449465 0.9222256669718482 0.9115570238960505 0.9011197676845341 0.8725531410394477 0.853324463848588 0.8940664600832995 0.8772958334588155 0.8635312556013249 0.8576334901309243 0.8356661078772649 0.8485529994281787 0.848236932439672 0.7848796779727062 0.7757611811060583 0.7439544076762068 0.6996546367592733 0.6991465752343201 0.687055320665684 0.6876239138468057 0.684966859497357 0.6752526807465056 0.6445373473707157 0.6720530058325024
0.8133111879212327 0.7746437775640014 0.7874900994110435 0.8143816322055555 0.819266099919055 0.8460248409000135 0.8734114741482751 0.8502326236317448 0.8735472637256261 0.870866552907083 0.8860370149157055 0.8687016901806778 0.9067676365318523 0.9115711618363712 0.9021507347006876 0.9291433724183731 0.907363852078504 0.8756421572946221 0.8928424363491007 0.8953387595275322 0.9261705758912172 0.9152160834129216 0.8838636266653348 0.8666646020468048 0.8692146658193379 0.8821645844668231 0.8432142458776613 0.8490523402467764 0.8560671239845586 0.836368508303265 0.8432601807130027 0.8374078765504576 0.8130440246793085 0.7649159515050804 0.7300376406192508 0.7250481180691304 0.6929306409776481 0.7184944676175503 0.6848210261382527 0.6936493051955537 0.641400543797312 0.6228792006028464 0.6318800667546961
0.8287240298168993 0.7902458427881951 0.7959892566402826 0.817273116488986 0.8701438642082289 0.8873487229574343 0.8905679240609103 0.8988798319435342 0.9125905111391991 0.8888534309907451 0.9013470919162493 0.8749827931404804 0.9020305773404651 0.8952087249025551 0.9137591961837798 0.919399107109769 0.9267944091553323 0.8735430323148509 0.9126307903600201 0.9173551465006133 0.8936072685213076 0.8907069923354209 0.8754756358632895 0.8925492788325846 0.8726955097413668 0.8647807775630146 0.827629235779338 0.82880478064038 0.8344539882472459 0.8500771307552826 0.8344135118882957 0.7862947890395585 0.7840047543063788 0.7895285342137113 0.7472455711452475 0.7473798376608073 0.7253441381583206 0.7263264122327412 0.7216682047815342 0.6991756342509874 0.66668355895879 0.6341800763878744 0.6106780231797226
0.8218480906727719 0.8237469347284578 0.8089098674488193 0.8680565243156191 0.8875319332970091 0.8848180982606398 0.9018710753837513 0.9428246194696279 0.9106289903380012 0.918898996014365 0.8992145655773507 0.9200627712436505 0.9170516492631577 0.937622036806058 0.9228133633267592 0.9668685722189168 0.9226084124938834 0.8751519555834354 0.8727270945323564 0.9081205753907264 0.9102963474793008 0.9196576702356658 0.9004654339535215 0.8716725313874631 0.8770697826255336 0.8617303709343218 0.8326966769920412 0.8104112422380979 0.8291185061814147 0.8057932995176914 0.7897803395004421 0.7759924200240159 0.8076144387935588 0.8073528295510336 0.7505735169128854 0.767798695326854 0.7299892242515255 0.7336316260736545 0.6989023713885607 0.6665568149719857 0.6343472421869066 0.6119141697367979 0.606844520314627
0.8392875845635305 0.8223919153772931 0.84015699876544 0.8725570718416342 0.8789876158471484 0.8785710460952012 0.9099414032947727 0.9206227802059403 0.9037601479195305 0.9063046182289396 0.9318729338408568 0.939057177977747 0.9715946061535712 0.958267428815875 0.959131611171868 0.9718107405962083 0.9450160254912645 0.9193387678580806 0.8811586105304101 0.906537264991385 0.897614446285842 0.8806156836096877 0.8669105321957746 0.8391141761212827 0.8641251568187136 0.8504393182718746 0.8156446896534916 0.7887135692311203 0.7982865952688472 0.8090012088196127 0.782222861612541 0.7727817563052142 0.8106974297166538 0.8115054696528156 0.7592096224114343 0.7321625575764716 0.7282645631716291 0.7284225224532059 0.6778167309419034 0.6450598908078583 0.6372707554970694 0.6087808912930509 0.5772639728836527
0.8640488749938134 0.819565228402596 0.8573494022480648 0.8650341010057594 0.8968925756058207 0.9071034746730197 0.9015086815857295 0.9004793528446148 0.9060893123367141 0.9196179226766401 0.9348428824695489 0.9754815901129005 0.9927497609686721 0.989434919631697 0.9740924686516347 0.9531115050214366 0.927545476201991 0.9143298745005152 0.8949223550407228 0.9038151041352566 0.8911876841588272 0.863275764647114 0.865658693794009 0.8403994906655311 0.8398463359942459 0.8558466084783748 0.803900754132543 0.7989354995717154 0.7866448767656634 0.7854800797113561 0.8048177632707917 0.7836979583573075 0.802797865092554 0.7973132461645379 0.7503156875837124 0.7565297204402293 0.7063778711472508 0.6772247252381088 0.6390610024728755 0.6324048213246344 0.6276638079054462 0.6282224329454561 0.5697489201336402
0.8510709203699844 0.867580631326097 0.8723682652891261 0.8899774447512127 0.9003365303276888 0.9192700571522726 0.9264802511939523 0.9170873750870538 0.8981144108531148 0.9110066527810793 0.9505374736682592 0.9572448267085659 0.9616979163596355 0.9710917015619679 0.9709415214031988 0.9739767900370355 0.9728772757622025 0.9478804264749168 0.9039491379240163 0.8983888646551428 0.8770370812521953 0.8377860615322956 0.843431090757586 0.8255597830742014 0.8380580470021097 0.8503619915179333 0.8150660691052806 0.8163164063129589 0.8165351035919491 0.8287160861050641 0.8268890154106276 0.7935998002884007 0.7731031567409837 0.7782427507245472 0.7783755680227319 0.7271244586458355 0.6897250629751388 0.6463863555242189 0.6273590128730073 0.6182481357072195 0.5735269210817742 0.5527232577904772 0.5564774233882737
0.8495524474589071 0.8863569556601318 0.9092735813581654 0.8842857500753729 0.9209662875312199 0.9027474619743036 0.8996675988217364 0.9089823371778105 0.9182229192482768 0.9082012725810662 0.9541005674957225 0.9371986253304715 0.9879593400065458 0.9875109104240858 0.9831443083195763 0.9730668690368118 0.950597070582086 0.961335336902882 0.8922830103802555 0.8724373103410125 0.8803772716063885 0.8434919257883885 0.8164104523132663 0.7971827248596085 0.7921115568357397 0.796071920601284 0.781928048103417 0.7941923396272781 0.8210287424707393 0.8299362874098506 0.8205356045950776 0.8135115177877397 0.7766124265069593 0.7750606567851913 0.7412153503856118 0.7485230491998495 0.658318918451407 0.625676402356363 0.6099391562763633 0.5587014285206005 0.5510738542252123 0.5453900966542539 0.5657732267908813
