Raster_benchmarking/continuous/raster-59.asc
NCOLS 100
NROWS 100
XLLCORNER 1743165.6251974523
YLLCORNER 5469278.329424466
CELLSIZE 10
NODATA_VALUE -9999
[rows 38 to 56 of 100, columns 43 to 85 of 100]
0.4270720686794948 0.43857557967832844 0.41280875553313623 0.39739222539687064 0.3993131693485449 0.4356344845225372 0.44843567421991753 0.46037848419112243 0.4659319718566944 0.43853324557904577 0.460957982115777 0.4598201667983803 0.46707404561083293 0.49029837653215824 0.49262137852268634 0.5368740273226149 0.569101945115744 0.5940964258029101 0.6105429961887677 0.5800847649749812 0.6074694345462736 0.6031891682675941 0.6103818914962814 0.5914934207374654 0.5634125376248558 0.5499788425274387 0.5623547172093422 0.5786974936278989 0.5866313980621952 0.5930954310550898 0.5894069078511505 0.6366597659107296 0.6740640222138709 0.6969844419957438 0.7209286616395606 0.7425300957323571 0.7454385293672193 0.7716895727806788 0.7874251483832327 0.8361807957308431 0.8737242491608054 0.9060135049044407 0.9350260330917508
0.4406624989525279 0.44424870445021286 0.4487947665592538 0.42238151153748055 0.3958630641340928 0.4372832508402694 0.4304026976631388 0.45039794580539266 0.4261417455488385 0.43756307894042124 0.4391634181279193 0.4253166847006702 0.454981343583358 0.4635577767753967 0.48016882802080957 0.5163170744997364 0.5793966677749005 0.5814436630854152 0.5988743578318235 0.5966252024419063 0.6159218980953325 0.5816380791365618 0.5684090151458954 0.5926520761698204 0.6020248473185216 0.5695535229515737 0.5839662512602503 0.5733754910318664 0.5856102364033906 0.5799009072930517 0.6086743357563852 0.6596406111485889 0.6963049382891985 0.703267802511037 0.7108753174034569 0.7553496793683862 0.7531226006520154 0.7772062244721937 0.7790533404507107 0.8263397391507407 0.8249458894414179 0.8947452328952619 0.9337905980172493
0.4078038196155542 0.4355269485899299 0.4084175407413906 0.41259343492641565 0.41390636834487815 0.43012981550399765 0.4149489755939661 0.4391826312851787 0.4201635174614912 0.426845337659242 0.40937029768153177 0.41457938325692434 0.4409311812366768 0.4622262233432201 0.4553536734763436 0.5198272395266273 0.5509412322028074 0.5424702503348505 0.57525122680802 0.5950885291112974 0.6040083212758436 0.571531603650179 0.586482141097451 0.57825464839629 0.599216640717062 0.6063627191074584 0.5936227572125907 0.5937060960810208 0.5467495835663477 0.5654073164270869 0.6114436820688961 0.6594446556439313 0.6930866501359954 0.6723323182363132 0.6914473721021047 0.7404984722669216 0.7568872727118499 0.7692816325050836 0.8023478874924505 0.8102407416894146 0.8351714385315256 0.866497013182331 0.9117840126829002
0.3915031809946885 0.3904111869790917 0.38358412705172595 0.4070772827793575 0.4329091540944305 0.43526982119334306 0.44847607513546206 0.4463981180722098 0.4498614623276477 0.4336761263539541 0.4201206342286311 0.424189104056076 0.40637786578330004 0.4519676351441291 0.43073442320876304 0.49436794561442843 0.5286943815322035 0.5207213829120398 0.5338601498875684 0.5507877475899773 0.5834174314565463 0.5986295620955717 0.6047146450817441 0.591390679452974 0.5847090896429593 0.6033283318422124 0.6014030836895784 0.5875627658257242 0.5288368292385972 0.5494403268557407 0.61341002907097 0.6564688241930965 0.6816068651239596 0.6731265641663584 0.6882224498230195 0.7336991795559707 0.7524396934155475 0.7613173060325761 0.7734640203540972 0.8190228526918071 0.8440971886774732 0.8764218492669638 0.8907501261477323
0.3874735172654022 0.3801934887944507 0.3767544882212177 0.3998037973901143 0.4400153603922287 0.4402798127088184 0.45258464319378666 0.4564497550262559 0.4510304206129636 0.4113967859077828 0.4074895467342091 0.4132121583493756 0.4253760833393179 0.4353045164411697 0.42321048682564927 0.4704069142492066 0.5198785526391715 0.5402120003027021 0.5434740546647366 0.5469981555993797 0.5314281519854561 0.5686462510622661 0.5506724822839343 0.5508416939232305 0.555741107851016 0.5587667404478416 0.5785998709829585 0.5513695439781618 0.5332781243668342 0.5468041425533411 0.5684316163139326 0.6153058238249698 0.644320405464735 0.6783887943802981 0.6681236931641867 0.6988217537895361 0.7436313890694011 0.760570055064168 0.7847911996262719 0.8072050030314925 0.8263983447045445 0.861272086316534 0.8865206751321804
0.37362334276109793 0.35730351182434195 0.37483547161299546 0.3905591052634879 0.4500329963283449 0.4595230956179598 0.47385524099466564 0.4665341936746278 0.4167207442502521 0.4345904787580941 0.40096230585996295 0.4059207766433426 0.4226694219863111 0.4071404139496978 0.4405404391596082 0.49356494575894316 0.528084337170477 0.5403373619449859 0.5345732771877052 0.5023432993551362 0.5008934179891915 0.5352315410658536 0.5365127293865527 0.5526742392616885 0.556642515817692 0.5707986428715663 0.5617040060833786 0.5589672042890411 0.5539207271619275 0.5584350270545735 0.5600200744028839 0.5985212584366091 0.6557224935374029 0.6521047139624997 0.6833448659838965 0.7128760829439865 0.7188959873866959 0.7676628715063595 0.7766800305984506 0.8054095559142163 0.8442232060621527 0.8551288200725875 0.8668689012346746
0.34889148699559763 0.35836307671560086 0.35374510569442125 0.41853986742380983 0.4174724535508292 0.443941821279219 0.4747947922950762 0.46066791903280063 0.44118495705494637 0.4273284513906545 0.40728760009326437 0.3630114824183502 0.3850767786821962 0.4157863962125934 0.41690897951994454 0.468363715564131 0.5066655466750202 0.5128663400442621 0.4997512513591046 0.4866521110376873 0.49530656546694707 0.47692237142711197 0.5015107539640596 0.5336825452510698 0.5457566162019067 0.5427617667399742 0.5281977560624672 0.5233118033012681 0.5140882104592812 0.5223313501459379 0.5840713921935357 0.625499407263395 0.6548152519243197 0.6790058868960199 0.6603974949204637 0.6832750211482056 0.7177630465697082 0.7343608990344849 0.7763133262911355 0.8232395957192962 0.8542220475863253 0.8448847162012865 0.8798650214657175
0.3337649512507655 0.35130921241730195 0.349913468014219 0.3925554225924022 0.42486770956264475 0.44643507181351233 0.44367836783832 0.42543064698003313 0.448260346632821 0.4146122684701308 0.3548410449705036 0.3233170699132685 0.3235698869597741 0.3858064730565145 0.4001967127155701 0.417211090096083 0.4588831441078298 0.4592889774649144 0.45663804252355505 0.46434663051781716 0.4694019749258528 0.45517915119031477 0.4816491406736246 0.5227489807536769 0.5428286644125987 0.526811157431914 0.5383858932638134 0.5310772366657432 0.4997896882473706 0.5386261091420799 0.5447131038010103 0.6301132300926748 0.6730822411989231 0.6655198652000633 0.6486108429270278 0.6729878895994585 0.7164652000444894 0.7607096519877916 0.7799907716304189 0.795061993397143 0.862923273460706 0.848900083290314 0.8613143922000427
0.3365534614145534 0.35592045922371573 0.34190807100656234 0.36396229541309194 0.38438355064344226 0.4061802404876647 0.4242675570318653 0.4060286302609432 0.3930427743598715 0.3738422547303038 0.3656321982486285 0.33009428019337916 0.3432346689620506 0.36480824906036086 0.3788766598529203 0.4292288164584756 0.44753771537194664 0.4434771949079186 0.42016399700865076 0.4422030754181049 0.44237808251601696 0.4499671007565421 0.4479976828391741 0.5014387395974597 0.5276680482761984 0.5566941521977119 0.5551799860663031 0.5175051416520988 0.5161211455778887 0.5266714993523155 0.5784476435692929 0.6194322563538663 0.642528841948683 0.6502822035638463 0.6391530202654985 0.6826557820591577 0.6901581367087565 0.7477590965973144 0.7661946783651841 0.7821184185876394 0.8499469616334722 0.8588656253311933 0.8587700608789121
0.35588307533678337 0.33866656748956864 0.35439640807149386 0.3417133294803584 0.3585711088877285 0.36832257863647416 0.3743052698830101 0.3951074926631109 0.37062978601620916 0.3584259910571521 0.3866754272482492 0.3530216673758521 0.32630413787533075 0.3681347810782549 0.3840508770671056 0.387099197848434 0.4113310139710229 0.3913024474467395 0.3927115538263453 0.4112119832959817 0.38713315616833444 0.4164991413706567 0.4470426758057574 0.49265195257898303 0.5186756647002454 0.5308347581393001 0.5395277947713321 0.5396981310490403 0.5644226089612724 0.5281401400596746 0.5435129265776713 0.5838598844289393 0.6428374163010082 0.6653804137630521 0.6540976480347211 0.6871311526445039 0.6996206894817001 0.7307847140827408 0.7414549058590172 0.7668899622137706 0.8266221569990571 0.8178827906741511 0.8362635441758489
0.36673603664537596 0.3583158054706219 0.34323164635434017 0.35184903859880534 0.36225342590862314 0.3813916531033973 0.3766683179236688 0.3717424507568248 0.38631731487469856 0.3569389464882336 0.36996369793932676 0.3603014828259082 0.3239042597183702 0.3540191522635642 0.33914446677703874 0.3785953778532169 0.38695544435460644 0.4051182453512898 0.36692636939922013 0.36122884894719964 0.39154952469104637 0.4048620826959029 0.42088426288614966 0.4505686303025549 0.4966058922997666 0.5044309017817086 0.5153001152824115 0.5223314577541089 0.558526650791112 0.5321107831784422 0.5582069315268425 0.580266439397723 0.6287060472073842 0.6374350400093138 0.669067447791825 0.669449935602831 0.6957655667028761 0.6902590521017472 0.7251322571767123 0.7940973674620232 0.829995369859801 0.8161736730959428 0.8486773485485111
0.37439319256321385 0.3769689429161877 0.38666625659307163 0.3421552701636473 0.3460977863905738 0.3811441424265947 0.3598365708722337 0.35069588473476004 0.3601891211836086 0.358031191596195 0.3580044966570976 0.3390109345059823 0.32608589292487755 0.31257312847193297 0.3111616828689935 0.3431138939393783 0.3862515649755836 0.38897001971151307 0.35311942477636293 0.37806127473792217 0.37040408921899576 0.3925734595000067 0.43510082321170523 0.4408120124858529 0.4493223795101281 0.46975424089050366 0.5007936814487443 0.5119189819501901 0.528251408856439 0.5424418444348996 0.5811799737503092 0.6122548774168429 0.598753216624843 0.6107508234744001 0.649292012197318 0.6665846493663784 0.6627354331670634 0.6829445646701849 0.7256896867201308 0.8019433035336145 0.8207675737269878 0.8234255694246397 0.8140740420374448
0.3700544758687441 0.35875969207631414 0.3647235252709555 0.3495710365507499 0.347832610990228 0.35397678417015616 0.3462929609217067 0.3519603166483364 0.35838681962549296 0.3362946400406844 0.32613222635733213 0.3254259658224614 0.304100989693272 0.29546057058298586 0.2974547056111099 0.3170068161069418 0.34591960142097916 0.34438566268394183 0.3410711228109397 0.3457580147570359 0.3388860801767572 0.35489295089546324 0.4117100599707576 0.44876153056494966 0.4672223528386229 0.47415350550947666 0.4898540085284545 0.5099003589482881 0.5138608071000889 0.5264244229947229 0.5823781644603697 0.6036796506584021 0.6181855758613002 0.6233056140652746 0.6650415314987763 0.6613975155596892 0.674168626303507 0.7126571157489332 0.7589302323629689 0.785897603284823 0.8287568615361504 0.8162090271572783 0.8157716942013015
0.38380703259977766 0.36719211709471894 0.35228909750605963 0.3185107584697648 0.3192063710327901 0.31750416689338035 0.3164578285554293 0.31306093767550447 0.31139164394735863 0.3555405740193081 0.34729439492636527 0.34201853120410164 0.33829207838059316 0.302194907372405 0.28563186053408535 0.2931213254520598 0.3191033035351116 0.34651770832553297 0.32419614066851477 0.3420180340280199 0.31533904009913727 0.34031357972754184 0.3863553572744882 0.41183516088818384 0.44482865803546745 0.476578250639033 0.4664650310429163 0.4696729881319909 0.4818291192363632 0.5071845989167948 0.5823847100436218 0.6246627852538549 0.6302826992467917 0.6257086163651361 0.6621282650685194 0.684804009176844 0.7021732077730448 0.7287385080997342 0.7663255300750956 0.7663438522655956 0.8322228823868298 0.8033848409831524 0.7950305781212964
0.35841339391864663 0.3342693332836717 0.31767520852705766 0.3052055658621337 0.2976592720590296 0.31748057435720406 0.3316953587398569 0.31338640441308613 0.30638464775244684 0.34456420118525005 0.3393590788666245 0.33012577241065993 0.32794844168722104 0.30087580945629755 0.2810902089492841 0.27834833723317454 0.29951762647642566 0.3168889404170741 0.31087984785931044 0.3311122129004232 0.30670200596520414 0.35190643068429905 0.39711531075139894 0.4058329287431526 0.44159365123402244 0.47012259347436663 0.48242372235971914 0.482059700213336 0.5042991387215829 0.5137225426055011 0.5582910815160053 0.6111315862456882 0.6252381341358861 0.6504132332335965 0.6578820678786209 0.6988308973535693 0.6999034240997122 0.7423447698641413 0.763308208958474 0.7648044829812217 0.8016746273211985 0.8115942954744786 0.8154506108790947
0.3224957504354172 0.3055287367542588 0.3205206474965817 0.3148820160819255 0.31758571640156147 0.3244779144146207 0.33008696752842825 0.30104044942484287 0.312412498517919 0.3639609692305002 0.3582060880762316 0.33655229704843426 0.28555475878156716 0.3130962629598641 0.279575886042139 0.2982223900029044 0.28019818981917893 0.31260645566650735 0.3139281444481393 0.31280034018424097 0.30270296217374676 0.34519795376087736 0.3812121579090428 0.4336227004504855 0.4495196027062024 0.438792023446619 0.4884087739671821 0.4846399396523743 0.48719830419808335 0.5088406123887022 0.5753810763731281 0.6103951517415209 0.622096781360379 0.646951315453622 0.6643792561499051 0.6718435015045168 0.6831981906513632 0.709739242662128 0.7312481623085053 0.776759751528348 0.8082316208314213 0.7874024160752691 0.8133522411513264
0.3332748872469507 0.3245868594709888 0.30169581597988726 0.3116356291048234 0.31028222621614204 0.3286756780772411 0.31301119146509965 0.3122792907238033 0.33792336739101925 0.3545207967114605 0.33173550982738514 0.3345554647687523 0.3386654056572017 0.32088577410878283 0.32014510689401776 0.32130747025310274 0.2950193636300774 0.2912843669917145 0.3165085235874978 0.3268407689445688 0.3294766057641861 0.36161059379375415 0.3912248279211526 0.4212150947207038 0.3985863268533204 0.42073407059569984 0.47523360854048907 0.4631626140316075 0.48943038080653534 0.547174659381494 0.5681125621010079 0.5913311462378258 0.6419258952502752 0.6484440747699389 0.6604171592175759 0.6642857775221997 0.6945288395450013 0.680140672223438 0.7318827452728397 0.7604384901769923 0.7844749211288581 0.783931894451429 0.7928215894818608
0.30519093742444586 0.3296128326907643 0.304836577627734 0.30593242403599447 0.3465902939492702 0.3085263365409706 0.3382738477557425 0.34942743523721354 0.33679577247447423 0.3329517745497561 0.35102586681770626 0.3513393454349773 0.32892471725929134 0.3174243192887799 0.32769500306319205 0.3386595027651588 0.3152760624458482 0.33079719279231995 0.33475353949021597 0.3313810439592419 0.35725629725478947 0.37399667540163983 0.3759765770279297 0.3918320305993357 0.39059741231837064 0.42263591651483645 0.43968751280304375 0.4954580754473553 0.5213295642137936 0.529632562428946 0.5645768955946137 0.575059887877233 0.6174997914115217 0.6495027606538832 0.6324954467026029 0.665934587336943 0.6662510459295017 0.7091730985788294 0.7075946416665166 0.7174321359226946 0.7373991879613525 0.7564811277430342 0.7766438950781573
0.31310771719648745 0.3139164989414411 0.3049153635664272 0.3177692265774988 0.33642032675890204 0.3084597821750681 0.3392566372646284 0.33985990717410497 0.33838227409466576 0.3075641617333095 0.32812598055988107 0.35207638736613783 0.3199804808375074 0.3199458863127521 0.29928001146435146 0.31218007052147667 0.31959883808944567 0.3495278600587917 0.33376109931896386 0.325346493621915 0.35675249903102896 0.38927418889509674 0.36936850310649993 0.37866153424703847 0.371099974491441 0.41553960118889893 0.47548987722722397 0.49735763173267866 0.5136118684203257 0.5146516174768649 0.5375660357625558 0.582428878792825 0.6040002719430556 0.6384619093765963 0.6368859249970387 0.6821347119435662 0.6756948456938247 0.7074166319147426 0.7081183171034057 0.7496836314019282 0.7437911667606161 0.7302339652423058 0.7563533715375947
