Raster_benchmarking/continuous/raster-82.asc
NCOLS 100
NROWS 100
XLLCORNER 1743159.3979880097
YLLCORNER 5469297.204932926
CELLSIZE 10
NODATA_VALUE -9999
[rows 57 to 75 of 100, columns 43 to 85 of 100]
0.6959425329600261 0.7299178738601261 0.7728421537412646 0.8232039054867418 0.8722570707805991 0.8538569324751235 0.803026267510929 0.836777461453986 0.8625126818577616 0.8652742157583709 0.8755613405070649 0.9224593450504253 0.9352973985280003 0.9308753827294671 0.8967371036424236 0.8501080094182569 0.8284299703538136 0.8197283495926684 0.807385125665677 0.8189050233543764 0.8683900980797533 0.8484449216132502 0.837866250083138 0.8104250060534981 0.8252944611430989 0.848197327076049 0.8080127750064234 0.8023118077026191 0.8009310549259836 0.7484419832997959 0.7112732464553424 0.6139196931266814 0.5747973938917764 0.5620716258599832 0.5057056296119276 0.5146414435819648 0.47996152903801986 0.49223368625590813 0.43913470358383455 0.42032453942715364 0.3808537875742398 0.41115484185831896 0.38774721697196785
0.68216242696986 0.7398449361621129 0.7767445557114451 0.8064445339940643 0.8555087447253984 0.8231173820293259 0.8009273584280572 0.8387887196100914 0.8846671642343955 0.8703417114611942 0.8596036097376067 0.9043075232765023 0.8677770373277479 0.8965861560264865 0.9134120771213503 0.8672945491803732 0.7964980803746121 0.8282529707330365 0.7954149768537728 0.8231353022062281 0.8547533596067011 0.8201611880845082 0.8215479559727289 0.8058744007079071 0.8571264214637723 0.801908135417707 0.8027926328141571 0.7670571593857863 0.7450774750205554 0.7451563562305881 0.7206721519630049 0.657478758892689 0.5529451943200248 0.5905206334338456 0.562079540518936 0.5044158972739929 0.4840865932706009 0.4555068204243973 0.45053375949406327 0.42147930524348004 0.41615948617594156 0.3845633434891461 0.39191887174788276
0.6746773929001675 0.7309239632348741 0.7295375843462683 0.7758983697063238 0.7971928409090312 0.7927592806768934 0.8113677819442683 0.8446752200648749 0.8492369036302396 0.8427556251694615 0.8768470182705798 0.8774437747425526 0.8720465550426367 0.877582434705352 0.8677675750975298 0.8616081298413074 0.7985151181350242 0.8245075617908558 0.843493040236952 0.8246449999563253 0.8389841549474403 0.8037483151718823 0.8007714034398666 0.843401158582293 0.841434921442919 0.8063995127898421 0.7762805840615914 0.7458939047353953 0.7283737781681868 0.743208860138087 0.6989909287196419 0.6208557888316661 0.5513118423287091 0.5635080393764595 0.5435802884523864 0.5293638013056208 0.5160149706537969 0.5183372970505976 0.4841882672223502 0.41264311795502484 0.39452574086264336 0.42375943792862913 0.4118260646769885
0.652433795265597 0.7000220526509722 0.7278102424167202 0.7519288058583796 0.7613644325379648 0.8021932749770605 0.8419687027903641 0.8281748371585653 0.8629098789188665 0.8631813128651736 0.8447544242951565 0.8898823319548032 0.9188823993536677 0.9098953853401427 0.8991723844260632 0.8753499201596787 0.7836703771299238 0.7916309608025393 0.8187354206088161 0.807952371207876 0.8328146880296238 0.8150710158069027 0.8204695930339148 0.8178368458324918 0.8619943117239741 0.7852825659022548 0.7839172086800729 0.7455358297226811 0.7735301330801444 0.7420423262538138 0.7192228439084433 0.6508601580319738 0.5589470167267303 0.5354709342159033 0.5226412530667945 0.5667104414788046 0.5486499166680087 0.5366494586650199 0.49217465678581485 0.4228370208500627 0.4105725029761224 0.40451837894193954 0.40525210352541496
0.6301310995565269 0.659857670154738 0.690300926728458 0.7463096369990292 0.7307740039936915 0.8004358522484866 0.7882442242556427 0.8005980109839187 0.8091457863893171 0.8156959701088101 0.8309810796187648 0.8772911946976024 0.8908870671703145 0.9003045639214771 0.8550474165300745 0.8625451808465416 0.8035850720685958 0.8223597288213552 0.7922077594882723 0.791549428650517 0.8366627891379369 0.8476844187831452 0.8222324498413384 0.8350087358156233 0.8131849866812254 0.8010653336750203 0.7500653051354279 0.7290898086426759 0.7528116791621288 0.7320217397872654 0.6787009603877346 0.6271297063378368 0.5737599310488901 0.569884583583894 0.5753850738182912 0.5543750266944628 0.5688465713321703 0.5307365671080796 0.4476273593734715 0.4088261954632838 0.3842015735510365 0.40985264720017733 0.39407343722661
0.6296316529256497 0.6254413421469304 0.6820767743925803 0.7355794632330785 0.7382560704680484 0.7868791586173038 0.8141688106726659 0.7788827949925149 0.7867378341547931 0.8343950681796465 0.8078783671458027 0.8557062258489346 0.8545222738524495 0.8624515456457242 0.8816877840762691 0.8523826393984688 0.8693702293073302 0.8287233715462077 0.7740111369310735 0.7763734949823129 0.8062426139339999 0.839489650486616 0.8048853209883075 0.8263053701667374 0.7505711700757555 0.7260095149812239 0.7271193417502234 0.7504509158353647 0.7115094951643887 0.6728091656205278 0.6134662556754611 0.5875990785576438 0.5622580806941883 0.567747218919077 0.5817048798362501 0.5532100570980255 0.5554655352374701 0.5002823964400177 0.46061182841259923 0.41731612302080917 0.38204666138409815 0.3699923057234248 0.3709566469059648
0.6432133384359133 0.6152792949637067 0.6582692064758391 0.6748130265179524 0.694819427747342 0.7587884339463382 0.7683091184471998 0.8003670119838298 0.8079366892987618 0.827339767000862 0.8492393106442796 0.8024822526858816 0.839556428173274 0.8091428151208963 0.8000656717768949 0.8420903588722155 0.8348471823502762 0.838195426618914 0.8064638741168176 0.7969770099588599 0.793887376285199 0.7806882702898914 0.8040586829778431 0.8108903460294437 0.7785551113843343 0.750144073603752 0.761221379662277 0.7278364277465446 0.6642093499043099 0.6819232973042382 0.6215435660114395 0.6103590253717843 0.6108814713085894 0.6183659798094729 0.6024384080854392 0.566134218139473 0.5412376205082691 0.5180069325628495 0.4495921391977801 0.45886779561863217 0.4447361693988597 0.4388263698639179 0.43321260135514555
0.6161611296077666 0.6235763775684451 0.6271093112917546 0.6644123192398164 0.6776061664274808 0.753238537308752 0.7764313683419609 0.7845222138487026 0.8281781969059363 0.8218619958837164 0.8423013780678515 0.8095698993023644 0.7805327812881597 0.792104834123509 0.7787934735473513 0.8072540634851972 0.8780306454854309 0.858644316086627 0.7934178570440246 0.8109496263629099 0.8116933912405879 0.8163282854796229 0.8032572792236555 0.7955658485726721 0.7622694675212728 0.749196850529683 0.7260271513218599 0.7054744679040493 0.6231162123541751 0.682816583694131 0.6718330521654816 0.6186446798424793 0.6505061410132397 0.6199846040702346 0.5831524967953527 0.5398016199128793 0.5423988450768209 0.510867999038677 0.46333266059968203 0.4389163131873302 0.4621207224217529 0.47207288853676455 0.46132718914140214
0.6452272853252561 0.6189514141279754 0.6355991307341137 0.6363769724291494 0.6671379274620934 0.7035397236195315 0.7206644487488562 0.7462307994491862 0.7714725892773016 0.8195899889138705 0.7866465902866765 0.7636338570876293 0.7283917698906279 0.7819816981388159 0.7748440293369798 0.8035279921327358 0.8250169653771006 0.8001880548320663 0.7508714449528477 0.7661405041972397 0.7777293074520005 0.759288224673507 0.7959001210985622 0.7509679547099907 0.7991977009237776 0.7789770464515405 0.7330128214762414 0.698403984720555 0.6944966619473169 0.7029397814398282 0.68109304147829 0.6274788039125921 0.588974657126946 0.5893722760763294 0.5656511429816956 0.5451353816246833 0.5348058966255379 0.49897069894911944 0.4780125853615633 0.4878191685150639 0.46402994253947466 0.4705073114959202 0.4620839849329865
0.6303062718265687 0.6180755634784664 0.6361105285632236 0.6825760537171806 0.6751833700111124 0.6631445700164242 0.6809485166709547 0.7348400640453652 0.7944731566937536 0.7999665235985781 0.7551396357033427 0.7561023572159319 0.6969667117351055 0.7015204194787832 0.7473344425089281 0.757840656981919 0.8052002486630662 0.7866208011383021 0.7662669238702694 0.7671511828002112 0.7926900110516756 0.7307955392477116 0.7485387355570949 0.7851469149308832 0.785572288290736 0.8004214085234556 0.7775355377205557 0.7501636014759702 0.7427278537473904 0.6979832534749173 0.6619897915691169 0.6226802286166364 0.6024272593209103 0.5763210143828453 0.6195809126955153 0.5366027123625707 0.5122825600041858 0.5192960698701812 0.5355869843579752 0.4683991089733399 0.4619102485381057 0.4320997768405819 0.4486006970379226
0.6381879260435974 0.6446000004855603 0.6596873931156282 0.6642602691798271 0.641187595894518 0.6466836839178842 0.6663711371732622 0.7119861543073139 0.7513909308770728 0.7423754106341274 0.7023384638506959 0.7048194293751122 0.6620193686390471 0.670434416844613 0.7160929157901598 0.7856822750997206 0.7697589153414888 0.7751560951814458 0.7677367017543089 0.7656100550337238 0.7672040665656138 0.7387799006634722 0.7615010111768669 0.746699788514134 0.7514457575032699 0.7717108316932848 0.7682684476691847 0.7506071369723979 0.7296174821264341 0.7200608572957728 0.7000130181295414 0.6597652760699977 0.6342794068940306 0.5939921527838754 0.6074386815352836 0.5873494178192794 0.5635279876943383 0.5417886285768322 0.5499662144733526 0.4820366911332342 0.4695768443209343 0.4610641698977449 0.4498867328091514
0.6739954081301632 0.6958006934418809 0.6696144217811973 0.6785600209019058 0.610823941096395 0.6608119180899715 0.7304567308584733 0.7518138958643722 0.7533195171458433 0.7115884958749846 0.6991917599083282 0.6936172161682905 0.6647289303676797 0.6636672792787942 0.6945615971142941 0.7553490431174883 0.778640408139701 0.745071572313951 0.7657821735190663 0.7793512593938744 0.7257935573639778 0.7428420252921651 0.7786830855679212 0.7405387075833026 0.7694763454420771 0.8051681503347204 0.7805472324462545 0.7775453777192789 0.7578340467465923 0.747990190985782 0.692651258699398 0.697718567186268 0.6718403018984335 0.6274714718548541 0.5856191838607188 0.5917995675747658 0.5300259544481563 0.5153437035811413 0.5520753274692988 0.5136963622379402 0.4312347054745415 0.44584228886873095 0.4052597023492645
0.6951947291728336 0.6719017226890768 0.6935797058936356 0.6598819930940151 0.6397108444177813 0.6527551208972219 0.7056951181140896 0.724564942318805 0.7233036669278882 0.753809497433705 0.7003022934028152 0.7060294962411263 0.6605413942242004 0.6787039823722452 0.6876382801813664 0.710710218452269 0.7670119168245049 0.7717255679835509 0.7692345547044306 0.7661877023725338 0.7453819594994895 0.7481274179230099 0.7420965592578362 0.7350076402474762 0.7407080529572174 0.7744917251949249 0.7766988439798368 0.7559093628090303 0.7281574134470326 0.7022416424374273 0.6798789513511956 0.7037177428348189 0.7137043343082787 0.68169574203112 0.640612140383583 0.6212992659282253 0.6008246340251615 0.5381011430979836 0.5262637255609357 0.48425480296074574 0.46292517876927886 0.38045483227665616 0.3862084249264366
0.6838020190208184 0.6994731582430594 0.7136657448335908 0.6758609870748176 0.6598395555599331 0.6957261749130611 0.7003179858572498 0.6999136435758349 0.7745838081072106 0.7577478010401281 0.7255856311133774 0.6773009728137266 0.6750214720580433 0.7300203409214808 0.7284788704925604 0.6993155643632586 0.7499871286252595 0.7666533169711232 0.7405119675074028 0.7428253634883246 0.757404913707399 0.7470589113303833 0.6821864713684869 0.7170601855325138 0.6961162144208607 0.7411360417440661 0.7641611681395792 0.7012004816778694 0.6776470340042219 0.6720617252739232 0.6769927937704936 0.6807358498231797 0.709765414862496 0.6544393966252859 0.6428445710475517 0.6412261774567654 0.6013154882362379 0.58015871401336 0.528681597240247 0.5004545360343499 0.44250981242364584 0.3827468992790901 0.35672260272329515
0.665517505797012 0.7008994816191049 0.7252679017891293 0.6619247938832731 0.6762806213594464 0.6553727125443746 0.6645102490543511 0.6927183678831008 0.7091594564682692 0.7234374341694904 0.6948281302439784 0.7153133079666779 0.6679929554898821 0.7117577262808009 0.6829895087918679 0.7217147622643657 0.7115933919341186 0.7585902070145343 0.7820644212968193 0.7696112417973092 0.7373314953754128 0.6895869868723855 0.6990327183520648 0.6913954954745635 0.6938285428248754 0.6817251394353917 0.7207388425544115 0.7070627802120623 0.6751745998683526 0.6678429029458611 0.6888541869327014 0.6734789492705321 0.6755417564704863 0.6562982280908589 0.638025062240864 0.5989147499968356 0.5677582009171972 0.570399769257748 0.5118692476644465 0.45555003088917884 0.38755924821743987 0.36968859188364533 0.36700625559578126
0.6813647813313096 0.7115577537948404 0.7007932541735733 0.6726181086956308 0.6917690963615307 0.6958848439065539 0.6837980813442013 0.7289003812938876 0.7287322055216653 0.6978280902418282 0.6770925434562456 0.7051813553736843 0.6735214266821061 0.6730713500243098 0.6514996409937996 0.7152541218599794 0.7417298241990932 0.7279340765751489 0.7468343313204838 0.6996062533099826 0.7261573447503461 0.661873155580615 0.6285986457800761 0.686959201396309 0.695755795143788 0.6460043662817588 0.6269701583750733 0.6627491974211458 0.6443226661775395 0.6547895241374443 0.6676135763868583 0.6926052537208953 0.6799531287852448 0.6857460053558636 0.6778149579389321 0.5967821382394585 0.5944110066406002 0.5559778737838281 0.4559939990387274 0.4509609377828168 0.40530296529465143 0.41797361129298155 0.3916258074417785
0.6470992008139829 0.66195535777416 0.6789337924569271 0.6782658718006125 0.6876772561079894 0.661474395897573 0.6751437698533909 0.7036240714478488 0.7121036022339833 0.6961030297445925 0.6807273783598508 0.6695370325740214 0.6500863178095635 0.6233846145102282 0.624790391721504 0.6833887838044111 0.7146809473202066 0.6707480357556731 0.6692846957365378 0.6658169775479217 0.649915075786527 0.6240569779633989 0.6047717190510856 0.627359105557714 0.662277111302549 0.6159751519447125 0.5772996524033972 0.6219832346284774 0.604493291165059 0.6589477545977455 0.6369620207686681 0.663570899337991 0.6836122332915616 0.6459903357058379 0.6133314299220324 0.6064178353256957 0.5693240893402851 0.4920128492812577 0.47139716717798114 0.42863457832664986 0.43208689107604886 0.388633157287401 0.3565575466206587
0.6199552516716267 0.6211933199970936 0.5854332113085721 0.6047546749330529 0.6342776173513994 0.6296555656177893 0.6521069882378071 0.6511336198038726 0.6729106821480271 0.6767742879464309 0.6435134515439968 0.6532323824236173 0.6145111679415419 0.6083458301091329 0.6409026164225335 0.6274421112782433 0.6432565945578934 0.6648087342867631 0.6105265663449398 0.6066564157505068 0.6512244519793049 0.60193611434257 0.5797630508462845 0.6187319333079577 0.6361489463233228 0.5780402735123705 0.5269017107643136 0.5706703881696535 0.5970766940860549 0.6037926355928702 0.6066750740242207 0.6024259012266364 0.6438640997494798 0.6079295218724516 0.6282956671319605 0.5680298035707985 0.5808985195580363 0.47841130786627395 0.4567643624289047 0.425472292868833 0.45728270627080064 0.4118641042271623 0.3753642789624291
0.5722651585824539 0.6021636269533264 0.5883502017763318 0.5752743332062951 0.54739707732527 0.5708740915457508 0.6210298747508977 0.5967352036589634 0.5912882401516311 0.6044059909167636 0.6035231064715395 0.56973502682481 0.5985003343563061 0.6170004193959693 0.6246863855342988 0.6399338023118125 0.6373946185138434 0.6469187919945433 0.5963687900726519 0.566003019754768 0.5619336784813863 0.5547124712696196 0.5667636442885793 0.6052015955130707 0.6089088674682221 0.5197145158346523 0.48568969524094746 0.5142416559093433 0.5106586279623625 0.5264611778035432 0.5285731034204131 0.5454980653130789 0.5956689353740827 0.5596060027944331 0.5732407042986859 0.5475426161001928 0.5203397854583183 0.5069425074590416 0.44790403427498404 0.4140504248940261 0.39700965142762273 0.41064574445172236 0.3497175289972529
