Raster_benchmarking/continuous/raster-378.asc
NCOLS 100
NROWS 100
XLLCORNER 1743169.053039947
YLLCORNER 5469289.729114638
CELLSIZE 10
NODATA_VALUE -9999
[rows 19 to 37 of 100, columns 43 to 85 of 100]
0.6349856490345149 0.6007465110205131 0.6589880183638427 0.6846249346329695 0.6720430608544639 0.6391471980950543 0.6150269339325011 0.5995365286481686 0.5576559144962644 0.6002022202175347 0.5576049820652307 0.5969606890585538 0.6220905133833091 0.7189904161371716 0.7316894705793865 0.7445105860234276 0.709657445726747 0.7170649438980634 0.7637341640930295 0.7765576106451578 0.7641880897245007 0.7247598598862545 0.7340808690496277 0.7217383866198614 0.7687307373703278 0.7536490569411533 0.7412990174522609 0.7138011324929026 0.7312640286646651 0.6956893168177899 0.7215640231107407 0.6963589976418179 0.7109710765093681 0.7309923081601163 0.7047106167087681 0.6648113136100622 0.6575512378133558 0.6360503720459009 0.6180744690033554 0.6255153080777516 0.665456105835681 0.6680776994204177 0.6401078256108188
0.6462469986505093 0.6699120482676819 0.670048755711437 0.6288798100894295 0.6501744076787965 0.618446574659378 0.6122550251029474 0.6207835035390613 0.6057693270307885 0.5810956505533759 0.5917206450448554 0.6104752800511021 0.6797408604677259 0.7183843632490813 0.7549115842027998 0.7319322511039091 0.7559052506066528 0.7348653149324316 0.7284993349960319 0.7412502859222017 0.7332036773442386 0.6992868598781489 0.7051108934059971 0.7497441958506939 0.7687037654902684 0.791564080928979 0.749682089303601 0.765372433621662 0.7459979432189185 0.744970584672215 0.7082660802342138 0.7062355143966791 0.6927566261813383 0.7132833569090016 0.6746995778761722 0.6462220904490408 0.6727660208577392 0.67287268960991 0.6728246907264206 0.6729839180200076 0.6184623475019716 0.6034311857802073 0.6217084717580476
0.6798524196040604 0.6570119184759085 0.6651344799058826 0.6336004462956194 0.6300638279723735 0.6097274414389892 0.6164631845113177 0.5851461570171227 0.5685518156127405 0.5574203526725052 0.6131801327172829 0.6558721006670895 0.6952067131069982 0.7137606567681061 0.7205060943198645 0.7461677867539469 0.7507733955755495 0.7070706101007963 0.7503754392852662 0.7252920787203018 0.7281840382603157 0.7054067488000983 0.7645571530297893 0.7685412252288452 0.7908582488774749 0.7764920798556978 0.7613456465573899 0.7392630396735231 0.7573160258114007 0.729528764027222 0.7171176975681662 0.7244359278093658 0.7014896889422831 0.740555063393092 0.7087621944155068 0.6681513538005134 0.6722337704393537 0.6655385620832562 0.7011529331901856 0.67243165043219 0.5970502417778798 0.5838688274963132 0.5484016157823097
0.6578623548146803 0.6299209548883963 0.6678303471373943 0.6639007581724888 0.627139799424649 0.6418056950971303 0.6469869131349331 0.6410300546910501 0.5697800761139392 0.5783663905959588 0.5849504994634109 0.6327595254218332 0.6877639861821414 0.7329292912028124 0.7381571897283623 0.7378575607699581 0.6911930472021428 0.7267414639498155 0.7117108565124372 0.6975367501140493 0.7262326521138397 0.6992296852755384 0.7556692466829124 0.7762420702241142 0.782911221967318 0.7580521061991509 0.7428901844353064 0.7156715374215751 0.7196924171924544 0.6874859982078335 0.7007033383708954 0.7184747006315975 0.6600158077326587 0.644679515800833 0.6572556083606866 0.6869523609428421 0.6645937150694226 0.6806500283300377 0.7003765345639802 0.6925108478633033 0.6111100053152585 0.6191035602653275 0.5626696106409839
0.6415771842692405 0.6541664060818441 0.665825487913765 0.6427775264643367 0.6395437196736329 0.6226260874791624 0.6639830694416659 0.6657788995894376 0.6459217177837077 0.5876840841579835 0.614494295105589 0.6499955524527731 0.6996841997833637 0.727834407120057 0.6930463124043661 0.6931103133778619 0.7146629686032561 0.694059457902943 0.6985185607806287 0.6825760666876102 0.6877742960092188 0.7196971190135824 0.7318536364862761 0.7526589831792303 0.7440124637771566 0.7161593793407273 0.7653760781671958 0.7762646014080462 0.6847304896247717 0.6532801982592835 0.6702577969731895 0.6688866716156585 0.6420730972524163 0.620808930277015 0.6512045526678322 0.6695114093403759 0.6420969199662921 0.6623457673105525 0.6658881119354599 0.670452761586748 0.6530261493179641 0.5885997424193983 0.6275197934016074
0.6103971900160471 0.6219813498719541 0.6217238859335488 0.5910250411082788 0.5982641429473827 0.6421867399263463 0.6219304494126159 0.6481876667795479 0.6612348793948981 0.6362297002821128 0.6252153101996297 0.645825635050635 0.7188485875102607 0.6669888501731691 0.6563171371184287 0.690487658120601 0.7118985166651401 0.720897021941248 0.6841625771792786 0.6479067481768395 0.6669347829330656 0.7057208264249638 0.7051624279409118 0.7194627348197108 0.7550655741695226 0.7574895097401838 0.7632902372984469 0.7392178270546154 0.6871838755492355 0.6498997216986601 0.6066147022460049 0.638285199197991 0.6511637358153429 0.6496695244127898 0.6440034369301945 0.6098045878994798 0.6292936448874049 0.6297787727510964 0.6299698465529621 0.6107250610095502 0.6139901921147092 0.6296995714149871 0.6459217937176431
0.5924330992894598 0.59183691996464 0.5794029113710912 0.619317290134786 0.627557845290843 0.6308833614131787 0.6506588372152363 0.6444457563814542 0.6375131724078913 0.6700639754878053 0.6655812883137494 0.7178341372900081 0.690837021772623 0.6718969686040567 0.6404127639340539 0.6634382589899899 0.6632164267341457 0.6799580031738444 0.6864842420041687 0.6551253529309379 0.6372370001591596 0.7050517838143815 0.7378969763728543 0.7670955035230818 0.7896280009015545 0.7671865540243366 0.7020869556672985 0.7178985948543037 0.6564138890430414 0.6209744276323479 0.5879183474415948 0.6039507015390099 0.6339374969506385 0.617659794638538 0.6529504158116222 0.6256336502661016 0.596747223847656 0.5896273173217277 0.6072073600376294 0.6440247716657096 0.6473383348214788 0.6609840354920952 0.6634509549135211
0.5824615504360047 0.5869968502922246 0.5873794414647189 0.6151389021360999 0.6266483059389156 0.6626562003947256 0.6291500194210501 0.636605981576593 0.5905226900584694 0.6363916791812957 0.6353978325007456 0.64027997383105 0.6724048163971524 0.6648558393206039 0.6298814061409923 0.6820210609493599 0.6688154483296334 0.6546551821834817 0.6706355423570468 0.6621889772889711 0.6287658119274394 0.6735033402881337 0.7295750835785693 0.7627689441058005 0.7650222082198088 0.7312665012577799 0.6911242049483398 0.6994538452454496 0.6615054349557455 0.620305376687552 0.6429814239177302 0.6138594187895555 0.6425373690132775 0.620087203779624 0.6334403477818276 0.6090248981883253 0.5904397924868406 0.5928101754429009 0.6500739028360687 0.6610865619691914 0.665362009996632 0.7025766692191174 0.6845219552651827
0.5557782227365089 0.5423962135648194 0.5915275733995807 0.6184503543223264 0.6150334974188635 0.6549705317286174 0.5879789333352667 0.5889147771970639 0.5817292875266513 0.5684762957014697 0.6331100288614265 0.6647686819780135 0.6144131639218294 0.6471293245088107 0.6605756240293063 0.6419116126038574 0.6925222640934923 0.6987272497753789 0.6394423828977446 0.6504909400394122 0.665179084093852 0.6233489375813305 0.7233134332577584 0.7244325781881771 0.7152381949872845 0.692388047914698 0.6345267002275009 0.632080799371561 0.66832075801584 0.6708448480291541 0.6949077772683472 0.6893722375853983 0.6665891516808908 0.6544338374414463 0.6171931895897506 0.6426584648381057 0.6465413104762012 0.6308015411135467 0.6557106080793677 0.6387198742577038 0.6620661478609112 0.7177224753169147 0.7626929132296941
0.6084482922684218 0.5668228243400023 0.6029564502694486 0.5858944828733149 0.6309083517646052 0.6026490326013545 0.6088238312049368 0.5618747862278201 0.5674278583765663 0.5828656981131336 0.5957872318012352 0.5863899726108892 0.5694779797518574 0.5869705463407955 0.6007583240878108 0.6351026647403071 0.640821944009718 0.6354922073557627 0.6658496721754067 0.6412659943770509 0.6574679336186773 0.6711284648567413 0.6980373030915058 0.6684468853535704 0.6693088779728572 0.6319488273069173 0.6033840456801984 0.6363920715252012 0.6575381635007878 0.6890206089477519 0.6816724298026233 0.6815257298361196 0.649500422983353 0.6718822728126187 0.6442263548995636 0.6374175801436589 0.6557514497136402 0.662317767913254 0.6565120993499433 0.6961723244573098 0.6835359218275328 0.736661938283869 0.7792072119124802
0.5742537749131321 0.5776225650355802 0.5788686419729053 0.6080806916836706 0.6144102528666177 0.601277475675026 0.6166589870422501 0.5625106454635772 0.5916864831847606 0.553159596657749 0.5782905342988517 0.5320310620534037 0.5769116155162711 0.5648975499369576 0.5543385010862839 0.5822096778944835 0.5981270165358051 0.6212497696665574 0.6199659657224498 0.6623893141951802 0.6657551504522607 0.6303567701560587 0.6603838443538775 0.6832423333408741 0.6703777088518255 0.5994352581399555 0.6180908571007577 0.6116316015185403 0.6637855506190597 0.6619074225373885 0.723952568750868 0.7333666153015065 0.7081472871248454 0.6492131047576741 0.6755546390113802 0.650198678990508 0.7007447275963772 0.7367977717054608 0.6881545483513678 0.690161680708474 0.7400166566399841 0.7854403375997075 0.7952584223646548
0.575699159943021 0.5991054947598283 0.5703097500789366 0.5450505826618819 0.5659830903630235 0.5646687081119747 0.5640641418257173 0.5635708305942055 0.582223528768893 0.5805010134162693 0.5593612861319778 0.5608578897742363 0.5658007965961377 0.5523419440819247 0.5748046845939371 0.5910022697410976 0.6057873907815806 0.6506803691454253 0.6550336124817594 0.65915040525527 0.6531118405951702 0.6683662201037417 0.6340714074003018 0.6643002695695515 0.6506230163247843 0.5978664690430883 0.6254387056468235 0.6220128913807232 0.6689172418008559 0.6823175856923542 0.7129486935018221 0.7082510075068886 0.723224849859905 0.6992978930043438 0.7189317158592097 0.742505559536903 0.7385013707209362 0.749365819869911 0.721845662147393 0.7232361159286073 0.791893546127519 0.8016667201015969 0.7553682302046019
0.574611397620659 0.5925380777376503 0.5525286272323459 0.5233954760947137 0.5476659666815515 0.6000045233262052 0.5925509791720095 0.5402068203532574 0.5969923700948581 0.5682369220715013 0.5359773933743119 0.5523245625914781 0.5553873015773687 0.5468065752433993 0.5574623125145083 0.5629872340382617 0.5911419302392124 0.6008781986968971 0.6352165012138016 0.6381492195306451 0.682528442897648 0.694713107866372 0.63722248426191 0.6556232540443231 0.6622285932685924 0.6321057199506123 0.6611269989222813 0.6864201983566245 0.6883165613609596 0.6587550888040123 0.7240865568831902 0.7129884734899774 0.7320132330408639 0.7576345491424725 0.7680165495682155 0.7519845736004758 0.7371355169234042 0.7491177702253731 0.7372417605273512 0.8139647119130818 0.7677775205461148 0.7657979396490712 0.7906658093494535
0.5787386518337275 0.5588195468042871 0.5468765798478458 0.5105294542924375 0.5289859288482268 0.5508173413956632 0.5585139790500802 0.603990438085805 0.5799449794302765 0.5778184493614197 0.5338078855320024 0.565412672150808 0.536653825263541 0.5380341571251216 0.5156481034108925 0.5633540737637401 0.5796615111682968 0.5531154081898666 0.5755870264822122 0.601414418281367 0.6908591672665114 0.7273963379355534 0.6846943732600145 0.6797253803168406 0.6620807780502276 0.6682500558190645 0.6356047113745311 0.6750924652164747 0.6506072582467803 0.6908562456253382 0.7101297033109433 0.7380491324834366 0.8065965673875525 0.7962910654391018 0.7650576324330097 0.7862676698460187 0.7630156303135187 0.765515774010698 0.7530925487656634 0.7798728341960315 0.8238944065585134 0.8335116681698113 0.7872030979928819
0.5410040905925754 0.5693985664826939 0.5689793504132633 0.5153805157138613 0.5213792887266435 0.5645483195931842 0.5775772140712783 0.6128237152969721 0.612484480748105 0.5398526456498 0.5399666371254699 0.5551169171337738 0.5694317355590615 0.49398883148371675 0.5258815973241066 0.5107294815619445 0.5342396049870171 0.564117327484083 0.5680130946685202 0.5860182926289814 0.6721858103414515 0.733066571212061 0.6894484984331066 0.6428592033515501 0.6698561826045082 0.6514630256000311 0.6653610691705694 0.6755854603530748 0.6848725012669107 0.7122024592000037 0.7427970153779628 0.8166137806834107 0.8060656618213136 0.8645550586160038 0.842997845557174 0.8135700538501367 0.7977539507626438 0.7672485246749067 0.7687359974902 0.7727177633339058 0.7859571734440174 0.8550660968427266 0.8306103787584005
0.5247625666288517 0.5373618210443178 0.5200442555671186 0.4970567974334989 0.5603575314861445 0.6158475359561446 0.6220627688012785 0.5931247933117558 0.6036109935869787 0.5767868574909614 0.5919982222017744 0.5766300731783326 0.5703070767679015 0.5449072947455482 0.5556675017926516 0.5553454760436344 0.5412627549448309 0.541398439231312 0.5619498726252922 0.6349833411273584 0.6534351556162847 0.737426893686958 0.721418526839436 0.6764572352727466 0.6834266492752373 0.6502849130604842 0.6759040971683082 0.6743370186682291 0.7304366873122263 0.734186432799283 0.7531082619338098 0.8320396412012121 0.828404332951189 0.8334693231559833 0.8379883223207467 0.8057366753160496 0.8317337614131852 0.8069548055201583 0.8380654791101075 0.8164356264776724 0.8089192369892168 0.8280735329767015 0.8569045751041652
0.4746862322180872 0.5463501351808848 0.5116081315052733 0.4919402961722841 0.533691274800019 0.588368996746424 0.5796243893077542 0.6003141314040192 0.588782032843365 0.5614900022998784 0.574333429472243 0.5933357324726477 0.5799669321731412 0.6029494286420354 0.6004204217608828 0.5665029209315715 0.5938565227921425 0.5737228787394225 0.6005126630876266 0.6155330761755442 0.6425761652738589 0.7108092576537036 0.7065260178043004 0.6910269082841424 0.6987434688888492 0.712592955434989 0.7214380680767954 0.7032971858665514 0.7243246104669576 0.7606717013906336 0.8262867538522852 0.8146421975036686 0.8306242882151466 0.9091989905105103 0.879944373751193 0.8342657819141139 0.8103952141810332 0.8504920979820141 0.8778364152492327 0.8395640753604855 0.7921448939353062 0.8111546301078669 0.8396082325249807
0.46489194807821577 0.5426973758456958 0.5540329847023228 0.5175602532650634 0.5607739867238961 0.5558859204651113 0.5709507967023815 0.5876825025184192 0.5850054673705055 0.5598361578502649 0.6149913203177079 0.6004342101697091 0.623776870809565 0.6147199990696071 0.5744242831507964 0.5736121143324951 0.598359159617963 0.5657827714950379 0.5863327700456101 0.6096084672119729 0.6669071827921178 0.7106967819498284 0.7013507590964864 0.6871418604834537 0.709935214447758 0.7185205726627746 0.7332186255342306 0.7433703168659177 0.8187633006461476 0.8242102837014454 0.845936392043996 0.8914901140629349 0.8955516736214426 0.9383833909625999 0.9394722050290978 0.8635739641275036 0.8521216898231787 0.8730697945746992 0.8611315843065628 0.8724544466467026 0.8306178389799928 0.8330536550341796 0.8434607427008248
0.439294863691696 0.5236549118882649 0.5261281737762643 0.5224618562978962 0.5417741055138603 0.5227594060739882 0.5149101313747644 0.5278056938448855 0.6079682924304413 0.6081852753541256 0.5956759734741903 0.6234063500941739 0.6223874698895553 0.5658223164847432 0.5991592305381055 0.6169786965863875 0.5660258972062078 0.6018574445200274 0.5973098615175999 0.6670461155065369 0.6649748691049383 0.7299451203210048 0.7117614401851817 0.7666287208168251 0.7716889458397811 0.7055738442702141 0.7722190860944689 0.8389683305223973 0.8508529291297942 0.922246639093683 0.8792527302476199 0.9261646783274735 0.9287218258353117 0.9592856824665783 0.9681720385694293 0.9391122838188747 0.9244124867136163 0.9143182887203695 0.8980703606501987 0.89368921497659 0.8629007711283068 0.9044764989207614 0.8717900082116995
