Raster_benchmarking/continuous/raster-174.asc
NCOLS 100
NROWS 100
XLLCORNER 1743165.5296516498
YLLCORNER 5469284.599482334
CELLSIZE 10
NODATA_VALUE -9999
[rows 0 to 18 of 100, columns 0 to 42 of 100]
0.24780089710005135 0.23391070731441935 0.25044422048980486 0.24504285279755503 0.1946229528385696 0.19682123790531164 0.19274720662155384 0.1714100438628879 0.2203898928551344 0.20517597563082585 0.20587066335461074 0.1865684639432939 0.19553527904519172 0.18698294553869177 0.16753025089485205 0.13022897849674275 0.17128295931377177 0.15587776776311146 0.1618846794707065 0.15217664585276852 0.19579378183150245 0.19067220483965647 0.17488939955514288 0.16915203035991336 0.2022666961478197 0.2088269893895809 0.24497209162210187 0.263284116823364 0.2401915885973774 0.2274003788263948 0.21346436677809982 0.2030193385851645 0.13365665259517476 0.12835581397135776 0.10482566742362683 0.06274814842560968 0.11423315971501138 0.12888370712897199 0.14025537888972484 0.19396093493647476 0.2101797887442771 0.17561710234642633 0.22640417195259968
0.20690499069751542 0.22999814270366203 0.235576052838132 0.18778454774917297 0.178712553242511 0.2190943096530858 0.1969011862582218 0.23047003298639512 0.22051137066748694 0.21965373003240116 0.21634848210249336 0.20066997996142533 0.20888509045887216 0.15214888422886175 0.12455210195497325 0.1427176731726451 0.13138709985909658 0.12288782416368077 0.15178599435262577 0.14612958462805445 0.1496975166943015 0.16535221001916395 0.19034901307230617 0.20871736763226473 0.21391466630342398 0.22103411536601067 0.24981571569138272 0.25928588083654575 0.23798506841219977 0.2021420943146968 0.1991656883187069 0.20994957494326266 0.15233804154201902 0.1404454338885646 0.12500430687357786 0.06429784038389466 0.08562418027781228 0.12581867025761487 0.15506237850607707 0.1882011297976816 0.17580788111239753 0.16361490452572078 0.1997510359583555
0.16767709876039502 0.2113661898650359 0.1773936072101741 0.16336249513495815 0.1853224014815145 0.2017558532897483 0.22250358481516153 0.25676721811515724 0.22899685744028753 0.22170468347837374 0.21522809802449322 0.22739396451563942 0.19075541733327822 0.1497940833620392 0.11358482078287234 0.10109219937446566 0.11223190100208173 0.10311219000832633 0.12490402742455872 0.15172438594398835 0.16483921424547288 0.20637811193856845 0.20969411605811406 0.24471585916347863 0.2317535010541876 0.2431148184018112 0.23460246458995293 0.23662619241688876 0.20727765576934845 0.23724727541150847 0.19061726459109954 0.18611288546621657 0.17025431925056386 0.17243290532466318 0.12936416696325626 0.05924156797961626 0.09013009153759528 0.14644341356664226 0.1685255966688082 0.14281228004679763 0.15155851356194688 0.2015185396366965 0.2541819397534094
0.17467975766761118 0.1716513642123613 0.17179065900492974 0.17891293683506834 0.13765925150822697 0.14201213779545496 0.17395574376704523 0.16765908222673662 0.18972787533897495 0.22429477301846423 0.2215347278820212 0.18551524965320287 0.18119994890073574 0.12372679743219364 0.11158230839619283 0.08627689281040077 0.10086148808879969 0.10084465771946799 0.16024316543794262 0.1922730164732758 0.21420565428681632 0.200641999598638 0.24638936856397003 0.25956906393652374 0.23552675736557047 0.20304571537450183 0.21711489146858776 0.1825295901058859 0.18458208112595695 0.18335137791887735 0.18619417120862744 0.1900009627128501 0.15447406156496435 0.14343032751759874 0.10576821836734882 0.11651285779933611 0.1177658037011784 0.12322702831735508 0.12357694777305887 0.13008416651572763 0.1675585621750476 0.1939064880575466 0.25196051878924297
0.21924139062425685 0.1943888504135732 0.16827772761080137 0.17080062859612954 0.15182133365508088 0.10327225989284634 0.14129457001881426 0.12337889318948897 0.14989444663129242 0.18869255140848365 0.21353316183908352 0.1857479793891554 0.14995436867974107 0.13575931045066794 0.14157963208176413 0.1223839012469212 0.0772224053725434 0.1025913911900856 0.16275200241508847 0.1809703741441056 0.2106050384834633 0.2146001236524984 0.1922031972428109 0.23320121402889743 0.2092431201909171 0.17875648020254226 0.15824124414569177 0.1452384825061279 0.1307776766233203 0.15202968932317262 0.1600008542212152 0.18156420714856494 0.15377893680728094 0.13878784974606836 0.12083388627440093 0.10639851815180133 0.08414329239295931 0.09671949897527253 0.16513750735260288 0.19276011268317744 0.18335552785045783 0.22965702532877666 0.2480095252831044
0.208678622908299 0.15789039386042783 0.15214244226048151 0.10542184311122924 0.10164031871202842 0.06347550909803454 0.09674624244753106 0.1036396012062334 0.11620588999264593 0.16351630105024684 0.15614002831851517 0.14664475243088484 0.11826911397517467 0.11139333732090125 0.10401905817972994 0.09595041458115139 0.08905705917403031 0.12070755495524607 0.13581326706152588 0.14221114905333354 0.15465764470265103 0.18204292069466257 0.17924075168491077 0.18811637027197037 0.1733570408302663 0.15559458576124144 0.11758485369433923 0.10189399318847937 0.11619956655412308 0.11205198128938501 0.1257178090896861 0.12304412724623702 0.1261502166597621 0.1510658578734508 0.10337909103231357 0.09851847202992318 0.10664521126765193 0.09702002098724245 0.17184443337081048 0.19540113197863193 0.2182439243415243 0.21815011619384825 0.2143471569752113
0.15068150380340314 0.15649080136235208 0.13432188079050889 0.08308820778565194 0.08231307433405316 0.04824826533884947 0.0471247384746579 0.07152731830539594 0.06493547787992401 0.10559670425287004 0.1488381626201211 0.14574934566527664 0.12749827763843463 0.11152317401631007 0.09702633369693713 0.08363553251282381 0.09951621470439974 0.10199338315102907 0.13319187449457048 0.1657120918008733 0.15925076674555957 0.12413502541595924 0.13234845082737484 0.12414285924138413 0.14941535933603334 0.10850134418974729 0.07185223361136288 0.07735915337506498 0.08626389747560811 0.12452297217858048 0.12176379419286674 0.148578780620106 0.1473000801031287 0.13754022784651737 0.08575152564144987 0.07714772621863343 0.11952630965381293 0.10167532590054254 0.1389888231564595 0.21004726508586274 0.18298927326927078 0.16499375077972261 0.2002477448571192
0.13898377957034982 0.1361767602893822 0.11539809303203055 0.10657296208100274 0.08480161493109445 0.06027482283193219 0.06441664951021561 0.027091976491999036 0.046225977930243634 0.07083088167822374 0.0958412523096399 0.09074230186920129 0.12463633465322586 0.07604129713312112 0.08613194325074264 0.0795526817605099 0.05631437268391169 0.07568621448821564 0.09784210233203855 0.14898584452627675 0.14121519735894597 0.11503344169145178 0.10240496932859872 0.12648951922608825 0.1333708632784582 0.08001639459335805 0.06720412945786683 0.046170377993738264 0.05858486779876801 0.06639992827253659 0.09295906241366025 0.09131330466003947 0.13085992419175735 0.10946556915988899 0.09592644989271386 0.07071311175046846 0.10066299957109995 0.12423274184997396 0.14102415856564887 0.1913529476435905 0.19735502242854555 0.20086500418223668 0.18882329334920747
0.1019261734269501 0.09201563668714706 0.08552612631933028 0.06381381677858784 0.07625007741033427 0.09006629164268756 0.07820971044965813 0.028002490585866454 0.060640255400180705 0.037751284825966486 0.09236798758244903 0.10363735375058714 0.09578624521834217 0.05592343996600546 0.07367162404395608 0.04832298300568776 0.06695917426075333 0.06947901643614697 0.08943804798747239 0.08917516104982603 0.12470235840120773 0.10274644063344024 0.08047028977770265 0.12656362384392614 0.1378176557634366 0.0987778045589923 0.08555348722709942 0.0586841351920634 0.08302453935223576 0.05839136981245807 0.09112763782768196 0.08707797692612623 0.1093975004421578 0.12137351990489213 0.11611746656787951 0.07596733126906897 0.14261499389961427 0.16044104021473654 0.16486039905447125 0.17546060797081703 0.17199346152575926 0.1821701697164161 0.15776373004281544
0.09792006976531992 0.10406381337900754 0.0745271540180742 0.051458371035541094 0.06430138641442354 0.080295050596005 0.06584103968921168 0.05050492675605429 0.03470476400139006 0.04624933890983038 0.07386265734749695 0.05892087747780348 0.04990412479833888 0.05046047344883576 0.049645955583140354 0.01911676655415935 0.040596975235020386 0.08405879342176091 0.08445182416145422 0.09795554062053093 0.11267716111853358 0.12303355945723866 0.09625447562774751 0.06953695521660332 0.0912801380171993 0.10712606611310713 0.09082599304700359 0.06068821413044989 0.07048106369189626 0.06634822462127195 0.06118744091820225 0.06283619838248952 0.08734394885340432 0.10589797639151258 0.06701300520855291 0.07868990083072631 0.1372395671575889 0.16830878138438277 0.18370629651016793 0.19255522596117589 0.19703509355000295 0.17565690859181757 0.19338316314143517
0.119019513484494 0.08872838706780088 0.056192512014978234 0.0859168466823863 0.09359279768915506 0.07851679944485154 0.051060818203755645 0.048427344688552414 0.0776118068896311 0.06179464494116546 0.04901133538127739 0.03896875282323906 0.01674661554744598 0.020687629119461814 0.027053817195444436 0.007527095166944734 0.04256191982460131 0.071109062636935 0.093985061518464 0.15269611422420104 0.1186859509496823 0.12266687650699723 0.08749186092722862 0.05194274925756474 0.092803892557414 0.10865175307506775 0.06323271290094412 0.042693694007372995 0.07682348661630332 0.05919333573124141 0.0549416810692655 0.04955692043646002 0.057046232140751794 0.06133912220882061 0.07401168859380536 0.08700473239574118 0.11777398229073667 0.15067779849761062 0.1911928306500297 0.1795175182322378 0.21965522889822497 0.2100210635524182 0.19905465634918534
0.09767461995542681 0.08231842924892595 0.059951154100078084 0.08176500278881024 0.07404378346964516 0.07693430454197579 0.11125499164334922 0.09944032759584574 0.08724648812015953 0.05343478907408901 0.04478193742419945 0.00986210315935257 0.014561379764800044 0.05397625966083195 0.01645649155781641 0.016240965407144575 0.07681396813569132 0.06128081741119225 0.10486558805490268 0.11501713642287051 0.10136066432118734 0.12082402327846363 0.08221261634723234 0.08843929242377217 0.08846734139984931 0.08062276249041765 0.08007343912052362 0.07766760132271043 0.09268008872365915 0.07368027840171897 0.11706897713276285 0.0903944875725986 0.125376075371802 0.12930880992668753 0.13969687310741227 0.1423556653484661 0.16325932077526034 0.18505269581132755 0.18441150216457367 0.18282732579954264 0.20222833166975726 0.17294724984408863 0.16159373561802193
0.11939277173140725 0.08413969151527793 0.07876521113581773 0.07875179866527461 0.11451499743123689 0.12013572660380728 0.1014499792879089 0.11915875298527812 0.11012751159065734 0.0726304018993206 0.021272757357380115 0.019821829375924215 0.009492304770941954 0.06751183412950951 0.04169656935945967 0.051821593092878204 0.09034694980803941 0.08171715467604133 0.08499875994755977 0.09621678369376575 0.0963184317710805 0.09770197665533033 0.07704928240660021 0.04283765809947639 0.0937794140242321 0.08626765156835664 0.0767157945859311 0.08640651623122847 0.09289186017591672 0.10841092029719678 0.09537971396496417 0.15067799086030864 0.16209202612826173 0.14879553685184488 0.15452560387844472 0.20053790023018958 0.1932896993097041 0.19497773461983386 0.1977192372961899 0.21687206964560926 0.20453045577370277 0.13706453210766387 0.19182580924516643
0.12226339320892186 0.1249873019963048 0.11263991657325204 0.0899160215059027 0.1133815368513961 0.0900504914012401 0.09560886974351192 0.0966709105890121 0.09461470984236207 0.043687561581482334 0.04210297450070828 0.02202775848435319 0.015876919039745533 0.015209627877524425 0.03893016529992308 0.08517689747106541 0.10432666587011215 0.10191908995749302 0.12163514872418628 0.15186594286105234 0.12839659459798958 0.08773747024281606 0.08200446191423463 0.07163459448415108 0.08826118512771218 0.09699580111680874 0.0919340277477969 0.10270085388892176 0.08025712208285014 0.0913470293149088 0.1121776854625058 0.1268952878801201 0.16672199454006467 0.15886295940447176 0.17295618953829753 0.19411565905529898 0.2016303707531229 0.1575785698303447 0.17601055820028186 0.17293887868149502 0.15698336855933653 0.18176565545729836 0.18846036302272798
0.1453071531516643 0.10865212754024225 0.1389074483300938 0.14735115882267788 0.11876620387930248 0.07933018300760564 0.09943601387900544 0.07342948024559263 0.052814592730917424 0.033491833350431335 0.04540379706012285 0.02248511864407894 0.0 0.03139538509898837 0.07247168286984858 0.06710537014544322 0.1092430317390726 0.11760326018507399 0.10765603384622392 0.16796803468851632 0.16388893360772222 0.0972136591292899 0.09101080881240811 0.09681211070017345 0.10692951803041521 0.11360660060814769 0.11470123503396612 0.13336889902635465 0.12215770560966656 0.09701962473217535 0.11578397941600721 0.12574670395424042 0.14401558287269414 0.14617691726939647 0.1581990411592799 0.20517942203764453 0.17837992605128858 0.15004733379924698 0.172020327898988 0.18296346060222582 0.15411264604295796 0.15382788272115652 0.17017756132371928
0.13594443051569244 0.1252027612732841 0.11928031692654482 0.11541986726937009 0.10604302251911095 0.10123946422493253 0.08042730700699686 0.07282433285128723 0.0797334138057388 0.0655718848707495 0.03345276405259549 0.04905047433178678 0.024312704563569668 0.05338303417665994 0.06554741890649476 0.07980544487200004 0.0931345690049269 0.12404301258395029 0.12782501198941987 0.14445802064686014 0.16902280143622894 0.1560191018564957 0.13100128112725776 0.1721986007744653 0.16996942203564788 0.13586603964701227 0.17428762330276443 0.14913080369698797 0.1628487088579663 0.170099954811808 0.14641381342268436 0.13288034388232065 0.16418376000803755 0.18114700259074976 0.20367870969376253 0.2326947781655964 0.21199720806841213 0.16128271360696203 0.16622097646465187 0.19536379609790733 0.18219220258044122 0.16747668231670737 0.1875105765789591
0.20764815940069797 0.17440426525439023 0.14968646166093344 0.12256758481741489 0.10441691766606387 0.11107231925655064 0.0783935650799709 0.1164826583267886 0.08977981471218836 0.07428754821752946 0.07183962080940537 0.029711871692019096 0.07494447934050069 0.06622081008042814 0.0878498257747595 0.12074002858605949 0.13127232865348845 0.12447434173870824 0.13863933287284405 0.13357409517036345 0.15687194964435908 0.18985523262835124 0.1629819076720634 0.21234125515285104 0.21284935515073408 0.1697274824347954 0.16044461238970595 0.1752428726328266 0.18458114190352592 0.19022522967556832 0.15838606555050389 0.19364528563863448 0.17978550917432282 0.19669323113486264 0.19215528847233085 0.21400785957791776 0.21998258552242345 0.18315247020890985 0.20638434781156462 0.22081154095918337 0.19040064373376683 0.23560825976097627 0.23376915323795294
0.2214234933540835 0.17847985733766075 0.16900281358699165 0.15848215850247996 0.12496852429747066 0.14114188372439804 0.11058580003793311 0.12687073907117136 0.08439994693596475 0.09485737330462266 0.0869514353891309 0.07170629269815681 0.10925454177423147 0.12316458923875352 0.10103183146566337 0.13247683366877042 0.1518973491097682 0.18231553129121147 0.15469166206494062 0.16363546782351263 0.197855119197046 0.18712429712877526 0.21601744885647425 0.2604539378790111 0.21238194810473005 0.20316958632124815 0.20350531518744971 0.24197097499019077 0.18942188436852037 0.17323121228730842 0.17474949875705847 0.2104860742076882 0.21782273159795823 0.1956019581363371 0.2139233574317815 0.17634965979739642 0.17082960319675033 0.17665086213513245 0.1762430596040433 0.21833117530274773 0.22778843291307027 0.2245940412484316 0.2747220906238726
0.2197954698650374 0.1973436818108587 0.1649176918236292 0.11824068956017922 0.12701370643617327 0.12043439271824861 0.13601052919637815 0.10608308515613485 0.12117799913959464 0.11521181387436072 0.126509025215194 0.13022153763412536 0.118129569615233 0.10928478421302534 0.11384650373191449 0.15006027395469743 0.19361342685504043 0.21329946699956584 0.1754632406403343 0.19650770512840043 0.2038651845541066 0.2478263956748722 0.2725390887440884 0.3034789930417124 0.23126578543045012 0.2534960406648702 0.24383380105686284 0.29636107736236134 0.238669381171426 0.19691556295062893 0.18817389024804482 0.2172131041453662 0.23140438604607078 0.22727505248069374 0.2199858406385411 0.18097504786417234 0.16510700020304953 0.18592722753445776 0.1620042086728982 0.15187986696723466 0.19312544445321392 0.2259288086560681 0.23553426706802247
