Raster_benchmarking/continuous/raster-74.asc
NCOLS 100
NROWS 100
XLLCORNER 1743153.9244257468
YLLCORNER 5469286.633407633
CELLSIZE 10
NODATA_VALUE -9999
[rows 0 to 18 of 100, columns 0 to 42 of 100]
0.3753137827972863 0.40456036738066725 0.3974796747638094 0.4115910433576188 0.42004161909850274 0.43080164353848094 0.43690470469846643 0.46018502683016366 0.4406581844141113 0.4645202117155716 0.512162825171203 0.551246512099558 0.5270593631686089 0.5332909563093671 0.5279413204231 0.494008275212831 0.4858179118696734 0.4591477587883585 0.49071199208406924 0.48001843869443844 0.49271155809298434 0.4522949332342553 0.44710346159382036 0.4894265431237203 0.4797304841583946 0.5086585151350609 0.49233966552607855 0.4714527927838932 0.4925108636488188 0.47755474769356343 0.47764254741777745 0.500962470021384 0.4976429491826331 0.46028271544329047 0.4472663119749325 0.42810524151427987 0.4241908581116069 0.42500579229381386 0.38994795162736506 0.4281977298321416 0.4498908591582795 0.45849169626098796 0.4379340339244691
0.3827614735304462 0.3900729712029229 0.4083257944608531 0.42259056779648874 0.3991716617278704 0.3731948983774211 0.42201356182660404 0.4156536084701731 0.4156597715665675 0.4247857719895314 0.465465345909128 0.5181300882312161 0.5124812696155502 0.5295310975011642 0.474572082583918 0.46231584471014353 0.47745538852631425 0.4604885345342665 0.4742494010114272 0.43392757443323055 0.4445626465162749 0.4801100950472361 0.47163203398705494 0.4025534318986434 0.43157130250706216 0.4509394423524839 0.483715596625108 0.49201033090692253 0.5101894382186486 0.48377350481786874 0.4429273935380385 0.4532766694981545 0.4375512257024344 0.45018210437418416 0.39501137308242523 0.3766674134781939 0.40519761403557725 0.36712564339335074 0.38646148508749784 0.39637363922042024 0.4049501179976687 0.46589252293136524 0.44785222370160704
0.3337155109113828 0.34128557068978554 0.3874428320536762 0.3626427939286831 0.3677641313258291 0.36578648701402144 0.39157951056398754 0.40986688413154265 0.4008492620685667 0.4518518043621792 0.43364757567949175 0.48169355431173994 0.4667054152700469 0.46504796935815296 0.4773828160972483 0.4697996670729543 0.43741412620774595 0.42785367926855394 0.4213862961323856 0.4621493535723237 0.4603842691250344 0.4692418613834558 0.47234581497562006 0.42348213276690694 0.44081134391339494 0.48277553268165563 0.48045588623030816 0.49679403387275695 0.4924741396179087 0.4639591501522491 0.4582190189380976 0.4163721565711011 0.4238349162602725 0.3912989308375458 0.3873642401706227 0.35937768847632273 0.3513325132337188 0.3476764322576057 0.3688469206770321 0.4004717371410284 0.4064899406358721 0.41460289350615986 0.41539589553393746
0.3179039303767561 0.2838551340537323 0.3065272660886775 0.3569139162187183 0.31719935079272543 0.346242126512084 0.37646619312928414 0.40585489492430943 0.4181493747065403 0.4474679559034445 0.422425917330138 0.40938455019131925 0.41230532932102565 0.42957022778253373 0.44286364366394354 0.4048930293151346 0.44037826236468797 0.4117970172734118 0.4461510053085177 0.4685834242153293 0.44654576826225256 0.44850421774419513 0.47372183836452736 0.4700701746812578 0.44881083423048007 0.47380629566449284 0.44070850146819285 0.43408733724859644 0.44446060327997067 0.475007352636654 0.4351511038571248 0.3827553829994635 0.3684052028469278 0.33881545520354783 0.3203965679466474 0.3209721134651689 0.35213255724664316 0.3460546967560014 0.3251654241388255 0.3591243268202494 0.38247421104947144 0.4261201509486577 0.40834443254160646
0.26546721473247614 0.2831397495543676 0.290255022744876 0.3162783609985429 0.29185080677048403 0.3154345344724012 0.35301103199531125 0.3630985205575742 0.4160244634185783 0.4022562282052692 0.3668195886429882 0.3959640322233904 0.3675192079480334 0.3667336727510996 0.3961787145018984 0.4061828268403633 0.41109780986644257 0.41331092259727964 0.41115344277778226 0.43770158478706006 0.42123076596556436 0.4291842656049938 0.42077187440766145 0.45609726142195034 0.4478230797489857 0.4282413751760627 0.4474985121746947 0.4283220219712245 0.44613345565559875 0.43081200649511275 0.41952252701562964 0.3534043812945933 0.35220725022518123 0.3225977571829425 0.31794428797918145 0.31419095373281425 0.3213896642400864 0.31111422156851243 0.32096154489354567 0.33906598709644264 0.34789915513692604 0.39508538828424733 0.39825413446991964
0.24109462163378784 0.23859166205093335 0.2694356688569667 0.25452840643133834 0.2663445002729702 0.27180650227289616 0.32426318374855617 0.37418374750541844 0.35759455794348916 0.3534465513274309 0.3523444616040919 0.3510770670645036 0.36946882744030174 0.3606320102358394 0.3786093028940921 0.4232125693231745 0.4431530362150311 0.43907078657728243 0.43476065490887894 0.4208378306106344 0.40940866026998257 0.39799765352332445 0.42078188639917097 0.39157386995315274 0.3971757505792594 0.4304952817747267 0.4424734237758403 0.4485547212034227 0.43747129596959816 0.41577005108959497 0.3949363181924843 0.34761998366578756 0.3111337435577528 0.29194012116883084 0.3205814031602305 0.3208519338290133 0.33389649110968006 0.3133331620900532 0.31922251927111744 0.32183839301738515 0.3614855008264921 0.3528532148361209 0.3778317123048102
0.25703989233243485 0.2687536975208688 0.24526659360536168 0.24045483247168617 0.27192464847779424 0.3000550398181642 0.2974852226732333 0.31234008176823447 0.33205026948422883 0.32561747809195524 0.33426961043015685 0.3462107433098019 0.3740466231149819 0.3660648852585071 0.3779529592359204 0.3882680724969172 0.4092884952035493 0.39721405633250695 0.4043762360182516 0.4013084230790317 0.38304657187834334 0.39287021498005775 0.3935766139004444 0.42007862015082864 0.40272744171095765 0.4072107237375824 0.4131451111149178 0.4361212263491077 0.4010078264279585 0.37450805080570754 0.3535087866524211 0.33887000887025104 0.3301645263712398 0.316757093668319 0.3279978016492228 0.3439798267734626 0.33519320643065087 0.35367725548905893 0.3511134811436942 0.324522511606948 0.35036546063418 0.3516143273382973 0.3951247021259212
0.261040554199018 0.2596866314009008 0.2450928178060363 0.2611628139660749 0.2630395769764557 0.26223388325392627 0.2654120812425929 0.32353682378716103 0.30098171620769804 0.32604393343003163 0.31558641756294864 0.3029901874127579 0.36814725385993397 0.40325862925286077 0.3819496181272416 0.39723068812199713 0.3834728903658252 0.3935395633612166 0.38632651753909214 0.3709974038512413 0.3897342945735049 0.4013334907930916 0.402697681818449 0.4077442812082637 0.4050180799340196 0.4122283381601076 0.4060098357626564 0.42365533563701985 0.4095584658455272 0.35517692447989513 0.3543770043405877 0.3254451108723402 0.33420073077828516 0.3018406064689722 0.3380053972340373 0.34477569322192964 0.3385165519176725 0.3402481456268674 0.35348292965684336 0.3317384518980767 0.33615988852697176 0.40047314948549856 0.37508111804020605
0.24711148066172584 0.22110748319612258 0.2149279169175476 0.23313650874071754 0.22070632441508642 0.25960061437783427 0.2688924030862606 0.2717911022271747 0.2973243998621184 0.3055181421583728 0.26964618264149026 0.28962049716416255 0.36421714161061686 0.37045802687164814 0.4071541320000713 0.43138328719342794 0.39121493392165396 0.3803293650786166 0.3973375179158972 0.3743720222413165 0.33886658844630163 0.3397721947199706 0.3840501779772769 0.36628878345386123 0.39619908227740686 0.4125583308100978 0.42787686820362486 0.40809954824999 0.37769025870629963 0.36391063068764745 0.3264069249147545 0.3107914696899973 0.32632859664960456 0.35077692023045304 0.3632127954544277 0.3559793177906933 0.33901316861133474 0.37139336425626157 0.35614575363936507 0.33457291720002313 0.35339295505697155 0.4078803130274122 0.37434164232522993
0.2769095352741157 0.2444806589774881 0.2032024160825172 0.1888721849977976 0.21799386723396938 0.23765986969023073 0.22594464288138408 0.24917117763941612 0.27869680356171916 0.24346023465874567 0.2407948277948388 0.26936075865041187 0.34584477229867217 0.4066728568997886 0.401900939937686 0.44278830089040555 0.3787643887664748 0.3941559014465127 0.3572539989069307 0.3410069495483836 0.3146999966556401 0.3194758742012028 0.3245176578014948 0.3424470482572363 0.3950896515387997 0.3920062069854226 0.40586001496078844 0.4096948980499115 0.36098365108156183 0.3269965486776499 0.34430147891333807 0.3131259754748811 0.3197593386279755 0.33961238698008467 0.38605436625023926 0.3762891995436159 0.3884776686110041 0.3924401058552867 0.37664965078356183 0.37826150499580635 0.3986931894001968 0.401377463668354 0.3599816887943821
0.28452776507157435 0.2792289954176197 0.23329428165607477 0.25292887091801514 0.2615958161793114 0.24330744789396938 0.2174190347048207 0.24015736828574158 0.2559283782385717 0.2337873570723943 0.2690645558875743 0.2851305038834741 0.3375995123708379 0.39348154691280784 0.4226041326955204 0.41673489886682813 0.38164863587883047 0.356995519759596 0.3560194095826771 0.3708944066578693 0.35051350063182174 0.3692593178122709 0.3466375161032956 0.3744855968334685 0.37034348249681315 0.3854772772717765 0.41927996605637674 0.39762690390964317 0.3830724047910478 0.369526380688348 0.3247311248586499 0.3414187071360324 0.3546002338418256 0.37154132403319545 0.397575017645021 0.4073581653425163 0.3923439734635276 0.4123555157353602 0.37154642509942326 0.3628274156022942 0.38883572766705116 0.389527725588219 0.37337764251934674
0.2918590410205372 0.2925154166953599 0.2834406187120526 0.2690920122355252 0.26806258916898823 0.2498793271175605 0.22007714648933543 0.23068034459109302 0.23888776139427215 0.224096286083124 0.272836950257288 0.2829325812208902 0.3450599931449341 0.3716388475565547 0.3642259896811699 0.36934117456294574 0.3323406354686962 0.3342524261589604 0.3288923198434688 0.34317993639272965 0.36139622595734716 0.3592989511222745 0.37710422857500425 0.39875990806082384 0.3977955040557489 0.4033290467002037 0.3992080115863225 0.3951322108301974 0.3749470279926892 0.37510601832149554 0.34057062892420936 0.3513341555968757 0.3584719006036848 0.38626031898355145 0.37970342445345606 0.43323654836462544 0.4283228600456684 0.4174256203744428 0.37505912018058607 0.35730875689170766 0.35860745288810836 0.3767745895353681 0.34977503823503336
0.3125812850334997 0.28625661884516324 0.26679967097841395 0.24907412661026354 0.24833379479990467 0.22616720959163475 0.19708124220830722 0.2171001100768794 0.19496275981549246 0.21913656593181896 0.24614570967376326 0.295655079684549 0.3156543119175391 0.34411532935893596 0.31545455369044817 0.33537063272082923 0.3298935440765844 0.3297955051540762 0.30925197014044886 0.36543002136406 0.3768436904252657 0.36380249444050644 0.35985059890133786 0.38445684617984255 0.42075584196306876 0.41869546749224096 0.3675125469675237 0.3570591943477666 0.3913620172240202 0.36785225268693583 0.38346165366315066 0.36624362608489597 0.3822902343559708 0.3773693885509785 0.39239008711831963 0.38571845842463337 0.420491863027177 0.37830294430520284 0.386238278847854 0.3806416873487176 0.3713505196987904 0.3523474811988931 0.30337039554341
0.3137088525954344 0.28566053758065574 0.2821600968452806 0.22258901946575996 0.23616823220634417 0.20263297128198163 0.18629692915889934 0.1675581210331553 0.18966877722993172 0.23904070151715384 0.26405082006821057 0.3107602103224001 0.28886209274079877 0.2998527229774029 0.28039864342681564 0.29772675165430434 0.3222524391667876 0.30372937545938017 0.3082139646785259 0.3508784006549174 0.35567380808749655 0.3779192195688755 0.37979841177810764 0.4052156700373157 0.40323403286522913 0.38171875135977096 0.3689518541753497 0.3395285141861405 0.3540698113275284 0.3957242957025529 0.3862914825378976 0.4044233034571808 0.40892172833051016 0.40693087339487943 0.4017313897003704 0.3941552084587576 0.3801613721413715 0.35640936046424576 0.3448949474414211 0.36121375973805064 0.31852125020640815 0.3144704898738371 0.25594777531097335
0.3296845075016544 0.33077409947934977 0.2981881526537484 0.25396440004621346 0.22245204744275188 0.20182379074248807 0.177176988922567 0.18681167964926992 0.21113548547062966 0.259002729778561 0.26162733746831757 0.25901705958443005 0.279270603884599 0.3140661523092083 0.30463303558203636 0.3028724254894983 0.3142443663242119 0.29090294680939505 0.30302933138874016 0.35721821761010086 0.3710394348062472 0.3877840588005809 0.3774015548601332 0.3782088775978436 0.3480603244521426 0.3491947422119653 0.363992147240947 0.33944453808647357 0.3452668217845347 0.3689083652697599 0.38677367497684356 0.38449239332630814 0.4157211171631633 0.41484929707505863 0.389344796758898 0.3505052664109351 0.3258293865877802 0.35210415279901397 0.32116836671019067 0.3322669641193167 0.2976260857873468 0.3109928263468388 0.25195362399175664
0.29834540066365667 0.32096101156397244 0.3089977836939261 0.26233232069811635 0.22406781785734667 0.1869464138256505 0.16814300290019096 0.17867830031551574 0.22777909299294924 0.2621442560308316 0.27784238495798236 0.27285962319889867 0.295207173667773 0.2830440309951651 0.2866433856093988 0.30828701450330526 0.29303745480952376 0.2988900596153107 0.3313221735630959 0.3440554193354615 0.3686104605288716 0.3638025985525021 0.35907552623067 0.34696567133927403 0.33408634867368797 0.34576571940987966 0.35131615370580915 0.33518024255773465 0.3530294193177371 0.384760982260683 0.41782697550895725 0.4005191611126265 0.40004675636297254 0.38482462457966665 0.36322820771902575 0.3439158045184152 0.3222110095290656 0.3060838045027059 0.2749452146901406 0.3002658227831344 0.26056913882763655 0.2797610586743905 0.2782480497236265
0.337159688011458 0.34322269923376975 0.2897013149636532 0.2856415771336949 0.2295598083012927 0.20003688482282644 0.1921710962349688 0.16390958122595017 0.2015057832477807 0.23330212912996773 0.28058337922551435 0.2576413834940954 0.2716118293279651 0.2820448614323971 0.27544312007895827 0.2872568623376674 0.31448782463134806 0.2968054516540451 0.30288280302239384 0.29395898439539175 0.3309971661104292 0.3152400994632446 0.3529820082934432 0.3594498332977745 0.33033438970200407 0.3546313277488713 0.346814377836984 0.32177992452799575 0.3612849520187592 0.3886219759933178 0.4081600985449137 0.40218754826726494 0.3768506894212022 0.32908408406152284 0.3159386665744927 0.2926222636620238 0.30408202758825514 0.2872000803516556 0.26857128348082654 0.27733745395299564 0.23981072889317287 0.259768743196003 0.2265214371526183
0.3670867743050624 0.3413209566609765 0.29751059964444326 0.27235304497051976 0.273204249283266 0.2680442147598805 0.23309207433226525 0.17574341191501947 0.21538678204282688 0.2521254601690575 0.29174003486890426 0.29772259051064637 0.2834835334384236 0.27838091876705073 0.27282346477615865 0.3204649237038009 0.3023802925148393 0.2747521421300423 0.29194105381339736 0.2955932046402589 0.34107528204674403 0.2994707555203114 0.31846919271326096 0.3136248045597316 0.347741933624999 0.3303982620867406 0.3527277086042256 0.3448917272704774 0.3612992021953423 0.37937555987085975 0.4014725856026699 0.3822353636750127 0.3539848677250638 0.332183986705114 0.30921770845011554 0.2909144477779052 0.30704860206913687 0.3082872378649914 0.25448713765673037 0.23354062424178032 0.2101925129900773 0.20320944185854528 0.21581531678831697
0.36264205882509937 0.3527104824861691 0.3079793293063479 0.27734496428927224 0.27006211578945677 0.2671178617554682 0.22865764313868223 0.19612500252044668 0.2122717388459597 0.25669316694281297 0.26741064170160533 0.26728690571829183 0.2749308754835019 0.2990542961861666 0.28320003374549174 0.2761192679578539 0.2723846114766976 0.30666870477658953 0.3273490985093212 0.3400146068030756 0.33714351059627 0.3456358275354299 0.3493302235859018 0.3271705955359598 0.3343999612365502 0.3316396357812428 0.33387562679266974 0.33331596776553557 0.33785680415452735 0.33903886320841875 0.36174975687091476 0.3420987180396738 0.3450650748637785 0.32014116486470306 0.319706072550625 0.2963406385601322 0.3002343624652351 0.3241980853397075 0.29706830361688985 0.26851328279513104 0.21491677299688539 0.19520412687975644 0.20446562591481396
