Raster_benchmarking/continuous/raster-227.asc
NCOLS 100
NROWS 100
XLLCORNER 1743165.6099614836
YLLCORNER 5469280.196176042
CELLSIZE 10
NODATA_VALUE -9999
[rows 19 to 37 of 100, columns 0 to 42 of 100]
0.3776160760881607 0.4329000421269661 0.4532471802905574 0.4451423543243165 0.44042786888449803 0.4266656317688493 0.37280371382159677 0.3323818508230276 0.32199925438486293 0.3522302486807646 0.3659272366265768 0.32134617773581675 0.3634228466127915 0.3203761129873195 0.3745765742354881 0.39175342287013454 0.4059257299011274 0.44265485844744834 0.41725500535275184 0.42481325803419845 0.3492226226819165 0.3282861287758235 0.3567873826021764 0.3574018332306116 0.3657388212167827 0.36201596033519673 0.34956041075407585 0.37850480747657556 0.37205609372050963 0.40315866513053916 0.4541870925244724 0.4293545916959468 0.42806037803851194 0.44115709056125546 0.4502101538376225 0.4867409859831929 0.5124963208032954 0.5040499514287609 0.5162513616557889 0.5235502197564142 0.5121902572866083 0.5044702287339382 0.4567992324109555
0.43758332114425513 0.44953340140359205 0.48210869310130927 0.49046798773102024 0.43022569120510645 0.3796040231491949 0.38067611306852056 0.34434682418366813 0.34507427742313257 0.3150117025236231 0.3389245649379576 0.37249439297965004 0.38856194019774093 0.33991342930982266 0.38497757669769533 0.35152874333031775 0.41959901346435863 0.4678189773135647 0.43316369347489436 0.3735940260489201 0.365017392424102 0.3474475845727234 0.37917784907757274 0.3828958760534773 0.37158886042073846 0.35034789828397345 0.36774470236716733 0.41901656564548045 0.4364958094470574 0.42594448068771257 0.4570296662879161 0.45480454689315425 0.46642644391459065 0.4174067662480459 0.453749506564519 0.4683708809544408 0.5400853716153438 0.5935834790349007 0.6042942931116143 0.5655847669931148 0.5891753882726883 0.5437409910271445 0.47450951760645654
0.4011964545339425 0.46050295630297416 0.4540048434921895 0.4484906643377465 0.4606320013895466 0.3918727620703063 0.3864254517393715 0.35227757126839016 0.37699235745579035 0.37481747991785697 0.35702021741478346 0.41277031923544466 0.39385776236611475 0.3915042182126727 0.36028798930482675 0.36899334485463836 0.4136055002535045 0.4467993068071831 0.4248564598559971 0.37143367949905864 0.36505936691361474 0.340188228593491 0.3776664927954801 0.43553044204320074 0.4096681506219793 0.4150546527841381 0.42768072331274826 0.46475127304945335 0.45438810326114537 0.46095492193072773 0.4408919919242967 0.48550222606551774 0.45962522915863957 0.4995257060008295 0.5456387692433 0.5662585244951546 0.546639801866137 0.6159436609517844 0.637600104340171 0.6206345837641676 0.6024563603456781 0.5562491498365695 0.5097174104838268
0.44252927812649734 0.420871463239572 0.4271860865573135 0.48175736073117537 0.47314737957911585 0.4697482525061487 0.4105576704467651 0.3979377130344137 0.37025753356392366 0.36527201973368123 0.3993733883856534 0.40613091865423595 0.39670785953443904 0.40979951845554324 0.39938816112164344 0.36291855002043666 0.43618932364084917 0.46600198996432 0.43909053237281115 0.3989136429241354 0.35973113918605354 0.35137307151698316 0.39021897005464956 0.4512831587101383 0.4634409334412693 0.4099724099227286 0.44515063384491316 0.4670029639096664 0.45689399777631157 0.4378874194220069 0.4809746632310157 0.49449873656553917 0.5399832535102643 0.5888902157208812 0.5498985077480557 0.5947637676824742 0.6034480550516871 0.6153435519329894 0.6570406960109768 0.6785206210889015 0.6190057203463318 0.5814493379076118 0.5214781464999604
0.4259461673079045 0.45428191887462566 0.4477219077901317 0.48769759328399914 0.49639617388023843 0.4851834175673863 0.4483854746903981 0.4655171137788585 0.45006157962561155 0.48686326123504403 0.46233152479106243 0.44667389671689994 0.3896269309031455 0.44316357556778935 0.41991523478791926 0.4258716957579537 0.4249348568663423 0.4173806320463732 0.4598656204573897 0.42869409319083657 0.4263204354231642 0.38204590973500807 0.45081971931841636 0.4988982343710498 0.5061278851990552 0.470882113316997 0.4882923540153993 0.4949865928371217 0.51190676764791 0.517721064984833 0.5113506566412274 0.5615523389322121 0.5749535015073018 0.5954692027322875 0.5886673055181695 0.5994188735061667 0.6452259084562155 0.6387575261046134 0.6888574222621903 0.7046588418252325 0.6810404494057715 0.6423755190878573 0.5925169592593957
0.4265813830670988 0.44577418731365476 0.45278116938623225 0.47217638142773727 0.4877461818949598 0.49909674950365235 0.5399678084177167 0.5617376890945566 0.5172035477514602 0.5378060336073711 0.5028007418231363 0.45235566640807573 0.4382150759115434 0.4190745955219534 0.4265309449151683 0.47793564651922593 0.4400324563178413 0.4476942597375427 0.4890615108133533 0.4810313898203101 0.4428077181057283 0.4290683985153503 0.5114101286187986 0.5340279486455194 0.5413086321246364 0.5323042583632802 0.5259085209998738 0.5187349494272913 0.5254157484331113 0.5390503432375112 0.5371954583153935 0.5720377348664722 0.6116531965167505 0.659152752005653 0.639704475808975 0.6196564582633873 0.6635847703453358 0.6770653798829828 0.6929303790445367 0.6724662456230397 0.7147053472898406 0.6736959504484026 0.616729332911484
0.4832668645998137 0.4573648111325839 0.4926579336583173 0.47803353582472546 0.48622345393259925 0.5348483850536295 0.5240954282352045 0.5822054727285065 0.5386140724060003 0.5146620661221466 0.525081422837366 0.5001360597337429 0.4885282750472281 0.4674087463237372 0.4935715719795433 0.4807851337996386 0.4855821895181913 0.4293033973044422 0.433372829965476 0.432223418821912 0.45653299588573604 0.47581215293275786 0.507014404592181 0.5603780347235167 0.5809946068670778 0.5308337610603742 0.5754215868202449 0.5312241787948504 0.5499120549794756 0.5714416003608646 0.5817871430203609 0.5974774504866044 0.6693052204307429 0.6904489380293432 0.6642699289898416 0.6424774804569532 0.6469372284349945 0.6500798107342226 0.639446244429265 0.648315916835923 0.6962901684509993 0.6679317217817017 0.6375176782552546
0.48815001478333314 0.4861015932516621 0.4903222168301603 0.4528394287266082 0.4820314986245392 0.5097866647191013 0.5524106358372538 0.6023446709859881 0.5897349223791425 0.5478016302678059 0.5333405315231788 0.524882640181445 0.4812260028729948 0.48682625042184197 0.5082591614698162 0.4753329202702894 0.4416490883868532 0.4574175586916382 0.48756671743009544 0.4630974176533459 0.4903157052835068 0.4695155706829931 0.5085594619137269 0.5822530061939922 0.555438069222642 0.5618772347450877 0.5521976387803424 0.5912969517878897 0.6141852681402606 0.6073041926988693 0.5957177509361478 0.6084675705342224 0.6818306564695921 0.7170691531869272 0.7191287847816272 0.6886901479042661 0.6777804929553102 0.6148130774492797 0.6533710725285872 0.6511983175214189 0.6734753976182265 0.6956419403660702 0.6782979261436247
0.4349409795878693 0.4542076434064662 0.47612008402125344 0.48756840287898573 0.48335213321411413 0.555219160983646 0.5573067218871537 0.5585093277828816 0.5748863249090505 0.5866869756083124 0.5449613405591046 0.5436860770554223 0.5456905599202135 0.5336788844701648 0.5406710998437922 0.5144083904334849 0.4779995813922012 0.48715129981783667 0.4743439657197724 0.4669255609881323 0.4683050094893607 0.4703193633550653 0.5189573724493733 0.5536865186236575 0.6095196308719073 0.6008553498353341 0.583708948615949 0.5659299089709396 0.609379054410861 0.6070328484231766 0.611501280568963 0.6361144853063756 0.7097956022028765 0.7552401295331787 0.716699217034107 0.6609816931190639 0.6759028412251377 0.6105031878027238 0.6113590947392055 0.6295218660125189 0.6474921278040418 0.6922189739266356 0.6521921123839829
0.42918907670264905 0.41968125113343524 0.43301664646316507 0.4306491597879743 0.506906364256816 0.5680085849829822 0.5802053746471227 0.5672247989157638 0.5941027911416997 0.6052375025612765 0.5609401523738309 0.581795872135566 0.5754710772230186 0.5668102243442346 0.5738480626100685 0.5413011016545258 0.48513510680752475 0.4664714920963488 0.4970502077960592 0.5221378614181852 0.5039420017790773 0.4974261013876352 0.5582503451206416 0.5483243446061945 0.6050617339261667 0.6838072634732846 0.6209321105234448 0.6086558122894618 0.5939679078296826 0.6094629757086242 0.6916762178235356 0.7154095547624887 0.755134628023995 0.7419368124324387 0.6826182726205875 0.6802305447337278 0.6459022649786491 0.6327774712744233 0.6311464406937606 0.6665506261544026 0.6832667508458683 0.6859237931022965 0.6851853699536969
0.41308747286840514 0.4798428275718257 0.4819616676358762 0.5148586275039895 0.5508068517886752 0.578763720640429 0.610113607115846 0.5900440039347584 0.6282253183033295 0.6517965344447253 0.6203534939108022 0.6131722624570639 0.5993997643939897 0.6297993089373441 0.6188165454718856 0.6048558079777686 0.5777435825847905 0.557155454094756 0.577795223814549 0.5683422136433983 0.572754750160343 0.5694573892028667 0.5546896043124668 0.5989463897852946 0.6305486991295193 0.6717140229915438 0.6670019980379237 0.6332844748991036 0.6081766645566297 0.6099159515752125 0.7030185646715631 0.7203511110045837 0.7632201149779341 0.7487529407518427 0.7138778322773451 0.6906203870029369 0.6858214110008461 0.6670495047125033 0.6384065963435441 0.6026771754120731 0.6258918572897625 0.635754369749799 0.6732177979471359
0.456170736454099 0.47651097198969833 0.48220929587572736 0.4855915380932427 0.5504217728433668 0.6454164261827284 0.6440937596884118 0.6658832609323527 0.6563110478115923 0.6743747220965592 0.6115304991357624 0.5980573771351972 0.6034627759130063 0.6208361435972539 0.630797131558179 0.6538747842960956 0.6334264045237047 0.600014546038202 0.5874563729739808 0.6153742036147101 0.5937495452157128 0.598488294932966 0.6459478862696865 0.6514599745439845 0.7032852787068306 0.7161869421800697 0.7147521684520142 0.6798483345751156 0.6417697150741405 0.6414483285916889 0.7327348053782174 0.7530408122623345 0.7600226695043313 0.7115228880348348 0.7355397316592183 0.7022668915365926 0.6855384028743928 0.6829172731062624 0.6672239721120617 0.5961152785078653 0.5812784335376223 0.5902024270757538 0.6494454587199515
0.48744732555072107 0.52207198976196 0.5238928855297603 0.5406114480091684 0.5664564019558123 0.6037571662033274 0.6464535909923942 0.6445449058222519 0.6468396194394713 0.6398421741877751 0.6440603918340265 0.6655873303990064 0.6812204433032876 0.6988852861962246 0.6627637154740317 0.6496589799959839 0.6550842750197359 0.6380028091007258 0.6588337302792842 0.669177518118488 0.6572109064904921 0.6812177013668109 0.6875523545907011 0.7306426724966781 0.7467223274542641 0.6964971534681977 0.7113538324429076 0.6906767155722865 0.7033089809828025 0.6908334015502045 0.7185506499083195 0.7379906872446074 0.7574270403478566 0.7209324131008121 0.7314551125245635 0.7217681611679457 0.7065065184149991 0.6635696386084204 0.6170849584910698 0.5961130377026151 0.5955099909557608 0.5701423986450521 0.6270886079872986
0.4908208199475955 0.5375137172757208 0.5412396995909863 0.537476799881052 0.5698941364967648 0.6397727963092114 0.6497975727534666 0.7183989519775399 0.6437933820301069 0.6238795135340911 0.6525422460703568 0.7120419061207167 0.6650299429453937 0.7007108466917642 0.7129391358248901 0.682812485449336 0.6897015412478621 0.6742556127702456 0.6741278233599601 0.670826982916459 0.7274068162282747 0.747666571250264 0.7340414871071297 0.780746107722932 0.7281837929420468 0.7380966756038223 0.74599147402806 0.776188583684591 0.7325859782696972 0.731369816637509 0.717393047522589 0.7051363783694556 0.7565318636211308 0.7908667693449541 0.730191003902416 0.7446973360785186 0.7138617046701307 0.6749546760023605 0.6534811554299595 0.5834127823360575 0.587758940050336 0.5933818720184513 0.6635540365978514
0.47765319956431684 0.5162211593844191 0.5255242737911467 0.5835153198337613 0.604330342170325 0.6634236979143344 0.6924163267216057 0.710390570732373 0.6757484003178141 0.6823874304855688 0.7286769633716805 0.7316685578377289 0.6977576484468911 0.6877896047549901 0.6832186364719613 0.6790291902211356 0.7024202198979536 0.6883211643347207 0.7252350357890553 0.7048144613640516 0.7232817077547864 0.7671028183347914 0.7702571593010694 0.7749673465373346 0.768748607757005 0.77464382272816 0.7760968347209445 0.7702935949167633 0.8154389151885222 0.7473904570726018 0.7202179422686837 0.7111994690044462 0.758197155490565 0.7311868159122221 0.7449636056789394 0.7251591486554013 0.6949495357441854 0.6677144183647098 0.6480014589798696 0.5815094995191906 0.5610073617591206 0.5839138533066537 0.6779709553097165
0.5316786554881087 0.49301727525979694 0.5524704114387884 0.6209641488473393 0.6675003606996798 0.6697670334649823 0.6797392948700915 0.7342622418134779 0.7356176451013372 0.7577605189398162 0.7272322835586248 0.7210213232702068 0.7083959259453045 0.7753022801947256 0.7197005615043912 0.7016974593879193 0.7228851635651984 0.7294100427075342 0.7035230826806943 0.762881371698471 0.792434193766203 0.8280029729496353 0.797616699986534 0.8512415241959042 0.8332331570246279 0.8208549979892322 0.8270322503522615 0.8429666968161326 0.8496406651884292 0.7937268371859392 0.7728011179921788 0.7343754628063166 0.768165601733554 0.7382646505977343 0.7304308289733158 0.7256085932007746 0.7347311219759465 0.7120643913537934 0.6241840372407099 0.6082479072341921 0.5843909213586416 0.5820237812221107 0.621753214022426
0.5387539109364371 0.5210516909347521 0.5611332694734646 0.6165537604066865 0.6421550672106917 0.6647810778504775 0.6781953427745531 0.7257158797550173 0.7414513259625618 0.7614366766865771 0.738096683041349 0.7221529996857661 0.7482731618894523 0.7899480286378092 0.7577125975583607 0.7106731791494235 0.6868605854806958 0.676472529980452 0.7219195509703354 0.7576755165508616 0.8040014754421128 0.7922701882889199 0.8201600847843835 0.8550063743610988 0.8609053377712238 0.8471075423554628 0.8614676561119948 0.841073658258258 0.8293339449283224 0.802770183055535 0.7768222712933635 0.7574514436064763 0.7658567801773002 0.7547416882589675 0.7483136403985552 0.749291280201871 0.7037094221974742 0.6999067095965519 0.6544979100582706 0.6492118229206699 0.6627173842654777 0.6515015919639436 0.6424103534377016
0.5159139795879069 0.5042254385487289 0.5424722962574127 0.5811112447624787 0.675510020033959 0.6912908309618783 0.7139008252278818 0.7222090318079658 0.706848473182511 0.7664282424681987 0.7428944719297206 0.7194179078763825 0.746389246526384 0.7638755598110202 0.7263744188029222 0.7619720312770885 0.7233200187439157 0.6506894951741419 0.734501770293214 0.7523626583743253 0.7573071576714417 0.7975029227491066 0.8315504392854605 0.9131509705025742 0.9278076897748924 0.9344191489152714 0.9030230464516762 0.8903240195228039 0.8617034416081543 0.8250637025956615 0.765144997459726 0.8257119868320693 0.7580203276856169 0.7915402925811397 0.7621639228829247 0.702749243971006 0.7135041647212454 0.7216182618805661 0.7045042284636955 0.6952273246745541 0.6817490063865156 0.6465085784902606 0.6069796962389484
0.5894719309149121 0.6123226795466842 0.6188884407279317 0.6340785818033322 0.6767921074638877 0.6792400520315698 0.6863142928564565 0.7074681021918424 0.7167861835177566 0.7165540331864493 0.7066274930227112 0.7070730619237995 0.7350223148598771 0.7458037538417757 0.7528656923241149 0.7361580172470816 0.6977826071786755 0.7055682643846252 0.7237134380312336 0.7496186045173631 0.7960386605445638 0.8383346440935635 0.8676220514207541 0.8747701237943376 0.874741615619637 0.9072403200046424 0.8937265199588431 0.8620236352829043 0.8362934805481149 0.7877640699253131 0.7609380317865415 0.7794508888631023 0.7466074073887101 0.7976008658595611 0.7668082734521801 0.7159440672937947 0.7181913380252204 0.6923684724159949 0.6963960612834829 0.6648471113115687 0.613874314950759 0.6565804834870026 0.6385072510779065
