Raster_benchmarking/continuous/raster-325.asc
NCOLS 100
NROWS 100
XLLCORNER 1743160.2663822905
YLLCORNER 5469281.387831352
CELLSIZE 10
NODATA_VALUE -9999
[rows 76 to 94 of 100, columns 0 to 42 of 100]
0.3759055471058177 0.3756391309992236 0.4320722435240591 0.425241384668999 0.40292534392817636 0.3967077649365109 0.4205075249170538 0.40562150015795456 0.4128316944735026 0.3763161164403549 0.35005623419268184 0.3783747491442619 0.3972305576080806 0.38910002877644156 0.37912509675333234 0.39701377187846904 0.386379317412944 0.3267385232762379 0.31300583707522467 0.2585885028555702 0.19639268509894314 0.19405626595623182 0.2325933562438172 0.24020319804618914 0.25591456538078383 0.23203110003429017 0.22055112699286622 0.2345696612680032 0.27301366467421484 0.28334162264232937 0.2602190582676489 0.2797807289296455 0.28559086819475027 0.31754158890487055 0.35941588873656705 0.38553489654794393 0.4106800253155715 0.4337857706547286 0.43353558413240434 0.41163728113349346 0.41016526618080945 0.4140051028269866 0.4244022562842954
0.4004651019015026 0.41758659876045306 0.414641153677081 0.4266752287733203 0.4430816542817699 0.4161211875487871 0.39394505214537334 0.418512430803395 0.4206336829749538 0.3553357016336856 0.3224250536483173 0.35152427849857937 0.32539271770805483 0.34739549136373904 0.37231303170681807 0.38913845156402316 0.3642893516306159 0.31038401233704715 0.2962231420082956 0.25331708819130905 0.19302249766921226 0.22292115704758972 0.23245615375932374 0.2309119525124824 0.25748817843060434 0.2559953982411512 0.2721506965113837 0.2586908735891037 0.2531826636554695 0.29250481058920225 0.3075729479846417 0.2827002876188705 0.2930357703025457 0.3146864128503386 0.32153389130954857 0.388194532846611 0.4069091394333051 0.4319942802745433 0.45471782085295387 0.45509490441134876 0.446226810848481 0.4120267942811127 0.4277679204668168
0.39512742435603426 0.3905292900503873 0.3632371410884356 0.38814019567568275 0.37523055767502006 0.40909225167302626 0.36713926166383376 0.39256073211653647 0.3937583671458048 0.37126520233481347 0.351885493533025 0.32938628432919276 0.33709702655142526 0.34386704060349954 0.33073947889823185 0.3448426415816191 0.342926028890776 0.32394553576634644 0.2791504113920365 0.2406271308392415 0.18246168857444522 0.18350469165641306 0.2200487248518909 0.2341155496861781 0.24850932021052594 0.2881379538436067 0.2745597999292468 0.24366745358173464 0.23487779816176152 0.2597555291712222 0.28821894825953476 0.30223672026212056 0.31974011124217083 0.3288131711833345 0.32427059084401894 0.34178801629707994 0.3927225923927679 0.4021935715986984 0.4649991562137494 0.4620748000412379 0.43370033352993453 0.4407031532570076 0.43809738770968804
0.444006140814834 0.39084820030582773 0.362323671428279 0.3573972091201935 0.3593499599914679 0.35017095518891433 0.3535235539951638 0.3408774330297419 0.37087509990327044 0.35784451405047957 0.33548983097062457 0.28937013442921133 0.2639903271496732 0.33204791775709985 0.32990272465649934 0.33832106134973516 0.29011556906400315 0.28945770632665446 0.3045641967866137 0.2786577751598702 0.20633856986955346 0.18875503911895852 0.18571381811978868 0.22333334172953423 0.26375640772718434 0.26866458794588843 0.262037916525423 0.2374218866324216 0.19089269801785616 0.257398679699794 0.2810896128417094 0.27719215800681124 0.2957020221251647 0.3219761933709165 0.3308398618466364 0.35686447652417363 0.36361496679893524 0.42187709951459557 0.45337019617402186 0.4441822065898128 0.4738632953896826 0.4567413934871018 0.42183645496800415
0.4197606416005191 0.370926589067793 0.3489490259287795 0.3410318306606109 0.377383890431383 0.37027756269063117 0.3688732317130968 0.3498177259379409 0.3416791809988228 0.3192454199682522 0.30589765095682564 0.252671644199067 0.2548863526438103 0.28791262066191914 0.28326313505056994 0.29240452742879625 0.2751755227968268 0.27540199807681226 0.2559916779012439 0.2581634524452944 0.24688278438538047 0.18721197387230953 0.20508051927556975 0.19976283420392016 0.2274102296275945 0.24548482197068075 0.23523135912896526 0.20554741667760057 0.22136107177891878 0.22716015258164132 0.22097660204598538 0.23842602176488661 0.27223890393658484 0.2703855727688019 0.3044428116687089 0.3353286367874641 0.3689530117890429 0.3865985575005646 0.4116161376174626 0.4420878955378849 0.44574118478770675 0.4174854550917262 0.45560109802241167
0.4123903180339894 0.3925192564692264 0.34109209627617054 0.3738514916190479 0.3861037868539569 0.359395235546946 0.3579724133406434 0.32349723271619446 0.26441424678522196 0.24657415486091927 0.2541198495111025 0.2568619358351792 0.23624265508445144 0.2598128529711849 0.22689617618622854 0.257244041358286 0.24614565254502202 0.24840449068335296 0.2714507793229362 0.2763497666047108 0.2353459066506176 0.24049966201881176 0.19206562560050688 0.20684495706152708 0.2133641850983846 0.22277334311058108 0.19428417042509863 0.20820461799126153 0.22980183936985854 0.20644995379642697 0.17218245866006635 0.2002148442316307 0.22134749289739256 0.2309332290653818 0.27020514571356546 0.2905935931685985 0.34738054397492196 0.33748388845214744 0.3593445170537184 0.43516912036348765 0.41471461060608494 0.4204421499925928 0.45039785759954487
0.39335102521262283 0.37037809577881836 0.34939340335933505 0.3371519039769335 0.3741923189955026 0.3232855634104717 0.32418097306526894 0.2751461297440844 0.2367110824672628 0.2341002053191557 0.25684448552425065 0.21673669847289595 0.21646319936237451 0.22362644773090884 0.25327058866158586 0.23033991987032276 0.22438742196195732 0.2727061946275215 0.27855133163222 0.25652282514556246 0.2768468913111872 0.2566608706137086 0.25215180389113356 0.22592543069842627 0.2213468445829848 0.18800197602519356 0.18505942465450878 0.2032693387072837 0.19643856574151222 0.1940157787375351 0.19489493507613387 0.18883645935152654 0.22257214144579673 0.224703125516502 0.2556155799236917 0.28706000344479454 0.34576911047384173 0.3290273351231875 0.3997625565810525 0.4259948633488835 0.42403273607733327 0.45765384106703166 0.46922403061621387
0.3454432763993576 0.32798191771227253 0.31413763630816965 0.34625166981431804 0.37454496986897773 0.2864415967343014 0.26766355509110146 0.24689007147056127 0.2042119075526222 0.19668007253672626 0.2179531273139043 0.21719374163808833 0.2269774818098127 0.2635577044430306 0.24568146705191238 0.2379985167318004 0.22521424853146563 0.2652688690991091 0.29155865069149167 0.2917565812960957 0.2838747493913073 0.2697712475531922 0.24430559761633222 0.20036417939453482 0.17366548936440324 0.18808923208187206 0.19804649479860062 0.18192512309906228 0.1896804625939862 0.16105397677668287 0.17182825461387607 0.17456456347697152 0.1674491153040516 0.23725690211655617 0.2824406131646002 0.31096974657105636 0.31698319471385844 0.35007198597022837 0.39273271739245635 0.4190421450274614 0.4545093472413068 0.4661357863746791 0.4422992422805638
0.3054998627377439 0.29773690264772956 0.2883442282348703 0.31571830191990147 0.3013697455328618 0.2611742262157225 0.25153961331278823 0.21605224193358494 0.18852345449161617 0.20853047629060953 0.17431632275340755 0.20109182874622264 0.2132668404476316 0.257826304795781 0.22873667916091917 0.22403455984472392 0.2789918057792209 0.29369526603274354 0.28861080905863495 0.25979692192632 0.23745885586488988 0.24002349779579032 0.24644046308181586 0.24245658438623033 0.17921236093796225 0.20321657034750953 0.1718455299701266 0.17178221673822588 0.17346004047870037 0.1861222224377346 0.1747672428647756 0.20800829395689524 0.19900755770641587 0.26059909487996663 0.27345140864020673 0.31185257280728784 0.34450820589212616 0.348635583941531 0.40228549630112104 0.38934690034210734 0.4136308626797216 0.43217191236108554 0.46777901216997103
0.2762959036289497 0.31146401025613213 0.3009647361535368 0.2736881110210858 0.2681499792339472 0.2373232101384532 0.23811114499193756 0.20307468425637046 0.22100280828561994 0.18586390106795866 0.17030955013251894 0.20076467094225064 0.23287183814825832 0.2103913078521844 0.24069696132653884 0.23138115911377244 0.2693271333483096 0.2626596524644268 0.2945270421612613 0.29266461057300536 0.24567310357417507 0.262201385289435 0.27133563717381276 0.2539583269413831 0.19750481157283353 0.1727440135545098 0.17978083051865734 0.15832991696312113 0.1466750384647844 0.16555361022662324 0.16745962361631786 0.1907575542014396 0.22859265360746128 0.2530112649867211 0.29017766960800984 0.30008306168751775 0.3260744606124795 0.3570392146497381 0.3752340695871458 0.39401660479715506 0.4266140805801331 0.442694138357245 0.4729610389194996
0.28862767372082937 0.27764133272702596 0.3125077324154901 0.3132324988973374 0.27569115032357816 0.24594577120302255 0.24258258047621428 0.2328312038083835 0.239987554776382 0.21540612924797137 0.19047561809045338 0.21747789951754046 0.23161674652478323 0.21368965310979124 0.21438532185447856 0.2503357555119855 0.2721623074362255 0.2850664854091231 0.2634140087400323 0.27326098171610874 0.2803774783420432 0.2626641566551207 0.24551907522559333 0.25079005466712845 0.22341792657771192 0.2076190408118184 0.19898325761887395 0.1748927875303187 0.1544590915751322 0.18079373307245464 0.19085297660059708 0.2458453871479738 0.26784787114963887 0.29873199410187373 0.31616563778981727 0.2999814695085156 0.3386802925058272 0.3396873232902445 0.36996628473445364 0.38607954636659825 0.4110460137056121 0.4349424125209551 0.42492214308592247
0.2835409404310427 0.26002882225272655 0.3163887843317781 0.31655728603447186 0.3227482165702112 0.27465704409229474 0.22493921199393382 0.1908704808703754 0.1951686764780076 0.18748846401628932 0.21508797595693427 0.17624762369038874 0.1804555903533044 0.20071031163590164 0.2519813356791983 0.2476602794985119 0.23593202648929457 0.25305437626023375 0.28544293950487654 0.28443621997371443 0.2659561335493802 0.2238158165277405 0.22525077154065773 0.2270428043359404 0.22426692060881254 0.22464497355557944 0.18908122895159435 0.18018974462459272 0.19526771976233595 0.17800762850899102 0.22238501087059961 0.26589163136999827 0.2888788608148752 0.3331751331980107 0.3313645079042915 0.348190769041713 0.3264812872987005 0.3612082310944064 0.38592957678417683 0.38749912782015855 0.43906498086250817 0.3969460027957215 0.41787798656800934
0.2853705620592604 0.2564636886294653 0.3057155120234236 0.3168903002683268 0.29614819399694814 0.24463939169356552 0.21203968893848482 0.21124333327460443 0.23339506060421605 0.18289933103741057 0.19827939802677835 0.19580848198290007 0.2188405441076264 0.1952263020368491 0.20215197860087714 0.2350748050469337 0.23415333504215788 0.23074420099572587 0.2710526341416607 0.24589749224383953 0.25788934932051055 0.22317492935461825 0.23018830343239066 0.21077334966981343 0.1870333750088531 0.1889975258056824 0.16452446468833337 0.19645444535234247 0.21068986715919819 0.21694414047622843 0.21714922857270627 0.27440115001380927 0.2963729038908824 0.34459346122107665 0.3505083198361796 0.3455227227180384 0.3635353637117051 0.3704175169402634 0.36950870237666605 0.3754986547617664 0.41007256923309987 0.39372923710406094 0.3735450493305563
0.26372143941925147 0.24752528725202685 0.25985756857641157 0.26561021248559985 0.27132920049688575 0.23926105707082337 0.25930431183026986 0.25310108579869056 0.25069820616172306 0.20656167041893056 0.15417808763008084 0.1960024318382339 0.2014243852116694 0.19386838713837973 0.1912640669017114 0.22224329498054995 0.2445913677177126 0.23412240134008458 0.2484000662872815 0.2698539734315054 0.27300321479399847 0.2506797405197786 0.2117517065712997 0.20207763873145446 0.18373700873450532 0.15813867625082012 0.1752211784472849 0.19636398470861408 0.21040721191132947 0.2055680130658105 0.22459952346441173 0.28369346745399876 0.3191072413622857 0.34866260697300777 0.3403249214105456 0.32302111033613806 0.337558327103998 0.3280945730593715 0.3514784194421327 0.3456801826523782 0.34137766174484785 0.3599647904459633 0.36729099921651903
0.28660149078583524 0.2470553644874447 0.24429611583400426 0.2564063553490244 0.2659350273960462 0.24796012705534065 0.24235841006230002 0.22273323900812786 0.22212726537455849 0.21347881296447602 0.15927112982237498 0.1894097899263379 0.21123320631761935 0.21757894247539628 0.23855344893933736 0.2334959329208551 0.28755552378331417 0.30651382767417146 0.3141908650229511 0.3090478752975066 0.2988441707978598 0.24456939651565246 0.22524959540557946 0.1581790600788122 0.1523851002310659 0.14615017649992917 0.15229134351733478 0.18139376240760988 0.19652899056240752 0.2154423308784014 0.2121399152239955 0.2803807151599892 0.2856649782002956 0.31963512061880556 0.3017230058479383 0.34106148485635895 0.33205798919295443 0.3166354401616763 0.33786653455791327 0.3413605945455403 0.34041880303420174 0.34017546326518766 0.36270042360331683
0.2937420205362822 0.2576939258204836 0.24116626425430202 0.219643315163646 0.2239198397996789 0.22827897668728198 0.243266386075397 0.2313405899251894 0.23251352898623381 0.20800441909486544 0.1820819502023059 0.18314750747781178 0.18142937857039523 0.2202614203003492 0.21495092016882267 0.24411350804911133 0.32773293373080997 0.29288312874871814 0.3262123864745467 0.2932024383979853 0.31580510573904175 0.2795819487648567 0.2070180625630784 0.17123811943147915 0.1272732583906782 0.13467816425054466 0.13630973908452174 0.13934494318268692 0.13562066408477025 0.1722836776255557 0.2260141273122208 0.2694888438057248 0.2606502354770348 0.27013370299026 0.30989046351393973 0.2976972072032545 0.30911001601399896 0.31338051003335365 0.3395031332831396 0.3439287694180426 0.36894492461202427 0.3507226690912862 0.353642028626891
0.31588169678431127 0.29365796089851803 0.25565088658285057 0.25069602820988063 0.2544243657401747 0.23219533737512404 0.2548657470183381 0.2274308224507939 0.20900508186174838 0.21185513049566107 0.2070996709588712 0.19785311676035208 0.20418982254373486 0.22462400862740672 0.24075905885164894 0.24653242216165122 0.30251205046878726 0.3095208505819605 0.2934934436432608 0.31595583582568154 0.3287854225714103 0.30274983718531245 0.24940156816381773 0.21723064737823863 0.1736065167601034 0.1508052826634379 0.18892592791224921 0.19241249529600268 0.19629581116261793 0.21080635449204121 0.2076876031974593 0.2554730143360785 0.23319367382595838 0.25856874547120884 0.2747162007885112 0.30524202126196187 0.35608213837284586 0.36591167631437915 0.37755214875753657 0.36397050051788726 0.3776735330948171 0.3629221723056589 0.3648553882350625
0.3061049017050568 0.2821340507729115 0.26226243425562495 0.24349565706341253 0.25392717482085153 0.24441225872783906 0.2634591574135569 0.2422402304281421 0.20529103895606268 0.22601655583243044 0.23078512716618502 0.21625747743824428 0.21249131281162273 0.23888048171291948 0.23198191074916125 0.28205766186041686 0.2930020863784892 0.3116665643693843 0.31904764404256614 0.30817167002001755 0.2977326373147523 0.28757795126895336 0.2895423178539908 0.2268773649441853 0.19712214757605218 0.16798044836244122 0.17432788428749155 0.20960713319898597 0.2338830059374679 0.22474907732913033 0.2268876467629823 0.23722068008866518 0.22692330476649403 0.24858104465774805 0.28552748118964977 0.32525634935875924 0.3633953204363902 0.35210733991700505 0.3866866632503126 0.3691945708676603 0.3388560056655298 0.3745691228860436 0.3718684512424943
0.33042228621061936 0.3158026453797415 0.2609868908086097 0.2605696656386271 0.23046760162823535 0.26354326408605716 0.259098324820888 0.24771919951430443 0.24311678720665902 0.22436644049168156 0.25523489206613476 0.2282405967680096 0.23341361211838135 0.27438412856472794 0.2877282482900986 0.2647606821994023 0.29557498891055667 0.30963609562062044 0.3149959635446252 0.33022989363119337 0.3150557148084528 0.3015559180087195 0.28518706822623596 0.24831868802190776 0.23917308392462824 0.21950483380138763 0.2234739268633536 0.23275154351574232 0.2408565443893725 0.21506954944360934 0.2492655457261368 0.2211378053029848 0.22524707034887345 0.258759020553507 0.31188020770054825 0.34496030307605324 0.3379785104517708 0.3582143959913952 0.37631295286928 0.3570847706604167 0.3410273118630102 0.3403685961729323 0.34627349815307956
