Raster_benchmarking/continuous/raster-374.asc
NCOLS 100
NROWS 100
XLLCORNER 1743155.9249025695
YLLCORNER 5469288.504715347
CELLSIZE 10
NODATA_VALUE -9999
[rows 76 to 94 of 100, columns 0 to 42 of 100]
0.47450984798998863 0.5005675426571048 0.5045076114046345 0.5385714801611515 0.5342979600546403 0.5156743645045269 0.5089789183950043 0.5078264594399506 0.51632020881611 0.5170549720471388 0.5050820364218883 0.48296833642906023 0.46880421024246105 0.4875360051622348 0.47321537642691985 0.5199026353969424 0.5417689407219074 0.5199463776318417 0.5295279988622454 0.49725619145916394 0.48412877385477404 0.508403551128808 0.488320611589697 0.5012879228850692 0.5096625850673894 0.48867771677344163 0.4641400108215635 0.4781457835168407 0.4551565306416661 0.4471019727803359 0.4201629000125089 0.42975009284691223 0.42455048214713853 0.4322335198659561 0.43976518268717035 0.426609697556033 0.3812846395622131 0.3717913637915832 0.3869504283333722 0.36574048504015716 0.32764792707945484 0.33384397020297957 0.33862918566036826
0.49495948084324465 0.4960171184598551 0.49629466956455986 0.5249095449009286 0.5305144514420768 0.5307688678159975 0.5169462108214359 0.4955240339049868 0.49508407234856866 0.5015316669190423 0.48850013720943636 0.4783609275264663 0.4608944874034573 0.4859377829434827 0.4792872373274252 0.5172641197899406 0.5321591223608543 0.5259704734814825 0.4918022028595134 0.49209667100855237 0.5016261407845684 0.48129723934859014 0.47092076021614604 0.456582940453035 0.4648716283135996 0.44528994736345584 0.45335213544371056 0.451367093804764 0.4443021361568605 0.44283041370317955 0.4390158418179129 0.42776034271350405 0.43524396442604857 0.42674888047094367 0.43349410729215404 0.4207390948912946 0.4065564432343922 0.37240260940573416 0.3807788835211384 0.370414321998229 0.3251230357232263 0.31077292774991166 0.3025961242155871
0.5116877374198133 0.5112316160189768 0.5250956900259192 0.5120271086067113 0.5485810272968712 0.5304845885414271 0.5408072919315109 0.5156084870131245 0.47591125313044313 0.4847271547170406 0.4603325046756521 0.48387110070444905 0.45854358613824536 0.48408208246158924 0.499116350471444 0.505896828985426 0.5224863248493847 0.4859161728725154 0.4778835114666557 0.49517551524402603 0.47899563613057244 0.47786250643456435 0.45320424462431963 0.43016420893643875 0.4201340001781832 0.41737294743235104 0.4283314822714199 0.42504223850715933 0.42888056559282983 0.422039885397119 0.43433208923012057 0.4218436398145196 0.402642985172769 0.41304941973663245 0.42853760761555254 0.39253307623133654 0.4058487592958753 0.39435621624226863 0.3585205042150418 0.3480776564128444 0.3421550509389626 0.3145903129037224 0.29752185664550096
0.4788495669117665 0.5110660406672088 0.5144418139103609 0.5181592931448841 0.5256584872370913 0.5439079716791683 0.5243774442993387 0.5241735683665917 0.5140249219653636 0.5036669116043871 0.5066977471354044 0.4816729683475248 0.47054164197412884 0.48854112081094514 0.4864299923997926 0.4801288881454538 0.4890321988604446 0.47062026034668425 0.4510418069427877 0.4726742992731617 0.46709204353621486 0.4565898317033934 0.4273372687022446 0.42066369942063275 0.41533145921595044 0.43106065846211444 0.44497811890896993 0.4514472573134042 0.4523273887848524 0.4365555350576959 0.44333360024109963 0.40768052222805296 0.38637718442779084 0.4043562921944764 0.38892238123323275 0.3821631902981104 0.3701886119464079 0.381585847603163 0.3483032615786491 0.33707569507694896 0.3322294833041866 0.3223422362515772 0.29004295787547874
0.4694575047090154 0.49215030936255705 0.5018536016709412 0.49783562117660846 0.5269837626391115 0.5410297579030241 0.518221793455845 0.5280717662118452 0.5114971980139528 0.5028089551261258 0.5144357188242427 0.5068226561401613 0.4929989623579651 0.5073729311472991 0.4788590684232242 0.4675032523318415 0.4737057186528449 0.46623402887616855 0.4509125904391949 0.44618927188788143 0.4530727617213023 0.42694499963965454 0.3966579912092396 0.413717761769762 0.4278428775793122 0.4184922086519951 0.4452548501162536 0.45207079314346776 0.4391759233220672 0.4152529297085675 0.4277061561364089 0.39555293794555785 0.3717242207874586 0.4033284905395986 0.39912557083627476 0.3778145315862688 0.36522246537915815 0.371250309455305 0.34315957115812556 0.3543359880956863 0.3348597318793246 0.33958875523555343 0.3219333775754229
0.46196091288878766 0.4751959441329204 0.48729596476734444 0.5047253582531221 0.5117422855364505 0.5306981752366283 0.5473840076650537 0.5428460668290905 0.5467220535882281 0.5409304684745787 0.5256818646857772 0.5018402658211653 0.5146064645357665 0.4989186844408853 0.4839131038012737 0.4786079120350801 0.4675713381612598 0.4374727930804123 0.45998327027283786 0.45059916647676834 0.44557829034980695 0.40980401312339204 0.398369665396857 0.40919729473033034 0.42364070636235224 0.4185895921096234 0.4339272395659031 0.44078291442081163 0.424322250353377 0.41858261383854556 0.41264789792837536 0.37496630594604585 0.38100739559556746 0.38664936863957977 0.39867228059036786 0.36120902765300367 0.34195673919709485 0.35717013182662083 0.3533005503164449 0.34787329895854063 0.331887709719075 0.3204321854456908 0.298842649547817
0.49580715152179117 0.4759257331388263 0.47865548745120007 0.5167433797008583 0.5301114257501195 0.5405176470018551 0.5393022156546302 0.5587903285508612 0.540031945134641 0.5473496758147813 0.5347901670855321 0.5248645830987351 0.5333194982659378 0.512510382291897 0.4887653505463393 0.4633397717745129 0.4270951470218539 0.4238101281457471 0.43948129480340203 0.4257974190483862 0.4060242963093381 0.41444797268600403 0.4043680886361368 0.3891531387520143 0.3879101145916751 0.4304313551979496 0.44924394716844984 0.45541340584691753 0.44687780204771677 0.4148719765215505 0.3845090259997817 0.37935669788950016 0.3715575650051339 0.3687488235112047 0.39536420769714253 0.35008586320905943 0.3246435392801965 0.33621997215681093 0.33464717535631294 0.34373514372021713 0.33866934403408383 0.3179647166123722 0.3036664957162319
0.45734396932898236 0.49115447754822594 0.4924399731438659 0.5093817128030071 0.5192180564147989 0.5110986662931898 0.5360686721724268 0.5463876638953081 0.5518080990891483 0.5479315060903711 0.5320855663487366 0.5384424910172187 0.521582464745673 0.4813895593544712 0.4549060945357624 0.46008356407197243 0.44193975348227543 0.4456973865458755 0.4414312448956053 0.4337254444841344 0.3947264663142601 0.39079179828780547 0.3983732609862816 0.37212663981624217 0.393961247820407 0.41380642154895014 0.41288329422169917 0.43674633785913297 0.4178968061016498 0.41666379232321865 0.4040091410299927 0.40560675198388724 0.40359067746926736 0.39055011750339413 0.38296202655769984 0.34572758285988237 0.3279124284112303 0.33204926121152817 0.31907480523582427 0.33293235666484794 0.32698917657123105 0.3111095978808769 0.3080297167015451
0.4543184522271533 0.4775547838369134 0.49255557990073845 0.5162609267194115 0.5288703249378909 0.5242451547948436 0.5119026618988155 0.5211936474548243 0.5300110568093976 0.5250502843227127 0.5209712462205653 0.5132150290692478 0.49884228013973764 0.4877647052896184 0.4527632627123433 0.45396061328995196 0.4580416271439125 0.44957079745595363 0.4450414637352536 0.43362894608759445 0.3813962230156073 0.37960691953702363 0.37450055841068114 0.3710927161923645 0.3896722376994398 0.418212682329045 0.408985405414696 0.4225021299258728 0.4154461395626404 0.40750391791034385 0.39992867078372973 0.4172187815468218 0.40650291436921304 0.3854370920202774 0.36883565607863333 0.3625666985225771 0.3546611637602902 0.3315086887130575 0.31399381836272433 0.31970449462250994 0.31042153234654823 0.3069764102514755 0.3095586417045538
0.46251493730765836 0.467889767348991 0.48982445890254633 0.5260554302408552 0.5008687244517123 0.5008569744555599 0.49412299845555535 0.514239201965899 0.5168011868619458 0.5046688847480597 0.4970454686748329 0.5241068555051721 0.5296960737019207 0.5067212136747947 0.47492881454940344 0.4664439259078279 0.45018548909155454 0.4436773267935175 0.4277969980321128 0.4325841250993508 0.41112923491970965 0.3972419680856159 0.36907899869858984 0.3772441216875635 0.38147266528954893 0.41330811743861223 0.4004743312269078 0.41390644927540593 0.40374933411073793 0.40874775087816334 0.3868797662382846 0.397140036106392 0.3900213004790028 0.3856324265808384 0.37304522627924136 0.3484609055435058 0.3566392511615999 0.33257378366920587 0.3244891914601366 0.29894306541929927 0.2927461946766215 0.27493795515154706 0.25680186595422483
0.45073584033442476 0.4902023476489885 0.5092026421625119 0.49672103951898067 0.5125512543928304 0.5006489451344615 0.519723232678077 0.4833944647216333 0.4946116338758143 0.5035517520036821 0.49663702528086284 0.5137417634513664 0.5361647499222513 0.507012804380245 0.496415891091474 0.45954398927503803 0.4332460322362431 0.43586651710713387 0.4373265587261162 0.4362108090186125 0.3963105137323626 0.38223525910206324 0.38183706063334555 0.3814161447481856 0.4092099627437724 0.4075845946948529 0.42321847814049296 0.42475737875773467 0.42405802365229767 0.4327245316934047 0.4069456555334355 0.4136145375773464 0.38936215253302353 0.39607395519761834 0.3871113692063877 0.34804642886517306 0.3315008725312681 0.33440285798403124 0.2993259274755691 0.2742423161093597 0.2568727050064927 0.26888615276920413 0.24483310607548825
0.46221147130646495 0.4810761927024282 0.47387715945391273 0.4965203753612239 0.4953471977833593 0.4787527137547606 0.48054102548269034 0.46971885059817997 0.4634179719089723 0.4708022756608217 0.4690927046062963 0.4839258263927198 0.5114570716627603 0.5014833088429675 0.482527501684583 0.44572547170360066 0.43248079125526195 0.43652806186925186 0.428955708522264 0.42065178884195686 0.38748357602384365 0.3993822392645118 0.38762083658475105 0.41590470675602453 0.4216801641801754 0.4276245663901748 0.42210475116550783 0.42378991688776385 0.44359396119789796 0.4393885237440749 0.4216319109198355 0.4053887127812611 0.3994514111582956 0.3659672127954315 0.35459158327085916 0.3447286836161959 0.3374809756284591 0.3156592470078082 0.32194316995448075 0.30075668224695806 0.2845636628537779 0.2705105425974278 0.25591370615607784
0.4252724990312154 0.4770652579799749 0.4721382282271691 0.4935649112011803 0.4693739768093594 0.45203655716740976 0.45282204841209056 0.4456501585202613 0.46613362482456866 0.4456534256956762 0.45146243942421893 0.4861515221601873 0.49738895967062663 0.483682826860356 0.45747946390962935 0.4567656157332077 0.43566269935906815 0.4106069562693806 0.39469800969148877 0.4029396612587964 0.38906969285726517 0.40285240482154483 0.39509042924958815 0.43621414901529065 0.4459605000298926 0.44067472743463254 0.4499465109414489 0.4365426515837952 0.4580573620328835 0.4364855034396804 0.4442243604765268 0.394628755029557 0.3830310449323291 0.35687981347366626 0.3517548085935436 0.3435980427271317 0.3503424291016113 0.34210974074468536 0.32091212664659313 0.2935054343362806 0.2561009649478146 0.24768316430069537 0.27166298044189463
0.4135368485486592 0.4599341427153823 0.47395846316598667 0.47286257458754294 0.45692992458088955 0.47449398151193645 0.46982440762913646 0.44641324215292494 0.4431742630796913 0.43622969399549827 0.4489494595082886 0.4458432281821294 0.4666227575032881 0.43816166919888544 0.45372446165369396 0.4384301567672242 0.4406014276104584 0.3993632624714288 0.40901464640610313 0.3941905323898636 0.38109096804226616 0.3892161708990881 0.3992028329018708 0.43925088541127416 0.46751551278190634 0.47349809148230626 0.4716963356620644 0.45017684470560376 0.4573009970148 0.45068778565637435 0.4244966829719752 0.39605971253289096 0.3850834019478264 0.3573077195119386 0.3404380106058733 0.351980184510348 0.3387096175229668 0.3249617997561489 0.32063530861902106 0.30096391577406134 0.28789527622089345 0.2639829135462143 0.2779380949900752
0.41818523051067397 0.4543365526060641 0.46966863220743466 0.46268198483640627 0.454604206839548 0.4520306348780627 0.456774892904304 0.44103088687317143 0.4458510893183789 0.4580468075313562 0.4509533926886262 0.4327801215214982 0.4369697464080878 0.41679198048918026 0.4127519771262689 0.40520025431584233 0.42652296822806557 0.4075365127877748 0.382933051117163 0.40061176878805466 0.40779436866977803 0.4068917642085938 0.40160455007951473 0.4322488123519648 0.4710913776434226 0.46373321320199423 0.47184791959240335 0.4663296610344228 0.4705341733989021 0.43686838661485383 0.4042379528612432 0.3844969121291139 0.3775956740431534 0.33925616863444513 0.33295417333993127 0.3306691980412263 0.34861704409978583 0.33256631677962273 0.3282440932442248 0.2935601735567637 0.28920907309783955 0.28071761419567326 0.272759786078747
0.4468136771185655 0.4498541871722419 0.45759336407088136 0.4355490927368083 0.46218731267515945 0.4620811248495874 0.45963686823548605 0.4392966611132688 0.4606541412244433 0.4589489250809328 0.4643224966318421 0.4390804657469245 0.4433379894016286 0.4370709665006461 0.4025130403133657 0.40493398912835177 0.41693413775291494 0.4026200865530312 0.37925217658654625 0.3991460931532003 0.4288503113286441 0.41576662877202025 0.43682635116131824 0.42867158541218 0.46966718403473673 0.4635644132165387 0.4609075211851285 0.4661895353845468 0.44615098865761577 0.4391471682218927 0.4087607101018111 0.3891349904248838 0.3604609118057861 0.3406281293499786 0.34070157595402256 0.34214603126132137 0.3337961558412713 0.3249595169838245 0.3240103800229545 0.3171804992811717 0.283027604374409 0.2658754849991537 0.2534159213388605
0.4523297284353614 0.4555215440349786 0.447538585254911 0.4585394063531697 0.4417467788457262 0.4277101333791123 0.4482813531595724 0.4498541419067492 0.4359167172618098 0.42461928433584256 0.4398413485312361 0.4505714284348356 0.4205017923527846 0.4227983639909737 0.42592152334936634 0.4215639036715926 0.3944794923223609 0.3781963184065633 0.38190618785084596 0.42476132530160365 0.4419617530047672 0.4282202543196237 0.44176867358294913 0.4610100697493647 0.46997750072954475 0.45322825370899783 0.45195416485565637 0.4424258882469639 0.4275881367392658 0.42556669460193225 0.4419841448646451 0.38506937928170054 0.36286393435415243 0.3501343109280391 0.3416458585095096 0.34963797265576624 0.3354900221582092 0.3184345455916209 0.2976079876904588 0.323990882396365 0.3125907248903415 0.2818995347490192 0.23461662258987365
0.4226882236626539 0.4386312503545869 0.4412121028230573 0.45533469635394874 0.42295177749985435 0.4217819891992794 0.4342172237078939 0.43911566348805936 0.4449279493042259 0.4318905443881414 0.41910073348662263 0.4344556787690275 0.4210009331971281 0.4416058965289688 0.42871487156392646 0.4208090867263895 0.3890024736085241 0.4021625019287934 0.4037454092416669 0.42594617123001305 0.41081705516842304 0.4280572676861497 0.44854956599376744 0.4792842002917569 0.4689703849457136 0.47557539072398836 0.45263898947664793 0.44514642665055737 0.4600427437624071 0.43711331534489845 0.44307822532649377 0.40769271403651547 0.37260811285138556 0.3822104594637803 0.36287687072707486 0.3358015981679998 0.30366276947228704 0.3096568682769717 0.30541165991555713 0.3232029079084537 0.3072189837390646 0.26164257429773186 0.22959964608734124
0.4465108587949576 0.47026357260364826 0.46925307568673863 0.44918281966584633 0.42962554072374803 0.4065742867940057 0.41361770599477443 0.4425820421539319 0.42474577468347047 0.4333629761868317 0.42383507304747786 0.4465201623461015 0.4450746775574452 0.41349010514101253 0.4167974824585009 0.4239943460115089 0.37480136201194925 0.39165872718311595 0.3973946825371974 0.4034558652089396 0.41628290835066073 0.4429114846461876 0.448875254085664 0.4609745721579472 0.49673463195188156 0.4853937816883308 0.4419496275996515 0.46609944484489274 0.4613542312394754 0.4369039056235 0.4523542295244111 0.40022844833311244 0.4054458421180493 0.3728090861270756 0.35503055158186814 0.3197509980855764 0.2881640379549509 0.29113420903888526 0.30244459252075095 0.32105092191141554 0.3092818068231289 0.2824404370306554 0.23724832695452283
