Raster_benchmarking/continuous/raster-173.asc
NCOLS 100
NROWS 100
XLLCORNER 1743153.7149898096
YLLCORNER 5469287.966070575
CELLSIZE 10
NODATA_VALUE -9999
[rows 38 to 56 of 100, columns 43 to 85 of 100]
0.6821814733234867 0.6970457176689592 0.6662867512458507 0.7283289373638505 0.7579411745127967 0.7659952812153904 0.7817039306623963 0.7539480868928115 0.7947113491714999 0.8537159124608504 0.8473614317635574 0.871945252901457 0.9039988644067282 0.8703089673087508 0.8831204094193918 0.8475335583088025 0.8180087825375502 0.817665957150094 0.7885984029614669 0.7994801333786027 0.7513721910819064 0.7360530782683312 0.6928459883870739 0.7105832445215581 0.7165829734769028 0.7238943074466145 0.7077392944525923 0.6908446292875098 0.6624117740329627 0.6746075589862818 0.6543361834055011 0.6858005155407194 0.7179449391329842 0.7253417692919316 0.670653298392358 0.6652440105369223 0.6642096280774268 0.6709074604422445 0.6393146537882031 0.6236988297992422 0.6252995381729434 0.6457176302342202 0.6701036995131289
0.6733211706338873 0.7027532496786564 0.6917312943871073 0.7156230450793802 0.7918948635708966 0.8175218069754836 0.8303229134546569 0.7962237832890762 0.8234747061873147 0.8756054742794298 0.8697005439848878 0.9079763828744857 0.9359993726504818 0.9272808446123318 0.8795664096281404 0.8788354158916589 0.8052791858743993 0.7786937758129634 0.7551158124499356 0.7782561935222715 0.7259368829671471 0.6894267488511809 0.7006996242606215 0.7136864201399984 0.7105317059097309 0.6943744471407022 0.6863114356858401 0.6635114882356798 0.6825493273455734 0.6948055898459851 0.6709922885635069 0.6555554600393844 0.6579658070055158 0.7006703748989953 0.6724968273720435 0.6932438218587551 0.6580487546668546 0.6630617355389853 0.6115962982660732 0.5844562915409839 0.6004783888455171 0.6116496980667636 0.6437420107496137
0.7059433789498761 0.7510745855012517 0.7807981501836995 0.7566058473253358 0.8060851778125467 0.8196042019563029 0.8359296859137727 0.8101656810399803 0.8677261951396661 0.8656811511641715 0.8810830337363811 0.8869793226839837 0.9357049790432264 0.9047560818395791 0.8508205236574902 0.8270502646571708 0.8290825989964504 0.7557650652462302 0.7532146834402254 0.762281871535643 0.7140776281489528 0.6520627239513598 0.6848279708484218 0.6966891959845426 0.6877545614324841 0.6686042984524101 0.6340106450888566 0.6415651162414246 0.6582345270195347 0.6339925519236074 0.6459614181797623 0.6540392998306647 0.636826532671921 0.6527548413069891 0.6927632403427424 0.6888898780920772 0.6527804819448507 0.6210965843271402 0.6243141354626002 0.6086818880360464 0.6139473074682078 0.6353846329046811 0.6383276328856109
0.7662696842710338 0.8101621535464095 0.8263345548328601 0.8154763676176542 0.8623268598641108 0.850804976051194 0.8750288653540068 0.8293352254232498 0.8640092219704422 0.8909378664707485 0.8884340296059912 0.9271175288860048 0.9375070218696746 0.9068593873551568 0.8763273285474964 0.799208842221719 0.8100146006496179 0.7593152954576671 0.7635251134550163 0.7516203473486776 0.7248337999146356 0.6333307123367364 0.6734270560302634 0.6221259266726091 0.6106959933381725 0.6143580531302342 0.6498997115334001 0.6554120868178074 0.6688774413311213 0.6453876647835128 0.6222225363178912 0.6318390604253425 0.6206608218184919 0.6419073529906297 0.653373389976034 0.6355592031086164 0.6326450310575622 0.5934145897865301 0.6148567006274569 0.5971617683110318 0.5818821635125575 0.6156209055064512 0.623682503688969
0.7868829664329 0.7935957831919067 0.84680749056844 0.8788468667013651 0.8703998908164993 0.8741606412994594 0.8803364695701839 0.8357462476492321 0.8385485347900066 0.8607555961957889 0.890322976897117 0.9029592592810234 0.9060162432545267 0.8817299742324587 0.8436714256461039 0.8174822830902722 0.8016005895929106 0.7569265381349244 0.7568903414769269 0.7101586668685163 0.6911231791591734 0.6394129022308388 0.6516595561812333 0.6101752752539159 0.5951562971278438 0.6100139903327634 0.6069765969663117 0.6135714929708442 0.6309850776778896 0.6651982867633341 0.6431965261143127 0.6079129543375525 0.6046584487086094 0.579258550614112 0.5959788203110857 0.5909203807139529 0.6087395398005095 0.6313791556276592 0.60403158256962 0.569120267749553 0.580161532743582 0.5835086885493547 0.6317510264437124
0.805863523305416 0.8120036144847526 0.8601397002044667 0.8773126412463965 0.8809489390872679 0.9009324322321594 0.8524208214841423 0.8665152938911358 0.8432097481928312 0.8663767950854855 0.8659308386147764 0.8520373036105204 0.8930041334924139 0.8701829061213185 0.8400361727804562 0.8247474894499346 0.8153491244187889 0.7433143905278108 0.7076021871620839 0.6801836179840155 0.6569872986938368 0.6850680089793746 0.6534380262305144 0.5965747666352614 0.6112167549164295 0.6167729698047287 0.5824379541536128 0.6071437259973768 0.6414507852840614 0.6282186565603451 0.5846082942426607 0.604728001623925 0.5661219512419474 0.5668134013979718 0.6055339953506468 0.5929840575709152 0.5862803957208339 0.6068309389556096 0.6158506952356598 0.6086313860459335 0.6168941799735075 0.6054650897537289 0.635936298167037
0.8518001781640688 0.8306921421668739 0.8426778522600218 0.8739493926019616 0.9134292056195624 0.8759814209070075 0.8588550831030133 0.8419617795539251 0.8647072539096181 0.8144109671314425 0.8194383039673193 0.841625525144935 0.8609141175105133 0.8613147327260335 0.8513036606212241 0.8515850261434371 0.8395052216683864 0.7840312103300986 0.7552346131843021 0.6891409613611343 0.6795518771970169 0.6650950022392443 0.6409368119974864 0.6228354680473555 0.6336138696934654 0.6258538814878171 0.6119624182462906 0.617601577295179 0.6142372967125207 0.5820413011000762 0.5741474402675473 0.5985729531253904 0.5745338369271528 0.6036826248034495 0.5984503558577583 0.6041393169640832 0.6318940382486055 0.6083391437133482 0.6186697833408452 0.6111153045319183 0.6008088090417264 0.5886849309478682 0.6429610581903639
0.8754139113767678 0.898377213738845 0.8637721826319992 0.8853797328441088 0.876491048941691 0.9088799602457094 0.8568447924823841 0.8339092186437637 0.8374604568911611 0.7892056150614296 0.7992860541119446 0.8416135366623709 0.8502630890779249 0.8626800574808026 0.8668894383471375 0.8750897658351643 0.8324631391708955 0.8421576814562562 0.7821191766902079 0.7248018282313045 0.7043131216101756 0.6691656005120373 0.6786767864284631 0.6594891174817757 0.6635613914285006 0.6452114962821526 0.6153344259716688 0.6336504151507676 0.5974635606036038 0.5478655032248377 0.5655061837659033 0.5437436150024959 0.5930826575175786 0.5899326826172168 0.606748078220919 0.5880541870686508 0.6073133291886961 0.6283167912437627 0.6310311156645376 0.5928687993581583 0.5875946132548346 0.6033070167919129 0.6123347390591923
0.8757256482427944 0.9042218492898945 0.8803004305330282 0.9096992732601792 0.9002503122515532 0.8990436989503774 0.8666735371786822 0.8443866732077571 0.8233802586964251 0.8224263362765233 0.8005295408614324 0.8571847682870429 0.8589728974257282 0.8821834887374156 0.8326933073593812 0.8203192217704064 0.826860361623991 0.8460761927660115 0.8056832103817082 0.7825637528312219 0.7359980643508796 0.6753518884315698 0.6691369546386089 0.6764328127541599 0.6766600230595522 0.6530866383532447 0.6380911462355366 0.6038014162728853 0.5827587544033095 0.5650729329787721 0.5412162887808443 0.5499704438177309 0.5550012920995961 0.5645693728607154 0.5677765130832326 0.5576663263555344 0.5924324792507111 0.6395669907957482 0.6237938865936428 0.6068972249674197 0.6306981685965517 0.606337527348717 0.6291082813720198
0.8872015977549262 0.8823427892467217 0.8855545416054668 0.8883116466543239 0.9023960384017086 0.8838764189308564 0.8307806644180756 0.8127772288366828 0.7816898477282626 0.787417907820725 0.8412167851802644 0.8298344249318234 0.8439168548747863 0.873095232425399 0.8311873599037108 0.8094846150067153 0.7972740628133435 0.819730673207667 0.8184408705273191 0.7642252598730457 0.7430824953360613 0.7051776294683305 0.7079487276184485 0.7040859851212928 0.6830131192128774 0.6609757140242172 0.618343427005659 0.5756644111911761 0.581602347264608 0.5523457195279211 0.5655509795478136 0.617971833621512 0.5879108920542092 0.5590847334469481 0.5509571046000404 0.5915739044275883 0.589149665891844 0.6284107813132858 0.6308828954606543 0.6272275062238379 0.6507664429868405 0.6684045680622711 0.6902719837593695
0.8467927253217822 0.8644489347728471 0.8638408866925555 0.9106140967956179 0.8821917742334375 0.8612348093208071 0.8351913074959825 0.8221413564481721 0.778153946205443 0.7857234302085954 0.837068112423733 0.8292802271554112 0.8559647254855545 0.8483979336408447 0.8528131073515344 0.784685636829959 0.7792957172474888 0.770954589266592 0.7814601781878366 0.7649444498514747 0.6919366528705584 0.7169065813058304 0.7190852306160779 0.7116240353530188 0.709665707948826 0.6521502201519475 0.6410703886190495 0.611403551107971 0.6089817256100493 0.5923859446475237 0.5879511696005585 0.5767860047316217 0.5731446133287617 0.5569872701839879 0.568325475099605 0.5613806326775401 0.5890456922216516 0.6082636833393499 0.6197855259075676 0.6513582901838993 0.6802100718708777 0.7210384612954546 0.7174544486727408
0.8205162365857316 0.8568062004381919 0.8931260412397866 0.9067269716594231 0.8567126306387203 0.8765820215328795 0.8408532241339125 0.8045167002703184 0.7796940953947565 0.7992677397084113 0.8479316876609022 0.8330724218063041 0.8526887423024465 0.9108064676012694 0.8472387961365053 0.8002400723667127 0.8115924891661687 0.7874571520620357 0.7888489274962032 0.7198568972089661 0.6883656417977166 0.6749194239172335 0.7072782730200221 0.7250336163708869 0.6959065119819611 0.6769642357914507 0.6256318896233121 0.6191046812376915 0.630982204041158 0.6192633285133887 0.5859660701231015 0.5940485828120942 0.5620494053528674 0.5530091434153449 0.5828699999517439 0.5984586065708302 0.6293096545620249 0.6343076402204432 0.6136566386476843 0.6522720492144708 0.7060967605910604 0.7311460390116237 0.7329073879627331
0.8199389376427417 0.8108625374480386 0.8359225396582153 0.8674394280273389 0.8482541078186848 0.8423552619885889 0.8526288673363046 0.8213899203867405 0.8401266810154102 0.8143911053081827 0.8341761116450082 0.8464153883099854 0.8614212899732784 0.8735338188798542 0.8456257945603032 0.826872946262026 0.8198577612791852 0.7957855552474926 0.7909678819347258 0.7688608073069787 0.732436519917117 0.6904049812348398 0.7144230424954024 0.6965304885579994 0.6868410282422388 0.6691149553157251 0.6422619731781398 0.6098779931743836 0.6251711064781107 0.5927186638480131 0.5865113316273802 0.5754550069028852 0.5629206247191314 0.5463874935174678 0.5853129902567585 0.6017270441535808 0.6257644651569482 0.6570254477236999 0.6323537444757467 0.6973869167266771 0.7119351210820539 0.7147521138058788 0.7598635988789693
0.8116222637495083 0.8296961068686294 0.8088443248822413 0.8302215941798178 0.8628158807466914 0.8584644678806843 0.8849506309122347 0.8660922090952184 0.89563032150206 0.8581994214217525 0.8709024965202242 0.9056132801284913 0.8669037558628113 0.861691754022197 0.8902121078993983 0.8468608087668282 0.8437426674770336 0.8419085343613119 0.8113431135010032 0.7713865924441535 0.7245919446859487 0.7087032182552587 0.7080421521501336 0.7411661283459242 0.7282567440245648 0.6878453657811228 0.6759648803189244 0.6461199445918222 0.614934772626612 0.5741501213802718 0.606978908322407 0.5958632856131536 0.5964207942856768 0.5960917814531745 0.6086031302958755 0.623389142844943 0.6347958006399799 0.624689031285419 0.6643292677233744 0.7021568275693235 0.7478975891042152 0.7625345521590031 0.7746597193928806
0.7827015782958522 0.8081706079721073 0.806115617499297 0.7901170786317389 0.8196356352219838 0.840982488290028 0.8545458950097398 0.8802358571559722 0.912581668656047 0.9018279964220339 0.9020929950089386 0.9062288496970824 0.9219881891760339 0.8955747555644364 0.8962904434688307 0.8825386360125602 0.8270309936723433 0.8391197028273536 0.7975846307497247 0.7673332316152719 0.7620119393698462 0.7267311668907189 0.7432762554806067 0.7172700095379152 0.7322640968735189 0.7065106213883602 0.6656430941687428 0.6510964966891023 0.5996040341706481 0.5737549622880067 0.5866171940798935 0.5819360281258709 0.592583036487643 0.6128708405496024 0.5925861651978143 0.6384662652157912 0.6637275716365397 0.6954309814994276 0.6938585879890802 0.7481013016354212 0.7547062766991136 0.7668159974595863 0.7817184187071236
0.7695058883132936 0.7786163747554546 0.7519727329896072 0.7724574506966062 0.7974761955101274 0.7963373054712112 0.8529419545427303 0.9157042932057612 0.8862285081749542 0.9357499280328051 0.9309540608812386 0.9828430714239783 0.9370518635249075 0.9429110932961259 0.9445247293303872 0.9194980606434131 0.8573216793488112 0.8027045563615313 0.8173103863795013 0.840998903896313 0.8047227621673096 0.8007339586171653 0.7797349019828178 0.7432919942051274 0.7174414690572611 0.6469982780373676 0.6617348694428974 0.6377551359515509 0.5881945846736285 0.5607167943359284 0.5635718048257099 0.6082978352243552 0.5927353630545398 0.5756559576750282 0.6352534997804407 0.6529102965577017 0.673589361240393 0.7125528393342708 0.7394385756464712 0.7972489500096012 0.8044826956537696 0.8241917130314921 0.8278347006838073
0.7605329614494772 0.7411133452640795 0.7594229517168792 0.763786582510936 0.827938218446472 0.8584666149844871 0.8834321461370694 0.88864425039589 0.886147324350267 0.9241407235281014 0.9632266665967193 1.0 0.9752142598355955 0.9440184021928895 0.9524061534155542 0.9311316406107687 0.8538908195720912 0.8506429664332038 0.850551697325742 0.7990549526016605 0.7811409612191428 0.7786894245239244 0.7455022592551345 0.7582383377054737 0.7232944968041091 0.681293640359291 0.6469685524805557 0.638475152639879 0.6248545531570443 0.5792619019411299 0.6060701419789432 0.609106119838394 0.5969001560754786 0.6001147833930709 0.6357713701131712 0.6748532802811288 0.6931498899673996 0.7492855609371588 0.7607633119155458 0.8241079891943864 0.8279150099322309 0.7821753284849038 0.7877190994366677
0.7888278621858692 0.7640898250059298 0.7521916380534988 0.7955722762470271 0.8161482485926954 0.8429408251093866 0.8603305748341812 0.8864946168673766 0.8920980176289377 0.8805215392948375 0.9133122611241111 0.9655680538233341 0.9403648115267726 0.96207223218744 0.9195019752899021 0.905528643024133 0.8666500079275062 0.8435843268821651 0.8188803308361056 0.8024860283575135 0.7693179722422779 0.7285643465397083 0.7331069761931129 0.7453992107458707 0.7190878641108323 0.6699927167414909 0.6240779080367083 0.6298298529177776 0.6274841714209316 0.5870158401362615 0.6068793203887559 0.563956575990495 0.5943899584926221 0.6600531126611706 0.7015327329263877 0.7302328387295208 0.725691960286689 0.7507558546337876 0.7553544493762043 0.8053249774370853 0.7761002920689565 0.7787250188631756 0.7680701997040594
0.827841234072413 0.8096125305833212 0.7998690511687068 0.8052356426918381 0.8263733069220438 0.8565433110515258 0.8715975818174622 0.9072358074606671 0.8705741078537227 0.9321049364413164 0.9499363633376932 0.9794184974540014 0.9538080433350861 0.9327684313076419 0.8955615077055789 0.8815095193603947 0.88545075946949 0.878618357614833 0.8118603746807797 0.8120032628725882 0.757700861371877 0.7606810213295365 0.7445496826318654 0.6908069785315465 0.6731925892156086 0.6535665759742846 0.643485778108395 0.6372738658351417 0.6226755449873926 0.5912742149015009 0.6200025506181776 0.6198543424635191 0.6441582613820541 0.6910903434347289 0.6975701228602382 0.7362967085415483 0.7438484759754196 0.7969946293782946 0.7997584143448746 0.7915699718319417 0.7626334643239198 0.7550842859111844 0.7767357226470272
