Raster_benchmarking/continuous/raster-237.asc
NCOLS 100
NROWS 100
XLLCORNER 1743168.0880824497
YLLCORNER 5469287.639568965
CELLSIZE 10
NODATA_VALUE -9999
[rows 19 to 37 of 100, columns 43 to 85 of 100]
0.6114890647115232 0.6587655281976961 0.6610131378443471 0.7024712503417667 0.6622161187863216 0.626310868820761 0.6135644074927445 0.5795574511418022 0.5617574025749682 0.5643691090434018 0.5268925552728513 0.5191159072675289 0.5511884661230075 0.5585389523540211 0.5748959613140614 0.5811730957867207 0.5622820148323898 0.5719688117166838 0.572478808102655 0.5561923295929148 0.5561514558513321 0.5890732629522544 0.5899193394653224 0.5685223410180429 0.589655441069371 0.5475326615191428 0.5667305778594692 0.5668460629824035 0.6008831126798537 0.6177979222095972 0.6215568186227695 0.5909708107685921 0.574302863871241 0.5795475810373989 0.576957169729956 0.5714944222331284 0.5889930798179622 0.5882058344706552 0.5713432772593203 0.5819930123631318 0.5675271173540868 0.5750049984315713 0.5931059202397548
0.6262914462528928 0.641247227626775 0.6874371852076964 0.6982467735442991 0.6675777849563646 0.6591067274901796 0.6271615037983898 0.6308190723153716 0.5952394137561087 0.5679733488103385 0.5342952044847683 0.5487254175559236 0.5363711025242892 0.5541652210025333 0.5585112452398567 0.5733979064364926 0.5458302575612217 0.5737766526476417 0.569171557614432 0.5746974105573982 0.6101758560299452 0.575898633758726 0.5876486788953704 0.6029085564219188 0.6123506857310371 0.6109698668351314 0.5847723732985431 0.6033623801538756 0.6400196610828897 0.643320541431219 0.6348184115547691 0.5873450181016023 0.5636674301246237 0.5568903880138337 0.5809243956241199 0.5909431450167205 0.566424464979942 0.5777426612950636 0.5417113604529602 0.5811497957963818 0.5712866152004693 0.5732159485765229 0.5798321605053617
0.6129315800506251 0.6549292524022521 0.6757471536370477 0.6510853109004743 0.6604979343941729 0.6223448494032213 0.6498324719401021 0.6396729304062637 0.5986336295458022 0.5517811895488491 0.5275476563851657 0.5492682158662616 0.5352899284404883 0.5614085269147798 0.5671715233726583 0.568425905995906 0.5781833124942714 0.5885203525946213 0.5646091212336405 0.5828492141632803 0.5965903330408874 0.6130009605923958 0.5978340194144375 0.6293682235592284 0.6509729335256205 0.6085461632146697 0.6121348272000205 0.6523521592599186 0.6616316131634339 0.6143709924615247 0.6041428425864838 0.5768159207974395 0.5817053916273712 0.5959474536182611 0.5753964076582558 0.5720187169666647 0.5775417398463932 0.547208733091795 0.5244424369333776 0.5377908420915982 0.5636853125034467 0.5543652321997745 0.5654046228778757
0.6328142445973106 0.6744089929957459 0.6556995878934825 0.623552953796791 0.6185065614848092 0.6556088625476276 0.6451172573249598 0.6567262503642056 0.6146061848138102 0.5659497063294523 0.49759321163864634 0.5071442533411658 0.5500870870611079 0.5530762639465769 0.5654317466875585 0.5921065068394715 0.5723076440954779 0.5583808330141696 0.5952257418777857 0.5971714871239125 0.5899612310622315 0.6364036653761431 0.6286592357997807 0.6260269772630108 0.6593282277217519 0.6124609644781146 0.6613886362219666 0.6762332737822522 0.6488183474684456 0.5866258861156887 0.5797939654292384 0.596565969331286 0.5998472086496878 0.5746415260350757 0.5707327475647428 0.5738068887109233 0.5352638576352823 0.5326911571098769 0.5177608784996747 0.5335670026048488 0.5465017762397186 0.5319995956975283 0.5718536896389803
0.6183218798104165 0.651560046739973 0.6724072221537422 0.6384492904759769 0.6420187897526926 0.6693155607791254 0.6441229925100623 0.6455308302531596 0.6014859421183449 0.541527859178336 0.5056630075970219 0.5007159797043786 0.5466825091250006 0.5486289241813228 0.5439699120840006 0.575517722005413 0.5674876808641984 0.567965624224457 0.5817218740868171 0.591090660339755 0.593869650036126 0.6091348910821733 0.6249375944852515 0.6441345924648149 0.6376395150726925 0.6123445570571363 0.6277355653069799 0.6521000740660617 0.6322390158750996 0.5751905492280324 0.5955628664118319 0.5846840947450058 0.5762600348687758 0.5909532378463422 0.5847795094191147 0.5653864822909108 0.5536810645821768 0.5286777420668736 0.5240636722033758 0.5225688097084135 0.519046911179801 0.5449792254327581 0.549421455797442
0.6423385245030393 0.683570076852036 0.6814832707438715 0.6624752405216788 0.6791941852611868 0.6418386679586701 0.6595951444428662 0.6259635045832983 0.5874402249409284 0.5486198681498834 0.5375644072654208 0.4926827326432663 0.4872433623003251 0.5678129615443955 0.5890064988763808 0.5621691790139229 0.6084874351383696 0.553340500128986 0.5468309686542349 0.5751047257884472 0.5728186177599174 0.6044769835078952 0.5815236469961769 0.5925994414940852 0.619454632576846 0.6343338617548877 0.6026202803178001 0.6170313684668476 0.6215938711948117 0.5914043348781475 0.5464712772258572 0.5345951191104752 0.5464062090180746 0.563086910507151 0.5806090091197166 0.5571529448466799 0.5387305497640376 0.5308935525094686 0.5152705613458156 0.5143230095386144 0.5186848777640832 0.5312721755557946 0.5403301534453129
0.6292487518812862 0.6656441504514532 0.6682755705668226 0.6509102823482728 0.6708929807707453 0.6381909662295977 0.6393851249002369 0.6088533360829833 0.5524123809048034 0.5150643164752294 0.48942373836240416 0.5136526404686867 0.5107685280025213 0.5583538482894527 0.5506807629711205 0.5609230790055708 0.5844648280693118 0.5818819480083572 0.559997355143894 0.5703935282730801 0.5613413625502389 0.5504702006264336 0.5494567176619567 0.5784194302430102 0.5949025347650984 0.6377321808132183 0.6152011482905717 0.6166707535318405 0.5903238413515163 0.5629837601615543 0.5409731556421113 0.5281968935655458 0.5561654604685938 0.5975808528863459 0.5939590080315061 0.5750684259098111 0.5381925322378279 0.5705536120583424 0.5780286171367108 0.5581221466515653 0.5342049673711371 0.5696472530112203 0.5576227186789193
0.6067296009534712 0.6662230187335281 0.679859384675073 0.6349370680994674 0.6300251818517587 0.6240979278360025 0.5904673370175414 0.5863830715158909 0.5220393373659329 0.4896274958689837 0.4936015835105851 0.5079406782320655 0.5238892358352987 0.5226479512495664 0.5559934091532094 0.5720657593190808 0.5692433034060567 0.5548268014193113 0.5811704119793353 0.5714355298650878 0.569683093544307 0.5148453264248863 0.514709002669518 0.5620096714979038 0.5922929225863833 0.5944331651092841 0.6394017752807734 0.644088051902567 0.6044191509633113 0.5859381146020395 0.5225987506446299 0.5618349079815068 0.5769420858125668 0.5916881723409189 0.5821429595412237 0.5726136363619532 0.5417697006405189 0.5925556046534649 0.589366476789558 0.561830793500992 0.5635622433446131 0.5593435444887193 0.5602262343723332
0.5839535006273195 0.6243650079178071 0.6134022802069755 0.6386795606566184 0.6225200469906317 0.6170996179872976 0.5989793383530679 0.5394012834199552 0.5110365663373537 0.5056459949596869 0.4743763413107845 0.5201628952409111 0.5348853126478659 0.5223180982077115 0.5344096580564406 0.5646520579531834 0.5451807004958678 0.5422817700961957 0.5419939714563055 0.5633083154286801 0.5688238573795191 0.5255735582666581 0.501665606080569 0.5357500757813848 0.5633682021500757 0.556380380001823 0.5745397641659167 0.6159948326431515 0.6163649934526249 0.5539887689338991 0.5411762308401628 0.573686955835278 0.5596929280216277 0.5753427113628296 0.5705943628596012 0.5735045909413661 0.5849009436042872 0.5654319903750692 0.5640225235577068 0.5881845434040546 0.6006524515421994 0.5740436550389403 0.6025479979761326
0.5924840963008461 0.5786902247276806 0.6028826492657244 0.6165661507571446 0.6179742388808058 0.6045631214108413 0.6280192797678136 0.5764787723214971 0.5169914550184639 0.48818599937824975 0.480539955158102 0.5452774361729008 0.5525572359531453 0.5133473213958055 0.5382701535358012 0.5111129025360692 0.5111571020645497 0.5207182280263779 0.5222838025143239 0.4953941573827773 0.5195983572556591 0.510952890870245 0.49929095045804384 0.5322327217201211 0.5209289300636561 0.5713667331667527 0.558662952783175 0.6014505254503388 0.5889092998261863 0.5817159983997213 0.5478541103193457 0.5701831479426026 0.5639691615566038 0.5832570517157964 0.5894991255075597 0.5744243295864032 0.6205797840977543 0.6189323748728142 0.5907993727068088 0.5974297019296793 0.6017617138077499 0.6143952479400302 0.6452505572070656
0.5692852260070072 0.5860734583129231 0.5969595144821691 0.6345439320412636 0.6564582468234403 0.6560163633551184 0.6255410034403032 0.5527480053747513 0.5406014346052613 0.4980555969357236 0.48190874065067946 0.5339509583033291 0.5466558179312498 0.5440049740588511 0.529832991228581 0.5079518241546974 0.5177905340174236 0.484400727818477 0.5011709015545721 0.4805069260160572 0.48992972166702725 0.4638411043857136 0.4782014838293783 0.5033164374744324 0.54162605350662 0.5643395207546961 0.5433113402617042 0.5671386658283527 0.591169594825394 0.575883906116447 0.545692042430617 0.5771811960643535 0.5799785805058919 0.5575120352250995 0.537314034036493 0.5503224157429518 0.5632045776623497 0.6062930821243168 0.5812688171656145 0.5916502977715601 0.6510414136232372 0.6626258208184629 0.6441657164846082
0.5802720233755353 0.6014701029354187 0.6543920671983471 0.6391916525941467 0.6628630634042482 0.6185471116841682 0.6413331048446139 0.5954701891876196 0.5266434913755906 0.5254845699157097 0.4889148011912198 0.4904364022448362 0.5300185714231219 0.5281979227726903 0.5155758478517082 0.4817365893575901 0.4948455173164759 0.511281462338776 0.47069315795899336 0.4495941927813771 0.45446356665576715 0.4614579628003651 0.449700466779237 0.47961243944570603 0.5239679795925035 0.5788527380616816 0.5855981435224763 0.5895788671585398 0.557474848179724 0.5571334081660682 0.5643392415908156 0.5833153584117603 0.5883236579995543 0.5322150156258859 0.5156271156361546 0.5243583553074626 0.555791628421457 0.5995859357840899 0.6241571179504797 0.6132411028943172 0.6504727954707178 0.6530190581786408 0.6575506517500815
0.6029184001091811 0.6313992386425716 0.6553296243191198 0.6251472834222502 0.6273906244711813 0.6063714982031465 0.5838467625788508 0.5672723761271122 0.5569242185960263 0.5130871965590392 0.5133656790743634 0.5108851404307965 0.5083047673126188 0.4953373518880294 0.5241669924647547 0.5047257945219474 0.5163670674207498 0.49431386301944413 0.4729321081643451 0.46461520975611836 0.47186804937938676 0.4863618463058961 0.46627191667302886 0.4801707661605026 0.5113385201845345 0.5377083136504023 0.5876441304721611 0.5937800254193151 0.572202803992526 0.6096710012176466 0.5701279595768847 0.5677120502839846 0.5572599536483287 0.5552256702680614 0.5678296612081661 0.5674400038621904 0.5543657825991002 0.599517352340142 0.6070612179209806 0.6333273116766387 0.6567422595079384 0.6234370639993304 0.6315909018028506
0.5653860070173916 0.5899617119068765 0.6459910865551568 0.6342635550008956 0.6105291305258618 0.5810542039014032 0.6047352803708694 0.5917614581552549 0.5872228332449746 0.5586256784447262 0.5544965656874397 0.5652797114588621 0.5174809255183028 0.5425231283471186 0.5153655915804011 0.548055455287512 0.547941038311923 0.5494071877253985 0.4957819129120964 0.5177308685938333 0.51295553580481 0.5069415893525759 0.47123833276284455 0.4844587688769062 0.5480924034480071 0.5556834965183282 0.5659275078283299 0.5811386973542401 0.6068546567975078 0.5876034257864197 0.6080604594541471 0.5813210769954514 0.5537204810998967 0.5887818126283585 0.5479833884804488 0.5413647895178674 0.5731381089372815 0.6023621597544185 0.6263882600996321 0.6196652022332536 0.6213511056855456 0.6121081377679044 0.6674724616020771
0.589807069823551 0.5847339736929515 0.5884915831689649 0.6023235029781095 0.6120382566558649 0.5883498839310531 0.5861296763359335 0.58602272658346 0.5908920038918178 0.5888856456867768 0.5907826229174292 0.5961866972436115 0.5801152001766576 0.5641978461038754 0.576709041132814 0.5763418612151592 0.5639560503437486 0.555214579962489 0.5366957275646921 0.524125204101363 0.5218072611128333 0.5076877908009273 0.5096286475125114 0.5217312090773819 0.508476563217671 0.5453973305982223 0.5830222139911472 0.6054392009755473 0.5905256378721853 0.6250683226614495 0.6221169480913906 0.6039338450728745 0.601873197824761 0.6097869849190094 0.5821770889918809 0.5794389527364124 0.626825156692651 0.6123729402924937 0.6386297559873861 0.648676376617075 0.6656655441096893 0.6369798025212794 0.6788635198735851
0.5676691706545544 0.5954750301220432 0.5833988781129046 0.5457400624407386 0.5436713667916999 0.5625588542503261 0.6057558454793535 0.5632757442616841 0.5579075720911526 0.5900598667072725 0.6005304880757283 0.6207343308967358 0.6231447514019121 0.5982460226258206 0.6311273156826895 0.5957598338826764 0.6124886232885053 0.6038341899743476 0.6266458573904311 0.575708974897585 0.556046224194129 0.5193355794331698 0.48137213599159223 0.5065372037066901 0.5080758864534021 0.5326892784342064 0.5954590861604594 0.5938363356670874 0.606023275423542 0.6280548418012355 0.6202287074427913 0.6071016793263732 0.6118154967568008 0.6116255326969078 0.6311171439436225 0.6239211450232165 0.6426954690339619 0.6239127817970033 0.6356567365383319 0.6793098611550166 0.6770047666601571 0.6923288028937684 0.6551029817994006
0.5785464358568451 0.5657537626381516 0.5665188273756241 0.5412118882472308 0.5561634288445697 0.5777052868579252 0.597760667804883 0.5924561280396405 0.5802063180672621 0.599502121413266 0.6299707364136854 0.6030923065782535 0.6338160913695118 0.6361975829672883 0.642979153811284 0.6423182384576356 0.6320831654171742 0.6553843421822135 0.628715554805317 0.6224701916249882 0.6094646391836692 0.5698970894898878 0.5455777320415415 0.5273203062830898 0.5321350496387582 0.5330659790704402 0.5434045911613843 0.567186479764443 0.5950254854620446 0.5763645046990535 0.5784475069366396 0.597183316535937 0.603870580443715 0.6229180632500352 0.6618160475033316 0.6580676473413692 0.6252103086543759 0.6438763970899722 0.6267095126817483 0.6651710583732621 0.6553185167722096 0.6977734850739817 0.7125056925133662
0.5521783543059686 0.524721963955716 0.5235937110145156 0.5100923779631499 0.5140885958037885 0.5700590302863684 0.5789779590244272 0.596863899231176 0.5756708346450414 0.6196514544543923 0.6447566637544511 0.6173773869721415 0.6188966707800999 0.634973351892337 0.6917374592182852 0.6579896025929357 0.6622437732850024 0.6822617998672137 0.63751536770199 0.6307428349930649 0.5992492511715145 0.5665940699021766 0.5442709515148769 0.5263549309919873 0.5512099779590143 0.5114076387610373 0.525192294154535 0.5161628424007585 0.5405910543617751 0.5567804654450431 0.5524764281232475 0.5741050373252579 0.6061986904428461 0.6191381588489618 0.636660492384147 0.6656446703156031 0.6453495592275331 0.6655866268827124 0.6574967836317607 0.6677982481430137 0.6829063011391667 0.7230017991998634 0.7124849917296804
0.506334152919174 0.540588689108679 0.5245261145655004 0.5256041494960945 0.5297655279572415 0.5706133571443412 0.5608159486582224 0.584354266027296 0.5848808532597692 0.6357641315973319 0.6527086521353379 0.6431952761882883 0.6665964105470087 0.6472400406707299 0.6747883881992992 0.6873637601554157 0.6722760486369718 0.6897964355201492 0.6867437001816016 0.6507679548287052 0.5999343070693836 0.6004210170685536 0.6047619137708646 0.5710919757841803 0.5424344013665817 0.5191132397384165 0.5121140690495497 0.5288923524095669 0.5560619087555689 0.5374812719338841 0.5735666977793835 0.5663334783168956 0.6015332636898599 0.6558183368537418 0.6548858801124025 0.6606909053157639 0.6372865162411557 0.6395701324550117 0.6712617303301384 0.663774281419067 0.6881530060969099 0.7177828909090817 0.7269945378129332
