Raster_benchmarking/continuous/raster-198.asc
NCOLS 100
NROWS 100
XLLCORNER 1743158.7640966293
YLLCORNER 5469279.622783097
CELLSIZE 10
NODATA_VALUE -9999
[rows 0 to 18 of 100, columns 43 to 85 of 100]
0.6723262488629576 0.6836294980344126 0.7113141390251607 0.7234844802469473 0.7475061944259122 0.7571847984264259 0.7670526092656884 0.7635536837233422 0.7493676467847836 0.7650037292058177 0.7874606488451439 0.8034347479357791 0.8001354640828698 0.7876164436645513 0.7647706503905177 0.7906874149735713 0.8081275762229114 0.8061665817860062 0.8022379480426179 0.8245818887166555 0.8653080417839101 0.8753611565710196 0.8655046977772933 0.8725456271453336 0.8644718288491223 0.8363150132570955 0.825958850946367 0.8593524617170973 0.8598186851454642 0.8624242648277132 0.8837560077601401 0.8682768606858663 0.8768555868456025 0.8942165812348395 0.9070454632961834 0.920552537777313 0.9317430204302324 0.9479401876095909 0.9523448233238762 0.9545765048254858 0.9779969544876974 0.9659028181431083 0.9833542303911009
0.6709576053514651 0.6630942671562364 0.6989634679646968 0.7088038222088144 0.7532357496697127 0.7319926429834868 0.7688120145396363 0.7644166127788302 0.744878669074136 0.7492125083621266 0.7927494231986532 0.8007934295365445 0.8179689475692845 0.7991235705079022 0.772112784504636 0.7684509046804252 0.7576211650709251 0.789052460173867 0.7945390674067807 0.8398215520766932 0.8554089805264093 0.854297167569059 0.8471793533056543 0.8337031711646592 0.8493981632154708 0.8216464889429537 0.8027373990798563 0.825528459207227 0.8470753603199551 0.8252581546619825 0.838279463236011 0.8580974551636442 0.8421410700506333 0.8595117365619525 0.8710193811378031 0.9192934049957489 0.9278676467953524 0.9413554104158435 0.9589110346384687 0.9637688603006603 1.0 0.9694617920444863 0.9977237222900747
0.6755658012234311 0.6734082796872037 0.6841687937946962 0.7191940607714213 0.700179763024068 0.7218863822520151 0.7131840544109789 0.7255782268165086 0.7490581936591001 0.7664490284321234 0.7961853255661474 0.7816401278669997 0.8104085907311487 0.7967015951116773 0.7995912096389423 0.7825283528714625 0.7797927654271181 0.7682121448203159 0.7785757052248705 0.807778977485648 0.8358853893945702 0.8224517828361483 0.7992626258534946 0.8122887405002546 0.8326928037995605 0.8101961817180453 0.8035770913243893 0.8051832881169986 0.8269315265637919 0.8047133662737315 0.8402627929578981 0.8267812063006303 0.8504583405674585 0.8656638598525841 0.8847034820470902 0.9013623040200429 0.920517193185896 0.9289974162440318 0.9562433865526533 0.9677386486794659 0.9775816299395664 0.9761534168158548 0.9609906358981524
0.6511308310443734 0.6923041332149306 0.7133098285781195 0.700380806090837 0.6802772471575037 0.6789659441206733 0.6903650643630672 0.7238907644904264 0.7345453797138196 0.7525229667098523 0.7735150830981844 0.7667643679547601 0.8044295712662177 0.7955194244261965 0.7929689634891988 0.7629123187688998 0.7578962220254215 0.7546355846525611 0.7712559849108963 0.7798831127326167 0.7848031112962924 0.7724040198256086 0.7684156637049864 0.7873263828203724 0.7986379334655179 0.7903521199331008 0.7829872782745874 0.7948467244486931 0.7953882583544857 0.8078723931473492 0.8143462396066528 0.8616615868591497 0.8725419903748166 0.8591222670730404 0.8938436146303039 0.9048375157982979 0.918351511740763 0.9272579034858942 0.950032684435467 0.9642054435647587 0.9759162554977118 0.9660590363351038 0.9434562846056936
0.6451815435017406 0.66993118346513 0.7081738955753708 0.6870800603598975 0.6909973191016077 0.6714154192875876 0.6633463413377969 0.6947415055062034 0.722523901735892 0.7568956396117122 0.764559931043237 0.7849750787748851 0.7763587340271844 0.8076460246585443 0.7801156405019819 0.7482945554146228 0.7377182866733158 0.7326316213884149 0.7430241743655351 0.7634518266237391 0.7535099244487538 0.7525846268137771 0.7712354850537965 0.7705518118185737 0.7635878383511958 0.7807047237925 0.7658121391711638 0.7846405885662779 0.7885525074156218 0.8144936519552308 0.8460724447035332 0.8705678230623844 0.8516173922723267 0.8740934485347212 0.8839689668938643 0.9227594073992205 0.9088112615515248 0.9047306882973447 0.9012997737031236 0.9471970612736318 0.9602217321999817 0.9541787877816589 0.9632847049005596
0.6768456372443917 0.6948168465000722 0.7060970098307453 0.6688556013499591 0.6569382304306192 0.6730323598730079 0.6725092247734445 0.6957935575080656 0.7425671459646684 0.7242917604199534 0.7589545042439511 0.7629600868094651 0.7691745400549078 0.7823044347607154 0.7881490780984608 0.7502993813366737 0.7142471863013388 0.7014364289813982 0.7236466517284218 0.7177454615152885 0.7478150907799219 0.7355703460745079 0.767668345405626 0.765575724354545 0.7550450449820418 0.7745609374396553 0.7918751460962989 0.7995062585359516 0.7971396593948672 0.8128163663522016 0.8662373047456572 0.8536975709571625 0.865202185639109 0.8887571014127554 0.8971585571815066 0.9088781111595108 0.925452362724144 0.8905981628031533 0.8787012086853966 0.9139007878167901 0.917581591755373 0.9430317339763175 0.9517140742876827
0.6752766892349771 0.678867880267389 0.6632233819197891 0.6638950652231558 0.6446785104238987 0.6512469437492773 0.6837656807081015 0.6908860157315154 0.6945040600090517 0.7106749184366544 0.707979108418079 0.7222335691077236 0.731618382542945 0.746763718322986 0.777979558579536 0.7525150521081271 0.7270231641672648 0.7035061557167614 0.7020907825929377 0.6980810958733464 0.7066643098248183 0.7183423108313215 0.7353211278449444 0.7304706970707625 0.7467012011075889 0.7375888538484673 0.7752679051561672 0.785596866950725 0.8005358039588625 0.8233885404373569 0.8342288462581795 0.8615371342832393 0.8692410230359026 0.895281128038622 0.8965078811189399 0.888758828248223 0.8963207090515894 0.9182375126139455 0.9226751291376206 0.9165218221295299 0.9095051436125563 0.9396690558708231 0.933226126915864
0.7000994075144423 0.6973830377639617 0.6741255375684044 0.6566429548521512 0.6564920090653309 0.6626004703392224 0.6781638129649628 0.6856418670883813 0.6999230056669848 0.7002794101962712 0.7126492284697887 0.7085658730060029 0.7197941622720108 0.72895402743994 0.7595534258989409 0.7166662125247595 0.7149228482096252 0.7030628127157909 0.6831532811020974 0.6785082213491559 0.6810600384078525 0.7031101643424196 0.697927391224811 0.7069349678050345 0.7145497934379023 0.7164378632856689 0.7212053399332248 0.7488619125970429 0.7628989801229356 0.791038525440631 0.814589394378349 0.865264071704486 0.8922192864224251 0.8639741249587264 0.8816688829787385 0.9003477296844209 0.905715472829081 0.9143494557148207 0.9238730706205901 0.9072789878769276 0.9228281100583158 0.9202603678923373 0.9379324249210849
0.6956981760706307 0.6669779610603038 0.6723067481447645 0.661133723468257 0.6711648594576994 0.6605197299655275 0.6381470132432508 0.6807385491798239 0.6714808486906256 0.6929556941634265 0.6911724349813931 0.7134294746386921 0.692310757858622 0.7139898763250045 0.7382238861911771 0.7121315710359081 0.7152641877901137 0.6712602758048746 0.6856575419751174 0.6564305670175921 0.6501111851724581 0.6621277562577043 0.6712357408499016 0.6692598672602565 0.7091467841386353 0.7010523547941702 0.7356620363963705 0.7401205897891437 0.7454485288504776 0.7976867516639043 0.8138869336103501 0.8373841920501734 0.8483204460889326 0.8608544804997782 0.8876100240496065 0.887476168409437 0.877477863730258 0.9098927408988219 0.9211438057654882 0.8897101936790844 0.8908745620170584 0.9156149256427378 0.9287739281819674
0.6736827861980491 0.6581307369900371 0.6515371880024834 0.653628797850832 0.677033798364299 0.652062276528039 0.6070203946458868 0.6505693538333728 0.6891040686838761 0.6662189620550796 0.674552307677419 0.6712399412667056 0.682595406285605 0.7040309675637986 0.6978487485371868 0.7010053320266818 0.7049867481395318 0.6625322154391462 0.6586869853520037 0.6630121307065212 0.6502444876286837 0.6534785107964677 0.6524140337486739 0.6450336161977693 0.6750270464382707 0.6800165339650861 0.7110484564457092 0.7232875068257898 0.7544782127393882 0.7901502591226047 0.7973531911419052 0.8387969589177053 0.8466741281995385 0.8509815166371363 0.879093269128758 0.8764007934315862 0.8688573957129414 0.8826103479840988 0.8879140338370438 0.8607439948825433 0.8706573964166624 0.8939005103567524 0.8971007397798838
0.6736353910984129 0.6714793237461613 0.6660936343324972 0.6828682416297635 0.690271415698131 0.6671611811886579 0.6443062769444362 0.6402452291352427 0.6584504650786486 0.671274971260682 0.690961394217072 0.6718411382602996 0.6887556214071389 0.6749522457992687 0.6733567303034728 0.6844064413216787 0.6679625882850876 0.6515139119196048 0.6375682145090142 0.637427299151035 0.6582251471967643 0.6601183468249272 0.6450014566405631 0.6559976253234111 0.6703217277575781 0.7024734641272421 0.7054488499330324 0.717285890139128 0.722862028625898 0.7579056647360384 0.7642542421524352 0.8033823345180133 0.8295129525066347 0.8452149867918435 0.8645441004238761 0.8592513818076716 0.8810788975652667 0.8885909020470839 0.8875084472361549 0.8625277814513695 0.877028354226127 0.9031104417084015 0.9085753743651701
0.6517178321788835 0.6873270612729965 0.6792369476962811 0.663413352111551 0.6772097604528146 0.6382277050336931 0.634958019470815 0.635720277448002 0.6494481327530344 0.6495773871313104 0.6756187617831354 0.6818982778995375 0.7120366720913821 0.7031300263481791 0.6787006591544027 0.6557389413723528 0.6547699323476276 0.6347080060111596 0.6351511327207766 0.6423975845900639 0.6644452749501937 0.6665658881301953 0.6685172443087856 0.6736255384984319 0.6784276130671026 0.7059517755329114 0.6831268722605005 0.7165802785163331 0.7129889958076109 0.7207267679168946 0.765696765964141 0.7840724180324846 0.7668719193925777 0.8038148862572014 0.8525509204233007 0.8586764925289914 0.8586174220947322 0.8707170857514207 0.8776942405112524 0.8668953622049682 0.8884414592153032 0.8799444866410665 0.8989355448176667
0.6742921153602423 0.6721898886638513 0.6879684495067753 0.6605179762898318 0.6507521324587644 0.6474348276148822 0.6360304368282454 0.6322499717581497 0.6378222182875035 0.6622746054702001 0.6652888875124263 0.6979031357983941 0.7036143647430597 0.6997889618166239 0.6833327326517867 0.6484805002509452 0.6391796692815743 0.637027953544952 0.6387860081638388 0.6443140451217395 0.657446534692623 0.6322475661360519 0.6586633789753084 0.659608931009131 0.6969416127966985 0.6887828008972217 0.7088335825878807 0.722925342980532 0.7376747900211927 0.709651751563229 0.7204828015744463 0.7377729177172344 0.7428395109509777 0.7913761213971607 0.8081368190470852 0.8231098500507777 0.8396015871801151 0.8516147480146006 0.8636594642022242 0.8597583519929849 0.8675856708810066 0.8704247416974293 0.8502932612664511
0.6748487685258975 0.6539630917522937 0.6716171113539154 0.6630563816051691 0.6493587589637766 0.658673263534578 0.6618720748872224 0.6424981801040512 0.6295751487363477 0.6515936145372269 0.6795068293015363 0.6737519003199142 0.7009234032449516 0.676244495657595 0.6741395292004434 0.667978372033987 0.6253745382275555 0.6161733389601652 0.6379563944841327 0.6466689982081246 0.6144094620666892 0.6293530319722704 0.6411983426162877 0.65242413354141 0.7010998672116049 0.7069075975004384 0.7007241738944552 0.718629738893611 0.7277773455015837 0.7262470783146578 0.7012015723797491 0.7404533948579343 0.7295094426926282 0.7486757740581182 0.7860232552536781 0.7976623614156937 0.8223674736400419 0.8051930268531368 0.8061660013236264 0.8339208507255323 0.869395452751758 0.867499778183945 0.836735325962741
0.6726082572039075 0.6672417382070225 0.681561474380697 0.6794641082208901 0.6757173445499456 0.6788903008245989 0.6654348814742717 0.6301271483833445 0.6156753584091511 0.6389157924970578 0.6698486314143486 0.6848431465122748 0.6870656966391077 0.6692182926570086 0.6554309757120755 0.6510685340660417 0.6329275871509706 0.6249870183271444 0.6332181693146396 0.6245901294325255 0.6112654024135449 0.6289416471266944 0.6252585883960655 0.6626698847212992 0.6757395745588431 0.704652066773926 0.705517533223307 0.7361292858400467 0.7386186006708024 0.7355807081697118 0.7145714478274727 0.7246434657739218 0.7284620696795884 0.7366475826001265 0.7876541968368512 0.7958263252659767 0.812800898429666 0.8050147652659456 0.7886589133009135 0.8204275535097355 0.8485014714916593 0.8545696866635226 0.8307286145563176
0.6292496019675706 0.6445493811424217 0.6801982555048259 0.6666315423800733 0.662469273259155 0.6447016984536189 0.6672933473153752 0.6293682398236481 0.6200587976892107 0.6485289912530633 0.6666217710002744 0.6485509732130765 0.6762808517581633 0.6755755551648871 0.6949825058891809 0.6757391591364472 0.6357947855264541 0.6342643348179523 0.6729232097870068 0.637414382739012 0.6194855297260339 0.6460874305808305 0.6420189185694197 0.6620187680737992 0.6983656398160795 0.6992164948849191 0.7377671333858636 0.7309177826530237 0.7245665421933478 0.7302330639667114 0.7412930230928342 0.712900311897578 0.7203617768530006 0.7521536980078881 0.7643147605934738 0.7485340310304698 0.7532074433723008 0.7670824610314085 0.7726660561582817 0.8175186145197689 0.8285688669535507 0.8097354018946811 0.8237817977896975
0.6266068879243543 0.6574887163244927 0.6520407741741197 0.6738137807812665 0.6475271533990685 0.6466749784939129 0.6379814193701536 0.6488662086203336 0.6249629956946915 0.6206455915776236 0.6228188935221027 0.6425201599620185 0.6621194699773482 0.6687345152911001 0.6856546215173225 0.677682544194574 0.6464939890532391 0.6741828244300918 0.6657580721039177 0.6384432345299185 0.6459968511312808 0.626701503521496 0.6533950624228712 0.6738210732581889 0.6830418334705541 0.6867808411293966 0.6946150855675405 0.7076227469180668 0.7184673689538311 0.7147893227224669 0.7146530709790151 0.7318624786814348 0.7401190955261371 0.7282354969036938 0.7301117591289886 0.7285641596689434 0.7374393879646859 0.7659804250895003 0.789145538289882 0.8018270067828838 0.8045042541851444 0.79470502114617 0.7856924500560911
0.6242384655345379 0.6430840895933214 0.649993215359899 0.6511102403096142 0.6702724713347359 0.629981492186487 0.6308161896334895 0.6407532445959185 0.6274913786991524 0.614963755950823 0.6074602218373972 0.6271024899071366 0.6455047980757138 0.6400945976387085 0.6674568182052841 0.6398964161376702 0.6361306542460458 0.6529012871905094 0.678606829264988 0.6511626267803745 0.6276672287515515 0.6283804314150739 0.6310739719946183 0.6470100288010012 0.6618232474454531 0.6761152852410168 0.700051466365482 0.6950342176757156 0.6832161938358878 0.708544900265712 0.7087076852450956 0.7101187254543644 0.7223646981773916 0.7315492859705456 0.7346401073407011 0.7314101350951121 0.7379777490259404 0.7619433752225623 0.8077971498575308 0.7972818078972257 0.8099011004529091 0.7812563939816061 0.7439951487475998
0.6290241525169302 0.6378359938725167 0.6412390609085258 0.6625657966038582 0.6583195236573831 0.6232413495192509 0.6029846972653173 0.6086868175414413 0.6292853518350071 0.6244500348674158 0.6323320724278486 0.6153530144921604 0.6345230971520909 0.6510950665129379 0.6592710382494285 0.655522632042893 0.6423575914994674 0.6530096590395548 0.666365165771297 0.627764631312506 0.6380369505293874 0.6098841466424876 0.6486533209703166 0.665849556751541 0.6747074598023525 0.6778534306928287 0.6832594869383137 0.6984043341913488 0.6809269057198017 0.6876957553427241 0.7063675210139628 0.7353087716917154 0.723218198489327 0.7437391815656902 0.7495795531925397 0.7456522024326173 0.7596404516975809 0.792584151569479 0.8112430872184174 0.8086447770600226 0.8064795425431972 0.7907538334908207 0.776009706094985
