Raster_benchmarking/continuous/raster-351.asc
NCOLS 100
NROWS 100
XLLCORNER 1743164.2940381048
YLLCORNER 5469283.701673392
CELLSIZE 10
NODATA_VALUE -9999
[rows 76 to 94 of 100, columns 0 to 42 of 100]
0.30552493781019935 0.2845013794373385 0.3085359086539051 0.3313218225928819 0.29244537631917705 0.2847867524226342 0.25253945913587805 0.28302127204804933 0.2451207281862869 0.2910666038926138 0.34713393316396746 0.33673999018762846 0.3634304881131735 0.32049198575046267 0.23835347233722096 0.2034355259185996 0.1703729217296504 0.2153678253699171 0.2626571063215231 0.26633122279825455 0.2377282799480703 0.220857665877197 0.2115200807958235 0.26431682769909315 0.2955818033834808 0.22639374885345678 0.23550144427254874 0.25210369508994135 0.2814774354207979 0.23777857080333548 0.22034979743020303 0.17189853500201127 0.1342489979165354 0.15197247104919165 0.10973089177273825 0.20316646829236693 0.21130409058008626 0.15746138610030166 0.15483811137441705 0.175466308401605 0.12330118043883688 0.1750226872113511 0.1719842380983766
0.3081636714504753 0.29711580218813805 0.26018858345111795 0.246346068882706 0.224177506144349 0.24103949879426018 0.20428852716928123 0.24366385011331915 0.21634475629764716 0.2846218727933699 0.32084805174181685 0.2926859263165857 0.30304681518116966 0.2832533234801198 0.24476210802437512 0.22330951250014647 0.24298514694237458 0.24023607518376186 0.2085894531990915 0.2386910046964157 0.23772626398536276 0.26043604093685374 0.274245134577353 0.28876025241249836 0.263506668204836 0.22765396267306345 0.25758219768563406 0.25160371589350156 0.2213645149621572 0.2546203875023917 0.24142321893711075 0.18163735158896938 0.151441349138463 0.12948337831756607 0.13363947521145914 0.19682992173538374 0.1937886547957116 0.17526451933395143 0.1503124384187018 0.18838342955621903 0.13869216683697266 0.1649326499276355 0.15669526810264756
0.307793103575392 0.2582515208950775 0.2155844683366332 0.19515015855290274 0.22061293584598338 0.24187423174729306 0.21460464049192848 0.24808031597488037 0.1840335190855544 0.19791450969017008 0.2567125782646051 0.24085842381256414 0.2892250918362579 0.25560473657065036 0.2313024142056225 0.21349796051173833 0.20416771632799877 0.22706823749001595 0.2250904441596463 0.21796636556720903 0.25600887025900276 0.28555003285265956 0.26687076532814197 0.27827407736506227 0.2854976603907731 0.2671535555127167 0.2192717062930742 0.2436430579187421 0.20450280565540313 0.21135584201731913 0.2037571074856621 0.16719115713401897 0.16396008197389694 0.13408225794539252 0.15581770045947985 0.21049662112908732 0.18593790883018632 0.1977313055851756 0.20688865478959567 0.19639883019088722 0.13930231828556897 0.10379443983865343 0.1332569425998008
0.286660621959561 0.23885183077431424 0.21078409448926821 0.18494863620744073 0.16853756273996903 0.19788870204499018 0.2042489323145425 0.23994724784428043 0.19607964906321834 0.20183725581804318 0.23908986457769774 0.22412401167164245 0.2510501669184853 0.2938539226281486 0.23182096358804752 0.22152630995222747 0.248489187784971 0.26101786595373166 0.22849028700706758 0.25199751973865464 0.2508052943026677 0.30312431681640467 0.2865901473662943 0.3410391291046984 0.3246832731446223 0.278736290360266 0.26398973990974023 0.21566713674513802 0.2532313280264598 0.20341665104653303 0.22897095469699824 0.19017515009662364 0.20050855646098387 0.15814921540531693 0.15698562014999046 0.20387886915421702 0.22026426180451888 0.18102691751321703 0.18397604551819588 0.17991479517752412 0.13297208116152104 0.09990958874220524 0.11540820466344877
0.24757957018932847 0.22139619233463773 0.22035006187069853 0.24414077454922173 0.20260605689468725 0.2250164016346668 0.23472093316291484 0.22973629847642882 0.2389058652376702 0.210150832758224 0.20230250346942333 0.2557116766733831 0.2721517378212927 0.31934708903346587 0.3160026239506326 0.2448044556821784 0.2261995875206736 0.2512549875773578 0.2535006791630884 0.22750968900043742 0.23125372502028252 0.2658845627929677 0.33845256418836367 0.35449778661468473 0.34785102291788605 0.29498410945318576 0.2861640819539921 0.3101574959639893 0.2780300201049814 0.23670431809538095 0.2066985587471673 0.19607452005278939 0.1688793140917216 0.19858805467173954 0.18757550902817352 0.2501661730056015 0.25317824222266333 0.1746805134192721 0.1604950097345996 0.1530587300203942 0.1072112860802635 0.14871573145376266 0.1465052292484348
0.28754154108730806 0.24991096350185088 0.23341517859402103 0.2292264860821747 0.23580586695803057 0.17851665014094578 0.21467118231252033 0.17867014322099098 0.20084080336769286 0.18650788938461987 0.22642775196303602 0.26013695537545384 0.2604917160366901 0.29921732176595756 0.2596508153934393 0.2604033730552586 0.24556847449257851 0.2865916868412361 0.2774397541269269 0.2518335526930653 0.25753931889204895 0.31081763493448616 0.34122143647081987 0.33592534381708133 0.3861842765142185 0.3535808306204846 0.38278422034071474 0.35044358935668446 0.31164298780143496 0.3053999635958498 0.267665165823172 0.23018481421357112 0.17475010945266412 0.19094506641979614 0.23983076160712521 0.27397411943168515 0.2513825845325624 0.22290181003492307 0.19025851576420488 0.19852098091874298 0.19578619369520947 0.1349727360726264 0.16267508859215563
0.27837226492685174 0.23555498428012642 0.3018230045133952 0.25407972508756993 0.21615591537049014 0.22130765345979747 0.18896328001453602 0.17994444701769471 0.1343982752757208 0.2155773981134382 0.2366843297308422 0.27020742803681297 0.2298031419234024 0.26351167829854255 0.2917236018871982 0.3001264348732215 0.3286848589915858 0.32599954214630184 0.32300792154111263 0.3100764803721261 0.31028444581092746 0.28987581124063183 0.3319051664572644 0.39874510068221347 0.4407307486722028 0.3928200102598899 0.4210015613521004 0.40973827326075685 0.38986744996002415 0.33886368437589964 0.30167699765495704 0.20495748640394082 0.17577615277594374 0.17521862695512855 0.23268035685234284 0.285605269989357 0.3381447400545601 0.24240273356382339 0.25026391763772804 0.20186916685426146 0.20867196357347848 0.1478915978778954 0.17312135217947144
0.25990432979250605 0.24402354714263394 0.29949191284311244 0.23495884400777936 0.22835458075320836 0.2177102358351121 0.2524376753867322 0.22131470591686012 0.2148412230266457 0.21346934949642765 0.2453784862942336 0.23467127234661975 0.2833289005571608 0.2745719297537048 0.30909923200510986 0.34276155929817853 0.33497433792044046 0.35574815726493103 0.30408265721526617 0.3085144527331174 0.3445816883657473 0.3243868247047692 0.40763920222698663 0.42633305212495526 0.4134312009175516 0.40817732134831697 0.4653972025762694 0.44826956360378856 0.3933194418098852 0.37188191601446186 0.27878196675655986 0.2220813627343738 0.18726439562144798 0.1973412446904836 0.2536450650552113 0.2708971976124996 0.3036890896459653 0.2824820192924558 0.31876235402176256 0.2544160504819594 0.2100868998355583 0.21103797800277113 0.22794756488841922
0.2239823810151655 0.2212767418681508 0.2779030467026902 0.21591912016092837 0.22932500034246886 0.19011654659880375 0.24128708049470873 0.2228298282555457 0.2323253040858076 0.23512194704461786 0.27385717670155807 0.2263612706891778 0.2545842798098788 0.2975439872081943 0.33044507519006056 0.31029592227888575 0.323357451311376 0.37483885875376993 0.335492236246636 0.32417782328331585 0.3580381223691244 0.37176748694871214 0.4129510628482312 0.4333664798554831 0.44995424964563513 0.45381843505047376 0.4615655581682118 0.45792835956203776 0.4623560092006878 0.3618202377650988 0.31873905253346385 0.27304738723815025 0.20250336462720234 0.25747674789579794 0.2479817336180166 0.2895654628707803 0.28933254449159085 0.3132599778355917 0.3742880592366792 0.3273287352682232 0.2950995217379235 0.2519473589273355 0.25750850795615665
0.195326145935122 0.23270083036365385 0.27604763459235454 0.23749027979022852 0.24006032019692963 0.21053919155986425 0.24792396306847694 0.2581612849685577 0.20447623701707984 0.23741280061100184 0.28763444243609193 0.2651719750794917 0.2679253496996593 0.28672824017542364 0.2991155225851675 0.35776534477114447 0.3503864258740777 0.35731535245338597 0.3365981933446744 0.36724223133819184 0.3772575002669422 0.45266599357518456 0.4172288031729298 0.4322878728149144 0.4622113711189671 0.48154154168097274 0.4601019294182874 0.4843553468405378 0.44344908260851934 0.4066785021314369 0.31697893942037625 0.26860876359255625 0.23861025723780696 0.2979669667413566 0.2968841358662982 0.31537035262981644 0.3625785175875627 0.36916529416589194 0.36758472272283993 0.37492521089785824 0.3138250535659437 0.32436486285402155 0.2733576230289892
0.24624578160362948 0.209884701640361 0.22893651829555298 0.2761356704849801 0.2580297968371334 0.28476857697665964 0.24195517084312507 0.27148518198796284 0.2114949817862931 0.23800506988333017 0.2962616927291065 0.3376439450143732 0.3130114703577202 0.31587418701192876 0.33506417515840015 0.3647873988461955 0.3273340533457625 0.369496451588256 0.41521398165310075 0.42145894042946624 0.4529324003478123 0.4935526470891275 0.4553080853606311 0.48101332647191886 0.4526719321955359 0.4362163086051837 0.4438594629581981 0.4964597308649353 0.45801053164926503 0.4337344536805485 0.33475805311010903 0.35197065252559817 0.3028275360944186 0.2859524895721619 0.3037763823677635 0.3413597354759766 0.41120737602614776 0.39048998911085553 0.38826573920508467 0.4183995312688155 0.3855879380981299 0.3116911596662902 0.2665665091808936
0.21131854963723126 0.2330361022984541 0.2650371370436912 0.2745192374700436 0.2461176220450145 0.287346363858761 0.3015831595666281 0.2339386559444516 0.27867561249581413 0.26955335935481795 0.2808987261805636 0.3467384315725306 0.29507883580756405 0.3161144959194754 0.3332804596747809 0.335407781218055 0.37350471768890936 0.3652594033885324 0.42971411431595413 0.4314243532315114 0.4674945623503164 0.47244235992717226 0.4453108512224061 0.47341818201592967 0.436440877704271 0.48745882444964894 0.48105558267099396 0.5248721008706932 0.5059261599798724 0.4590403230306314 0.39221469725984287 0.388527804570168 0.35731020176027656 0.3561760834100258 0.4055828892694838 0.4153957854795929 0.4427855465306678 0.4219529526074985 0.4023852222463063 0.39191708515175844 0.3893130845564738 0.3369680705494716 0.2858484350778784
0.25584692631429196 0.2693429256830154 0.2993265619555238 0.3116463351731212 0.3027067669839017 0.30351440527739765 0.3223198447270362 0.3122532111854569 0.2623805755831216 0.3268690180136506 0.3383563073583564 0.3096918149747676 0.311455544011613 0.35853671739047394 0.3504198995439356 0.3498688976273955 0.3470894722904809 0.3382907039245989 0.3708423426736855 0.4021167851612785 0.44099085322545023 0.4618240723919887 0.47617752577745837 0.51808623928514 0.46961288401293416 0.5108553488648618 0.5622125669024846 0.5763066337445079 0.516635119353362 0.4621609008745737 0.47469971443582454 0.4422530576199646 0.3941220227552526 0.3796186690699381 0.4126694836818239 0.43013692072690207 0.44784535924057617 0.4563765599128421 0.495837296527059 0.43144233240947255 0.3796018331110748 0.3579370942092503 0.3426859434228139
0.27726260863414 0.2868243673864302 0.30818042627822473 0.31522136725205663 0.27250063132964236 0.3187299996904538 0.34095551620915393 0.29010617855398574 0.3188888004378143 0.3330289449227337 0.3460702738202411 0.3274259623445873 0.33951250081452444 0.3896577780882784 0.388799512061896 0.34025262355826025 0.36612531878505405 0.37158571183296424 0.4262212988810555 0.46759725317450523 0.4959896603374567 0.4665544136304962 0.46957646463860553 0.5170199296395522 0.5178612255727041 0.49928544271422787 0.5482456531706136 0.5643066608365664 0.5364995425710957 0.50068425735454 0.4632387590174473 0.47946836906602514 0.4349407445075637 0.4831403352418888 0.49536983624008657 0.5007791296363537 0.5057486241632354 0.4783903073097619 0.492046735489442 0.46650597350574535 0.44978388720297124 0.36742624858758904 0.36350994322741687
0.1886719398850223 0.24038233248687169 0.3054731226005939 0.29530169246391635 0.278557493582631 0.27818485732816395 0.3389749433416123 0.327743002519773 0.37455754733444596 0.3155976009067306 0.3051094445705676 0.34266785038361197 0.3470941425777453 0.3703732583539974 0.4103979977966773 0.35786345303449246 0.36138483804952704 0.4296128860603042 0.49728323113416617 0.4855678225982223 0.527004227114966 0.5209616199403199 0.5095420801030095 0.5224461819830714 0.5893311068530624 0.5464369358974013 0.515230039990455 0.5332730481265069 0.5361780664621101 0.4806767810936377 0.4819674800201567 0.5025726039557105 0.5163956860222102 0.4815197582247679 0.48961340269728804 0.5159314757528703 0.5331025401243321 0.5063668321762307 0.49294086838495477 0.4852034470004603 0.45692999763373254 0.386703748447938 0.3133168139687718
0.2784012241879929 0.24566188524850752 0.26605825756453 0.2718658589666458 0.28582844826607695 0.28898529246062443 0.35161058345769386 0.3818350997334126 0.3708363683963466 0.3876468109428527 0.3473226566621456 0.3920056606573769 0.4001899492834849 0.3838493508314945 0.381645607287134 0.4372682968331033 0.45595372032559034 0.43861978261989293 0.535795893807534 0.5559600021981286 0.5525410624043803 0.5200146116377619 0.5295221553599732 0.5446337449237754 0.6014454461815415 0.5835488571114272 0.5345733713557088 0.5145599910445049 0.5049657183343135 0.5340325328719379 0.5058705055444475 0.473941508493395 0.4888826410783937 0.4752171137765035 0.47008080207761543 0.5217969661838522 0.5439463931955378 0.533412419177744 0.4671978970357152 0.4375046461859467 0.4165129503914739 0.3866468491450662 0.35168952561130257
0.2948288055029583 0.24472214644081647 0.2536455982274383 0.2866348919799714 0.27367635070735163 0.34826200574669675 0.36410000327233466 0.33652269812761715 0.3740702770094416 0.3475227689928914 0.35558961949244294 0.3636910587359861 0.4187326673175523 0.42455685936131143 0.43436913432201146 0.48765501187999893 0.4482089673254273 0.44943588790498856 0.5142204827765002 0.5700734586361605 0.592421118528142 0.5730725727230597 0.5302364812533782 0.5607605708320902 0.548699591864973 0.5824897923187269 0.6067197489040668 0.5651183548980508 0.5309615140830872 0.5199560818195212 0.49478023837728763 0.45960044594754873 0.4808625004287194 0.4749332910863978 0.5134377269353357 0.4921299951645564 0.5157459843762549 0.4754084031697835 0.4720437726387892 0.4388463442873259 0.45403913450192374 0.38316024389964265 0.381956821945631
0.29505525174942204 0.27177576740354736 0.2924321742215824 0.31702972038951654 0.31533696684297924 0.35697978642006545 0.3234591375720414 0.3466925031660884 0.34494670596673616 0.3003399907715188 0.34640857313376505 0.32939738794852796 0.3630003091125583 0.37213223298592024 0.4151423968138699 0.4927278586246266 0.5242552253122343 0.501962750911255 0.5149373818502821 0.6003038611199728 0.587463530488673 0.6061350186726657 0.5837292139819621 0.5706969124996019 0.5559991492035471 0.6029811890166235 0.5785380382300757 0.5660240355574345 0.577011059400897 0.5530310178721342 0.5401669927805086 0.5093777110920009 0.5028560880754142 0.5251742352866209 0.5639863288677045 0.5539636171464905 0.5362378122333792 0.4932272355080128 0.5031630484290628 0.46316550720508853 0.45519564154613945 0.42127911655930267 0.34744710234156695
0.27632199631290005 0.3263388939944009 0.3664716144639942 0.3782178408410947 0.41337632721778855 0.37419242131622743 0.27677355845236407 0.26911868652408205 0.2669878864890799 0.3274703231245433 0.3174206438286473 0.34590197057950217 0.3117332224843292 0.34728442227075024 0.4427818769750409 0.4924351457792364 0.5163130893830394 0.5594298579811485 0.559868474911932 0.5644822933694565 0.6097608688699374 0.5888006050974438 0.5978140239663435 0.5935897504257123 0.6042140713521961 0.5922212500989243 0.5928343399704769 0.5582768455703994 0.6196161481761917 0.5440701471806175 0.5215663355633979 0.5242976303656173 0.5147600451194313 0.5899980278516592 0.6124427582217481 0.6036229821138828 0.6024302109138461 0.5037699227994142 0.46738818593122655 0.44950531618952516 0.41264526452510997 0.3534656974826475 0.3088974329726193
