Raster_benchmarking/continuous/raster-249.asc
NCOLS 100
NROWS 100
XLLCORNER 1743157.7884451803
YLLCORNER 5469284.644279557
CELLSIZE 10
NODATA_VALUE -9999
[rows 19 to 37 of 100, columns 0 to 42 of 100]
0.7459534027446572 0.7285079469795205 0.7083936862637317 0.6290814511503633 0.5997772340831838 0.5700164331092219 0.5945491243915181 0.5577083202623676 0.5100003288974133 0.522629748471202 0.5298307366285914 0.49860537717771575 0.49920423131609415 0.493686332090934 0.5191929406667629 0.5124502233503425 0.519716097925131 0.499580379286253 0.4688056636778742 0.4455777471956038 0.4170401991360583 0.41310172619897106 0.42740346515164274 0.43693207395977646 0.40379573827942217 0.39527841586180756 0.34410015283835227 0.3302221873730698 0.26288594492117956 0.256674491823716 0.22580416074238083 0.23130204936584423 0.211881330020232 0.21224605378208192 0.20444864565632723 0.18651399378010433 0.18358551827930736 0.13601307351789219 0.1234182970061668 0.08750240631101211 0.09837421610271685 0.11915201304797876 0.1264053039729252
0.6924358630270637 0.688728985156457 0.6727598056887096 0.6226814728333552 0.5847356205743095 0.5700537613197726 0.5469281910440383 0.5530112492668567 0.5084867107404958 0.5067657120691251 0.5180392595108771 0.5259835773130598 0.5289181926314449 0.5204251191907068 0.5323548720631062 0.5085316820085489 0.4823327750672605 0.4566622658326775 0.45428254607921836 0.4400980804972811 0.3794520590949867 0.40188280649987446 0.3780737973123883 0.405779523166881 0.39823656436458743 0.3474863545247662 0.34481951628471874 0.32566102591188384 0.24067667420544447 0.26333151965328344 0.23617175522073103 0.25555414794426334 0.22556526068094887 0.18732955044871985 0.17219629866096575 0.20131907239158758 0.1903222125275725 0.16948905344697376 0.10336107380785223 0.13003468970587967 0.11555513778918394 0.15378868618476385 0.13556459742090035
0.6860211604732188 0.6871300070449341 0.6901170782132627 0.6533327867154585 0.6287227758894733 0.5804514834505243 0.5690136224952996 0.5465071064607911 0.5223475861629303 0.5483956700840756 0.5178487322589846 0.5361077029266742 0.5373110340927166 0.5355341706928988 0.4977140323695568 0.4806257749496998 0.47694991144970605 0.47106747622699247 0.44990233923436257 0.4125383563378536 0.3720497925592878 0.3764324557411868 0.36969542193992305 0.3836561766439355 0.3458258321224506 0.32579850503815094 0.2913202816221947 0.2949209230768509 0.23972291052677488 0.23285872191527165 0.22767425044091233 0.25231270079487766 0.2179515683298791 0.22715105152877724 0.1680691465450109 0.1729813147329015 0.20312691444607237 0.1680999576146911 0.15395189763313497 0.13245705121200896 0.11339104733376729 0.16219109848920377 0.14839106540281427
0.7218341901701948 0.7052712532970415 0.6750069879674393 0.6686146210990633 0.6086073153279109 0.5859978629555276 0.5265780888643323 0.5613004925444381 0.5191494641644375 0.5657585423141365 0.5690122224139949 0.5459262239504807 0.5850927014516617 0.513116302699422 0.5033717067213715 0.46484073316326063 0.45935740213832205 0.4696294741911671 0.45275740406807025 0.39924057829989856 0.4136204960547732 0.4021156895381341 0.36466133777287724 0.3608242907253607 0.34947132081366616 0.3242909119180901 0.29812808392456425 0.3135220551292976 0.273982534755051 0.2252644103824746 0.2351357124797175 0.24369145557529778 0.25941353830028596 0.2198166252212418 0.18527397253735733 0.19358479909089407 0.213984953657822 0.17748080151507195 0.1752503019130235 0.1715944092690705 0.1297482357262516 0.16508330652019645 0.19034767803898833
0.699788556002391 0.6785736145652824 0.6373345556450751 0.6404646395607003 0.610283994978231 0.6045573043810082 0.5876246333044494 0.5576605182985039 0.5472245671798065 0.5602259620910476 0.583424522071956 0.5732564069109016 0.5508819974306286 0.5069345297291643 0.5181105169460734 0.4719033421623521 0.4555792888221637 0.4444505582702711 0.414758186673537 0.4041969242818994 0.38527329500910695 0.3725992955600139 0.38207720129883116 0.3466682024804176 0.3374011446649991 0.30160229497442376 0.3109099656223046 0.2974317805229972 0.2807429510473159 0.23424718742452444 0.24120104523387836 0.21480719608062582 0.24815514025775806 0.22511470878047793 0.20116734596332364 0.17753046642780615 0.16889567431787753 0.18197166823862532 0.21118207818236098 0.19106049919909393 0.20702816368623467 0.2001706986279121 0.19072614027713514
0.6485317138903398 0.6290790396927286 0.6359994174321931 0.6210539381319458 0.6258510125046124 0.6278073246955964 0.5922368332152279 0.5940165644794376 0.5562447433904397 0.5464125010590077 0.5704816156162691 0.5724674041929593 0.5210805953175423 0.5208080747501243 0.5080351834357759 0.473115421967595 0.44695318254958155 0.4381563892794045 0.4279976492741198 0.422755833858129 0.41258431574999854 0.3717084873546946 0.35157822402932454 0.31957744371175345 0.3214646906110545 0.27949496303347593 0.26687411577174175 0.2730442882606683 0.26101537126862906 0.23224398624807158 0.21919188928862576 0.20036490900833717 0.20910285673272824 0.20340477269564938 0.2124602990992623 0.21407479254452874 0.19402274620339274 0.18706308345960934 0.2114951149996456 0.21692230497917095 0.2136847437556958 0.23135713581879758 0.21441395112602604
0.6249133152417792 0.6360444625492967 0.6142635803617831 0.613495737579175 0.6017686376791805 0.6067933322783516 0.5834809019067081 0.5741938331380009 0.5753243652433734 0.5494602542528797 0.5546468205185958 0.5351237587303965 0.5059800249666146 0.48524564357872724 0.4892973551146139 0.49280235252841514 0.4400178011195828 0.4470963786798932 0.4345968021396824 0.44294768386440314 0.4588498678366496 0.4059750516446709 0.3444610369154988 0.32031513354474084 0.3173595656289937 0.29170119832208735 0.26583070429494715 0.2598633783937963 0.22411334354163384 0.21340043703391423 0.21425799404029916 0.18633626347322918 0.20251084069758127 0.19582447567302103 0.1827921244372363 0.17344431266273616 0.17935697088918684 0.20451988396507226 0.1937370393262419 0.2106712672648932 0.2300928595629211 0.2203860838888254 0.20746694045870556
0.639449681840685 0.5914423033145626 0.5760241551358665 0.5523548653118486 0.5369072754892289 0.5570987991894568 0.6025724404303814 0.5938969805900416 0.5884993569252903 0.5810113075560573 0.5571663526976244 0.5131123280414468 0.49464161228456216 0.49197066703530457 0.4948299047852856 0.5053125683028313 0.45716021115316474 0.49063388144646874 0.509140293018609 0.4900253779857985 0.48997993429636266 0.41133010001216186 0.37353859364741426 0.3389187029464536 0.3037973420651248 0.29795405615627635 0.24409618228901975 0.258079243241536 0.23639748692714396 0.2243821332255541 0.17328587299950143 0.2122973779399745 0.19886165116782642 0.20029421069537867 0.14930964613038786 0.1682365332701501 0.15912714956112478 0.2050655795494284 0.21911441874519252 0.23082851139722452 0.23458102532203837 0.1963852767605664 0.18684027138036513
0.6055857682839733 0.6105797764820385 0.5932771330680603 0.5721228239172759 0.5405599868054373 0.5492408664071301 0.5964217559243833 0.5952530397170476 0.5595618188938157 0.5787630070518702 0.5316708278627369 0.5042974547391115 0.49559031323673397 0.49207935369628975 0.4694241948215255 0.49418833341408486 0.47444402187263324 0.5109603238151086 0.4744437935738632 0.4838412383034952 0.46869335754479363 0.42873020892992536 0.34681030759190434 0.318143869952382 0.2837530476285354 0.2770794738947578 0.2343483025207867 0.2164979343125217 0.183580156840737 0.1754601660029124 0.19310651737483117 0.19949544153284576 0.20050256447689396 0.20022770316768004 0.1731964072135561 0.18888929031154073 0.20190889874879397 0.22334917995130063 0.22258956932021998 0.2312347775554214 0.21063298457790308 0.221554052981636 0.2069479924676178
0.5988064750297836 0.5746393225965781 0.5612715146273671 0.542138653618908 0.5268491535202715 0.5637751554725027 0.5594694365949999 0.5782812731650377 0.5561447502400102 0.5654823092329746 0.564267135925622 0.5145068737902632 0.4798604502139168 0.5130628059992777 0.48960324038566044 0.4956259829438732 0.5228608878422799 0.5372971558082102 0.49406735921105155 0.46959566632911726 0.4833486134440806 0.4353170133823784 0.36614274350812215 0.3086538559271185 0.3042194140695414 0.3164250829584801 0.28344130038949034 0.2064433176867631 0.19664755768923006 0.16690190808956454 0.17729356605585977 0.19004019996588964 0.20547308847864423 0.21382039554455254 0.1863911545966103 0.19007095115298114 0.19883785188182077 0.25325430407548455 0.2531704737591888 0.2642362802275397 0.2569337820090606 0.19105187383516145 0.17088019987330164
0.5979020289727652 0.5982540992771332 0.5943623195054407 0.5677572527402373 0.5215834710619088 0.5445811221135584 0.5387711976556172 0.5551704916370491 0.5505987558283425 0.5621556101363643 0.5727904743501042 0.5153912694270056 0.5192460484568777 0.5097704586049794 0.4916108530716884 0.5191023244545259 0.5105351650496351 0.5281514282343356 0.49344798655988675 0.49575332429343677 0.46887982340715106 0.42370242091308125 0.38968273401144327 0.34008367217295055 0.30766128494030837 0.3094229417398093 0.2770182004825529 0.22975487933199099 0.18980069951721568 0.17878784937529166 0.18144899054057187 0.20037435180187996 0.21432069568357476 0.2012683404898697 0.20430860119652022 0.2238837533428053 0.23643646359220558 0.2381677903450463 0.25739810478200514 0.2275904180841453 0.24569369846050654 0.2169382393288453 0.21480969351434334
0.5993306405449972 0.5987537932615417 0.5595042626129033 0.5728454750652626 0.5343094577818194 0.5274535860202348 0.5148063127812841 0.5488054484130619 0.547145153836033 0.5715947443060683 0.5700154767172334 0.5034231706367633 0.4820822252107881 0.5133509771690842 0.5084069707210962 0.5063689829424577 0.4845573620424467 0.5217976853922791 0.5175770938095692 0.5195960309510337 0.49887394761389736 0.4393763434340599 0.3699350005768549 0.3538944591182049 0.2949963070353904 0.278038854509383 0.2718669652217733 0.25935265362030163 0.20760911543963162 0.21879126352621558 0.1982665874054276 0.18761474474115925 0.22752323668885555 0.23540763800988568 0.25842010521175834 0.24416728350627132 0.25493305728487 0.22884392603161374 0.2518582656352244 0.21915621547237782 0.20269081306498665 0.1945185590458591 0.22754962772922058
0.6251281620654107 0.5814523721534696 0.5616011580277088 0.5691377723356291 0.5875195505409032 0.575929945960641 0.566291554909278 0.5603194650498242 0.5598122218915704 0.5316852391990521 0.5467952834980787 0.5025422415712141 0.4946429040894374 0.48059777955584937 0.50700976864248 0.513621454710017 0.5205689842966167 0.48527859521089506 0.4766188000019492 0.48430813782171184 0.4998012395672897 0.46973939592905223 0.43448917208255544 0.37830411737318725 0.30502070362487554 0.304521158441295 0.2610625430607633 0.24208347003998215 0.1974798800694042 0.19057010060387802 0.1763044943745778 0.199747111441228 0.22138853915387596 0.24876594572914484 0.24555420578694856 0.22729899245572122 0.21315449796516428 0.23752103409890743 0.250947104329667 0.23716610788980486 0.2257709183545729 0.2159924210445741 0.2390574117688466
0.6559033007199432 0.6030097841210078 0.5924043007197126 0.5898928863743131 0.5975795995244135 0.5660950135730891 0.5824535801676392 0.5532032846422804 0.5055266738220616 0.503123839721409 0.5332094176988433 0.5386343872707731 0.5260654028267174 0.518282258096379 0.48680259341350784 0.4983635620325962 0.5140636396577941 0.4874594151907025 0.4748407669054637 0.47835555393483337 0.4893280482453912 0.4799624085231022 0.4511797091008612 0.39135229713536346 0.33755265561613823 0.3175612860006119 0.24581375975056674 0.2374981538464324 0.2512661330883048 0.23813921352973275 0.19080700249478305 0.23983799882140386 0.24139438312033185 0.25955308302445174 0.25799686052928616 0.2255170550779946 0.22833391152255647 0.22580960261289476 0.2311686163071106 0.22820911880883257 0.1795590449587346 0.20444999305804 0.22752003067197066
0.671856628621725 0.6281090389736126 0.6142600365504486 0.5896123346167907 0.6030993414150123 0.5682525580730923 0.5294278595848252 0.5044006564039097 0.4733096721127444 0.5174960771721672 0.5497340450078939 0.5538687309992663 0.5705345063602493 0.5558030903854977 0.5534694257788294 0.5380586776648355 0.5492261873125568 0.5185432305588797 0.47950281576663717 0.4723756106179969 0.5024376311042535 0.49510520639162486 0.44747715217182393 0.3907515724964299 0.33214366897172004 0.30295847141808024 0.2680310985961873 0.2810056654499848 0.25575296958070726 0.257664300546387 0.2094550415222897 0.2392275215240488 0.22810530485432426 0.2571461123555362 0.24492220657687716 0.22006830849252942 0.23797647344399747 0.22453650286204804 0.22159299545849334 0.1978688347503871 0.22515175877188542 0.22220149837809372 0.2344338095126392
0.7059273066145874 0.6787919818747621 0.6367651564034181 0.6067781204050304 0.6274879488731754 0.6039711801666371 0.5638734889955103 0.5332815135383305 0.4518194280887675 0.47779109201639036 0.5263483778524025 0.5533154436129378 0.5628679223829514 0.5317076022732988 0.562622648210849 0.565441081773176 0.5569702424375995 0.5294441492860888 0.4774078493155517 0.49716310914947237 0.4931697609192712 0.480800903915685 0.4709617167972602 0.42209321744152783 0.39005582604789585 0.3411883394321488 0.29340760910871916 0.2727620079824045 0.2625480504487438 0.2524696913037285 0.23190614959232905 0.22448060047259794 0.21378124991343764 0.22027041789192797 0.22666270360283938 0.2026586952319028 0.18813142378108857 0.2261981594745249 0.24602721679452058 0.22535161724442052 0.20648124432495488 0.19596234559073422 0.22571987419171496
0.682666218821238 0.6438413831749676 0.6158711759474881 0.6106829137742039 0.6185914802707587 0.5828339818989712 0.5823055126029558 0.5224279554367585 0.4914464795928504 0.4745658514635122 0.5021412499390849 0.5048169651738228 0.5119618484379123 0.5126352156617712 0.5465790376045607 0.5139999699044613 0.5296900832650361 0.5107734183777927 0.5205383347272043 0.49591559493303117 0.49823156755901715 0.4694725109357191 0.41495549040713103 0.38542727416505046 0.37468048296456524 0.3421496741074966 0.3261742827945415 0.34547006861924956 0.3179063318255185 0.2675432284363093 0.2766194404227909 0.2519284579742221 0.25167566657434776 0.25757427303627184 0.24350626971626813 0.21782777468979497 0.21556891429028122 0.19219134639539928 0.2052948944311131 0.22129172430115404 0.21314905003749438 0.1869869824713604 0.21285073365840979
0.6804381908556316 0.6350833740549487 0.603981518679584 0.6279881505611101 0.6204064882138803 0.5701698460255079 0.5677507244578942 0.5166519207425112 0.5007420888953199 0.49835112490790084 0.4920402488599405 0.47887509906130776 0.4839078756255651 0.5044366569445224 0.5068564756450101 0.4694426747643614 0.4815001847817805 0.5310004299580993 0.5292065622102001 0.4950280948652445 0.4981582978605115 0.4372646360938528 0.40878283785760794 0.3721347704716102 0.3721400766753295 0.3907269128904413 0.40513835837128187 0.387995903421284 0.3483715246763751 0.29420081995290653 0.2708697724675269 0.27270541546891497 0.2932132336705518 0.266469684132873 0.24996467226966373 0.22796346465818773 0.18837520887623216 0.22212078533282031 0.21440205971788642 0.22728174472652582 0.2224233807492614 0.2193979052385008 0.18158489197508287
0.6497282113508792 0.6273135370439831 0.6385027501311761 0.6442061644429399 0.5985679263032587 0.5797090240344227 0.5823602801251703 0.5557943928465697 0.5185828421525817 0.5043248798208045 0.5356525246493591 0.5159370548330312 0.5029705726779509 0.501259233420949 0.5002331498269694 0.47665816751131523 0.4740991020928158 0.5031752451524489 0.5273806972160644 0.47787141269943784 0.48758284331610774 0.46428823530016167 0.41670148437479865 0.3978961513664079 0.4119717812872076 0.41614928414222707 0.398551081664062 0.38012775429713547 0.33858247093840216 0.3197406188740751 0.3190017727927844 0.2974423126604569 0.31180813034548893 0.26377164083293914 0.24004262066730148 0.24398410728453607 0.2059481648983048 0.19449396961966295 0.23774054828584948 0.2333619332131367 0.24541151410793072 0.20725463791701998 0.21771315519997955
