Raster_benchmarking/continuous/raster-148.asc
NCOLS 100
NROWS 100
XLLCORNER 1743168.4323801377
YLLCORNER 5469279.593202782
CELLSIZE 10
NODATA_VALUE -9999
[rows 38 to 56 of 100, columns 0 to 42 of 100]
0.49723107861799765 0.4773811751685736 0.4708363056416087 0.42635164229153705 0.4192086563209177 0.4086852474209955 0.3647414222972041 0.34963631868112943 0.32770146561598307 0.3671888295485249 0.34683804628476694 0.33282622204399354 0.3708586731514192 0.3619828932721254 0.3766307395548076 0.37049508808905596 0.38703744641589105 0.3700601373106105 0.3751546016874859 0.3727013870422861 0.37171796082370284 0.3300847118855052 0.29738282626202805 0.2857804520413462 0.2803504716787753 0.320870220322818 0.3391870965584932 0.3346640763251104 0.32391588922418546 0.3373523059291498 0.36481089740694894 0.3881775305552302 0.36924799636500794 0.39749024312118686 0.3591688861183577 0.3698216922056975 0.39427502796851416 0.35216019415649236 0.3827129107840545 0.38473586724465614 0.4018028212911813 0.41013865025313034 0.39806284068027636
0.4804132519235003 0.4779899269777942 0.419787894557962 0.38754143443703587 0.3752476600549308 0.35738348249851964 0.35380535363318955 0.3359382088329199 0.34584480305890497 0.31614269184008176 0.30906289347368404 0.35738091241521763 0.3605272599984251 0.35613945939719777 0.3915348306544148 0.3937705337082878 0.3791397473354075 0.37373405476466187 0.3789227126216693 0.37862394905341923 0.39198614556150996 0.3618114070865731 0.29579407114592093 0.2635367583819188 0.2704047020896703 0.3106654190371922 0.362897605983267 0.3323469385032198 0.3534819760264551 0.34810071138794063 0.4034880760827814 0.4182777073499917 0.4309637107446953 0.37264214871229356 0.3769868093201721 0.3674186427793538 0.40145516932187386 0.3953225593498554 0.36862023458966614 0.3844084440165065 0.3534169292499809 0.39078288873591577 0.41524369710281134
0.4683450484830587 0.4393620808310188 0.4549126528046643 0.4052917812778472 0.3828483288041597 0.3802578628532955 0.37912862508481837 0.3440766917223723 0.3169908829621279 0.2973274435790872 0.3032781993053921 0.33539413307404586 0.34948744790834124 0.34711030840074913 0.35964946580233764 0.3734827440157227 0.3638821930477856 0.35448218588095604 0.35705388276653105 0.4009494828258281 0.36632932928721834 0.36707556866793345 0.3446900846532288 0.299977341565123 0.3035983795797071 0.33171626599246956 0.3360489769264408 0.34669215305264206 0.36874119476181244 0.3556076595534296 0.3687464157125616 0.39557442872289716 0.3862581331476874 0.3812843174363341 0.36061855524213254 0.3834764708383907 0.3845693849576822 0.3744590940819658 0.3753360277107959 0.33666502720118485 0.37154107053897234 0.378275759857908 0.4011580653391375
0.43192014110341403 0.46326032702980074 0.46251850658814764 0.4356050026690947 0.41773868085914323 0.38895829206187454 0.3616249742038128 0.3609885011224786 0.299689559335741 0.29920385315428194 0.30800700831194383 0.33667605480248725 0.31819141622218344 0.34132767476872866 0.3286505458585011 0.3398634487732669 0.38198302660233063 0.3656261403402167 0.35778214482215676 0.37323370484430146 0.3760049449644745 0.35274798546372765 0.3449673649231063 0.34196310606607916 0.3261233904506113 0.33598458185717067 0.3627991922309164 0.355062670787173 0.37044581969158386 0.37401910895461987 0.3500076322568448 0.3939152568102066 0.3887863501553647 0.38769165757550283 0.387393210531755 0.37480962453497957 0.3421087497354508 0.3897558933214918 0.3754188632769162 0.3417297325926135 0.331435070849879 0.3373109291856464 0.3582314038861276
0.4009254838409578 0.4371883000971015 0.47931461249778307 0.45756718954007647 0.4266856217131879 0.4176480282894265 0.398106140081673 0.3412250742646308 0.32008508321549095 0.2981382799697512 0.33238104865393486 0.33561538311011146 0.3555946602868217 0.32599065607081223 0.32328164440853985 0.3506624213375394 0.3792031834931893 0.3672436499201339 0.3660302579595039 0.3571228006815069 0.36949814989044644 0.35635127945110556 0.32850755314064584 0.33432394451037833 0.3497948359126008 0.3695967322860433 0.3704119702203592 0.3826510274907923 0.39761429871495646 0.3891842116186115 0.3541716299253272 0.38370691223426295 0.35861572512503914 0.3551303844744508 0.38032712021680226 0.3687113587530141 0.3712506571574976 0.3674400038585713 0.35906242227014845 0.3476513433993973 0.32237240117535243 0.3134047291765164 0.322278513451413
0.4243908613891302 0.436477469741861 0.4759517780048713 0.47365509143142404 0.4722621763782983 0.399179380042521 0.3833241306343637 0.3548362152898766 0.3423902810532354 0.34572551830304127 0.3117266782950155 0.33713326984097136 0.3444706157298947 0.35869876098526465 0.38251442642629674 0.35132248739727706 0.331745361033239 0.34867856155289173 0.33599956361245525 0.33303682830262027 0.35078992057463404 0.3379404539045271 0.369162960915712 0.38284189884843867 0.3770131466569505 0.37513976512534003 0.35586194680789174 0.37997015419155467 0.4029640040299384 0.35982304435875634 0.3550753587259916 0.37771486742445337 0.3710433845506082 0.3726762831754639 0.3372822368821526 0.34062753022015246 0.36241427539858356 0.3390852081163915 0.31840600120737755 0.29372442575920565 0.2873572102884836 0.30347621449321815 0.3416073170580222
0.4209005771547957 0.4464451224626333 0.45328530588590243 0.44268159535015617 0.4092101427340745 0.4102068451415471 0.3897517083183283 0.39128637576340314 0.3713477287803371 0.3429439134290569 0.3312743012290085 0.33397099994945684 0.3736466237081018 0.3435153250997776 0.3675294589445354 0.3720716919680571 0.36371004313142014 0.34802578853480926 0.35456751651683904 0.3297986379413612 0.3268902748343981 0.3304218111549787 0.3305791736784949 0.358465036351684 0.35139737008892785 0.32903633745224664 0.34238306415107467 0.34309819078485954 0.35723229127385964 0.3793414951495433 0.3922587198136017 0.3462722941836749 0.3343687810504546 0.35053159407378937 0.32208069034286174 0.32846749167254174 0.35660988174706176 0.33736229038598264 0.34195363740493895 0.3202736705878794 0.31728876431445996 0.30375523474232563 0.330802831117089
0.40852699302206447 0.4197114436133467 0.39455335835886873 0.4165575494066833 0.3869377843981979 0.38898449286151227 0.39162582734536044 0.3771172884537561 0.3616110485906092 0.3734099343824569 0.34933940693197313 0.34535313832256637 0.3808978675540504 0.38324548171246986 0.35722763917097183 0.3913064476168767 0.3504026418779343 0.3551447421126757 0.3537595831444538 0.32539788245839674 0.3339385620683535 0.34589733483341395 0.3046861296981013 0.316050734569836 0.31912017958241423 0.3507108552951647 0.34924756038979327 0.35560396868391597 0.347619248823996 0.3606952921750605 0.390328237290088 0.3894083651251425 0.35746296661345306 0.3309633976183749 0.3235517423761709 0.34679291085898134 0.31965845356727995 0.31555318419387207 0.3567378846185933 0.2902319760194392 0.2848386513596311 0.27872522492077995 0.302052875822907
0.3775089978075908 0.36030090578434176 0.3687227559907924 0.3666866753676298 0.3823244575862879 0.3621249066520114 0.39468922751934304 0.413482291780921 0.3990429827688457 0.38714658785871814 0.3735097191084524 0.37796387444172647 0.4069885185202768 0.38351882977137497 0.3842904581628304 0.3858867937901296 0.38416384330074044 0.37836126718696356 0.37773085665266426 0.33282125107853194 0.33226923160948807 0.31535045358314406 0.33702259729234213 0.30506569993493005 0.3085825205493751 0.3101018624874152 0.34443023060923683 0.3494810977384195 0.33467372551037733 0.3735112385322756 0.3692094538490125 0.37866700636844336 0.34488827542760314 0.3359879044303388 0.3557378652421287 0.35381086971933334 0.3037674852130595 0.30739858737291564 0.2916242337795941 0.29105502578798403 0.29622684572666413 0.30431893601138393 0.3078794762167785
0.3525256814025958 0.3388162194591369 0.34364406118379415 0.3164639771230325 0.3425563098386782 0.3474830286936022 0.40830134685050545 0.40541112850162436 0.44752347529909486 0.4228503570594156 0.3851269931394644 0.3935943671387119 0.4104757276929899 0.3728990054755721 0.38479456783779287 0.37933452736301915 0.3983888924943324 0.3965483070562572 0.356314527936194 0.3708954834636372 0.3676711076679431 0.33924162277467484 0.3448003209536358 0.31395164947593757 0.2750714437618589 0.32310858262404335 0.35556103047092275 0.3406828308653323 0.3338438072528894 0.3221919038704654 0.32482675338073347 0.3281847169193917 0.3561767568661487 0.3775003804496708 0.38330208023450024 0.37379165811304227 0.33420187709717797 0.31866476475104494 0.27947583743702603 0.29611562844704575 0.27459261962125625 0.30645484888109503 0.3152284536033404
0.3778522360880318 0.33345604210887747 0.3461944472728593 0.307100723093556 0.3346430290741334 0.36942418625761964 0.4151578967217689 0.43683952089216554 0.4118994689888071 0.40823047043530053 0.4185815535756161 0.4146743674633057 0.41862229809049917 0.3784431152100341 0.39349975910627427 0.39964593045270314 0.41907630457796813 0.39075607282594826 0.4093149716380907 0.39968875472156573 0.3878819315555887 0.33232954739072146 0.31294772597621207 0.3134174657873987 0.29214874683289127 0.2951846019969781 0.339159033555625 0.36382680081320296 0.32951212804537117 0.3538226701012789 0.33579012682684484 0.33332906710701493 0.35079347862586785 0.38533464084399327 0.36936011208561 0.3438658884234949 0.34821937828233823 0.3036965991927365 0.3109496216348542 0.2854318817014288 0.3118212305504507 0.30094582768145217 0.2996613527036167
0.3544616870189301 0.3298213079131184 0.30586778412255206 0.2953457454537361 0.3261907867087277 0.34731001249274057 0.3832217965024023 0.4273866722558143 0.4153780471640484 0.4015564497579813 0.39992215215887866 0.3812837860060439 0.38798957272076795 0.3866712782746204 0.3704093754386388 0.41282100033198355 0.40497814571897894 0.40611842704136875 0.39207388199063403 0.3731006752268857 0.3938270288826534 0.3416473503643692 0.322706881805546 0.32202209838413537 0.28480526572046877 0.31771199397944905 0.3256329900657235 0.324493356276737 0.3593395679141484 0.3584724222679729 0.32707079522146126 0.3448108891085503 0.3698075212669023 0.3597606745470735 0.3502221113696726 0.35010781107123856 0.3240154673360593 0.3199907853925002 0.2876371748618657 0.3275274690922307 0.29983318499889083 0.34635559158054735 0.33821572354930496
0.3642350361174661 0.3292890170713712 0.30502218653075996 0.3286696485377606 0.3248165046823657 0.3412651168616925 0.3804029526931681 0.40645889440621225 0.4050208634279735 0.40213474495159396 0.4195019128695392 0.3936615401876177 0.40689175077399814 0.3799198684999167 0.41156518700403955 0.4133351939618588 0.3906162400747488 0.36888454547575017 0.35494684225702744 0.35771022303336714 0.3882105192732172 0.34220039040450884 0.33213188692036577 0.33940125441358215 0.3344183437655082 0.3377234722716538 0.33581893468748947 0.33644971242914823 0.3371022042202182 0.3342597816320171 0.317445872679449 0.34222346241455837 0.3532365853203434 0.34281360959967955 0.36689469976890704 0.3231885705156477 0.30536145186677255 0.32037536757625373 0.30972979492634833 0.3550995056552092 0.3471900553857556 0.3484477404098628 0.3524002287395751
0.33437847072926036 0.316005991348523 0.32643998521515427 0.3301242222400566 0.33505582369596404 0.3398393225382119 0.37597135146255145 0.42075867006717677 0.4326874154775634 0.4178415044159999 0.4434674066483805 0.4043823712272374 0.3839136352202085 0.36324340826758283 0.3929962067556837 0.4107874492538991 0.41430829347767095 0.38996148413382764 0.3626978006376264 0.3632826517051486 0.35876989196408976 0.32940225795718076 0.3558500429323895 0.3635197057317682 0.3595241068378788 0.3388083149587973 0.33148342224628485 0.32015301177186706 0.28224533764785176 0.3121806491753877 0.34726089453686615 0.349800488595896 0.3447663482399496 0.3668258502315501 0.3639176131753455 0.33248433220351986 0.3006583276416058 0.3385877819938684 0.36879805963942397 0.3900031855751881 0.3721088777307577 0.35698224739586537 0.3795637284965502
0.36540806263712916 0.3412914712021196 0.34359971485774216 0.3578381019522968 0.36825120948658757 0.3860340419053545 0.3929874649827242 0.3873511555867929 0.4052278283691557 0.43475624058552587 0.42428400461632176 0.4046474044424579 0.35307156178215743 0.3557244068292127 0.36187838277208406 0.38041381114986167 0.4185346681776816 0.3724448445983021 0.3615819673412201 0.37152676766135956 0.383277635674268 0.352471070470712 0.3687641728032796 0.33816968501451466 0.32605036875208965 0.3059739738182574 0.27930652126900546 0.2680708831758215 0.2639777926843986 0.30457091433187655 0.3143101441536854 0.346618582033735 0.3366512834071479 0.3210865989802187 0.33322539073928054 0.3011436964738921 0.3101074629244615 0.3511600957069472 0.38001936802040387 0.40320556191816936 0.4154035159297849 0.4135674276621242 0.4129217917513554
0.335063161118827 0.3478315072156315 0.32628182622245705 0.3670537667182345 0.37951889009913753 0.36356645243493424 0.38303549786711827 0.39706966631864976 0.43788605104662376 0.40446050589863625 0.4090261153928697 0.38706942790774007 0.35143748148832166 0.3818233620455897 0.38454006216902836 0.385364761308087 0.41099747391461144 0.3716084219810181 0.3958499863081167 0.36089861596434025 0.3883740299209983 0.3543823605411497 0.33252367399835236 0.3584929525850367 0.3391141073711013 0.28146665256366643 0.262956010224127 0.30331694753630073 0.29121747119233227 0.31547817371071246 0.3060488556881471 0.303006704000956 0.30145180035474667 0.2961447651969305 0.32176406912502814 0.3245297197050603 0.3116717760705601 0.35606520358782506 0.39506210172879036 0.39167180728842826 0.42417117468375176 0.4251570972820869 0.4386752463671882
0.3807173169151934 0.382287879649747 0.3775729379161507 0.34725300219431915 0.34269716495958646 0.37659999053165644 0.3802349537448717 0.3984536224562566 0.42835558738216617 0.40834462946254885 0.3645544642319081 0.36453687793675593 0.35225019453355116 0.34700174611880713 0.36004527332080977 0.37407413843439297 0.38301428432089735 0.34746482384035765 0.358903703004654 0.35086503805991914 0.36400922756131276 0.3657087370682086 0.3305185134730941 0.3350170411594306 0.2932410959931489 0.2729988186635144 0.2590086245551554 0.290699331893091 0.29712020122531446 0.30124462363984233 0.2756187251219688 0.29453640907809486 0.3324046153438519 0.33811503684594674 0.360126793784324 0.35235536333392653 0.3758204063188877 0.36966792200998716 0.395675034198321 0.4388544908854773 0.4314212361058791 0.4421936942650497 0.4150059619619839
0.3942983310801023 0.4018193181966533 0.3721501762736834 0.33762435719730055 0.33069604183835405 0.3528510027249687 0.3474710615612977 0.4047724690673341 0.4160947658678805 0.36378979289052005 0.35413093434106396 0.35702519678914985 0.3511945494702579 0.3587580566371731 0.31244330380705704 0.3304124411826806 0.33691034791970176 0.34800593721645806 0.34329929670465764 0.3226683349317969 0.3386826627087445 0.3259374915701573 0.3125890037942833 0.2890140985142341 0.2728553580169429 0.2800051961343553 0.28875072575252136 0.2923387761379486 0.2790032042389318 0.3019790915117878 0.27495732476209145 0.2908447826022137 0.31786757179084374 0.32724346084941147 0.38226261312276644 0.37537265198115977 0.39213652962559875 0.42570340193236683 0.4511277582209917 0.45862474931264663 0.4952865956588985 0.426523976473995 0.426122111601103
0.427907659817911 0.39625315130636907 0.392913326083815 0.3637653788832066 0.34166696695479387 0.3740428312578663 0.35362858378794515 0.3671364240314083 0.38649623272836864 0.3737129494164678 0.365351165941129 0.36627542013991843 0.3536918436488984 0.3479224494855758 0.33400848942118544 0.32286912600235673 0.3229333020984175 0.3468903833059583 0.32873137309939987 0.3176942066457577 0.29713368195201706 0.3136053532749363 0.2944845653510676 0.310793021964889 0.2924659641530846 0.30864580170152645 0.28395762604526337 0.3149720289705886 0.30228232278261064 0.28987371088352765 0.31187442907208096 0.3149206652653913 0.3700437393241439 0.3547219927684293 0.3761360793351567 0.39786391541957156 0.41794782192272945 0.45621149729079663 0.4562487283733144 0.4464813976866384 0.43741530807813656 0.43562679174493524 0.4593962813382926
