Raster_benchmarking/continuous/raster-437.asc
NCOLS 100
NROWS 100
XLLCORNER 1743166.7713381934
YLLCORNER 5469289.088406745
CELLSIZE 10
NODATA_VALUE -9999
[rows 19 to 37 of 100, columns 43 to 85 of 100]
0.4372417641386292 0.40021078706974994 0.40704120593467336 0.3536886778233811 0.35693413879542657 0.34807075907788576 0.3634366429460583 0.3472423219458034 0.32023821976201844 0.34734205617108355 0.3472514016912208 0.3383245699960119 0.3270797532758989 0.31606715878757646 0.2765541504082034 0.2822430455775459 0.3543362146247467 0.34487139063226524 0.37392152737132245 0.38322047246934854 0.36488690176805927 0.39514329776364876 0.34944813762854726 0.3457003621245807 0.33142364698992993 0.31405361300011353 0.3618695500452389 0.3623186600547211 0.448175225106191 0.45707827553547425 0.46683989586943886 0.4974010909009607 0.522652764595653 0.5625428382420561 0.5502848326273867 0.5400474182416777 0.5532424510053803 0.5935757234364682 0.6569941460156627 0.7226173701988592 0.7287442164098656 0.6859300184177802 0.6727894452226325
0.4472867239258307 0.42021893655235243 0.3549704545790688 0.36422601223226797 0.33951893127656707 0.36829517366900105 0.3426247501338602 0.35115059066809334 0.3235355285151846 0.3631615466795642 0.35196349885044786 0.3446402941425386 0.3175372876004973 0.28224360157993156 0.2759880977390169 0.2945379293081688 0.33144146169443595 0.3392973676117384 0.32434458644679365 0.3921323448539872 0.3638275648911746 0.4024223919831869 0.37353619330223947 0.39636617999279433 0.40163431242325465 0.3435112587541707 0.38440383453582805 0.3818804112381617 0.4310475978814965 0.4904752604134214 0.4792412914604429 0.5067382358946151 0.5176962007936855 0.5247650166313088 0.5249035909934568 0.49544076096282175 0.5530979104867967 0.6073364539229539 0.6781455188343627 0.7252616893783606 0.720305413532282 0.7190769159317709 0.6669755746302101
0.4263631211470291 0.38935561669286395 0.3567815941382495 0.3577850652300228 0.3347082515121512 0.34069877519940395 0.34133485549466525 0.29541277758825685 0.3087509939487606 0.3323278905037657 0.33737157685734376 0.3131703346835009 0.295954179036445 0.28153176078080944 0.31250316245243887 0.2729901393123732 0.297659800471616 0.2715037691157033 0.31870308259396424 0.3385705306808398 0.33310207298757 0.3578961935108108 0.3844042070079963 0.385825070681317 0.4136246983719 0.41532977714304004 0.43582002015801 0.44893167432979614 0.4587757839872428 0.4890180421249619 0.5108918663886718 0.5249283094995235 0.5172260238304291 0.5115654070753726 0.5263001702549748 0.5650419297693506 0.5953948852013926 0.6344392664754679 0.6715018632969219 0.6910682530760934 0.731703634498092 0.6818236771655151 0.6827670495865549
0.40856655207887066 0.38208446250028877 0.31699497169637253 0.2998054209673399 0.3036278180496353 0.34157462448940257 0.33538453756014425 0.2808588236336337 0.3107934343370887 0.3039765557164034 0.28115304026698 0.2824190924452845 0.2850448584466254 0.3274500344160535 0.3105182765548752 0.2949696136932496 0.29323032507009106 0.24830294407626327 0.2883364260260982 0.25818467059717476 0.3212008100227171 0.3815257736392657 0.36577505026989915 0.35752049210025066 0.4413463362060177 0.43988936191299777 0.45381794949965265 0.4713770902740653 0.4575745857400489 0.46074377084459933 0.45932767018515125 0.510616912012906 0.5171209889604447 0.5310181384990571 0.5327166499682187 0.5410613168174586 0.5772601842172762 0.6096838462946447 0.6975349919130455 0.7073066970256288 0.7328964929137483 0.6687937181514487 0.6754179209561487
0.3897314420432827 0.37544685149568297 0.335782814267148 0.3556500175650575 0.3365701421017358 0.3293206805337652 0.3221630069278604 0.3258840725373029 0.3102090008820085 0.32412948653956264 0.3256045350088703 0.32485988678232536 0.3480314909871608 0.29908755623719546 0.3011225924759507 0.3019765094145328 0.2821524368753842 0.28747567343087504 0.2594000945361077 0.2795908393608596 0.3455360999019724 0.386008939171614 0.4004373727294397 0.4002464790568235 0.42811299259540386 0.4026087096788391 0.4224665824609437 0.45940905016702893 0.441730510329601 0.4689110202259058 0.48112392054328906 0.4974255070117623 0.5379390410772047 0.5768112719765487 0.560540354521223 0.6034313312565801 0.5898840952450728 0.6376849844819278 0.6835710874343707 0.6876184226938451 0.6994633406014206 0.659511339414086 0.6693467582691256
0.4004596363022222 0.316068933346116 0.34235543004017055 0.3705078494600375 0.3333028498116529 0.3192868914614655 0.33092803919619623 0.3263992487774808 0.3271985335815548 0.3428765869298052 0.34508098230368295 0.3720710652309029 0.34237447953557476 0.3095747225603424 0.31503011682310145 0.27710093340515596 0.25701979012157394 0.25657058147181017 0.25218160611739077 0.2820309348497824 0.32096663039910445 0.3481664549998301 0.40175371411205424 0.4213411686054988 0.4101230395607029 0.4308979752293315 0.43103376501774104 0.4262372751326669 0.4418089952371439 0.4263818320382551 0.4238334807992648 0.47230538074790906 0.4829467553695902 0.5506837102983406 0.5451509850394485 0.60426002662869 0.6141573810152579 0.6306477219593515 0.6855280427161458 0.7048931591983025 0.7157043630413192 0.681356332677186 0.6636742100388453
0.39903348553462265 0.39065037894022075 0.37427139236507984 0.40396748220404494 0.3675694874754868 0.35800297449497354 0.31085863814094583 0.3028882951843563 0.3372339634678859 0.36609322928217536 0.3901449797152314 0.37487987211525564 0.35842324004612697 0.34618402130159875 0.3216844769935206 0.29372833996072495 0.33106946609458254 0.3059375965220206 0.3253253025143068 0.27478819767052404 0.29643659256519267 0.35171213976680615 0.3843410821671525 0.4283829077928509 0.3984187897362731 0.41090188285775814 0.3658751462734445 0.3717776897401268 0.36302963468146776 0.41215954300498403 0.3869342567999143 0.4372403659104161 0.48641410832444343 0.5672599363071423 0.579981519090876 0.5932393007422246 0.6220199052142145 0.6796629136536851 0.7064584380877503 0.6989285996239786 0.7081286437363141 0.6756518007932348 0.6341246351442223
0.3842678664185466 0.3697563917124218 0.36099885576812524 0.3757063379490729 0.3157397999974245 0.3189679461720581 0.3110657449519494 0.3671370701591658 0.32947748890319606 0.3768369101639534 0.4251101010473101 0.42083973590599577 0.41223223070169257 0.39976793893883794 0.3375119595650584 0.31195951282853346 0.3398562068470588 0.3631129602431756 0.32021578459499866 0.3153991730303946 0.3531399446880484 0.31645368868095736 0.38722790709708377 0.4164964493134552 0.3973586622899204 0.35987650192665505 0.34955928940776193 0.29359212150101827 0.36898933958092056 0.3489893628869547 0.37716214880038135 0.42165405127386035 0.49575327348352904 0.5774524625200823 0.5811128195439673 0.6519002319931811 0.6418125216969941 0.6957835613554847 0.6976434435902774 0.6883463412057915 0.6481426293979127 0.6537840961419762 0.6587662030964543
0.39909705595698514 0.3909824788489861 0.373448872869409 0.3695277707240385 0.32742325162582536 0.29749969094141326 0.3061625415644966 0.3591934422795485 0.35385322224344545 0.3616769275752688 0.4112032827768993 0.4235844000304448 0.414719772804291 0.4127256880758376 0.3900775702351435 0.350636829990697 0.36111240286044405 0.35253416649905356 0.3610516317370316 0.34522684197586284 0.364788702193885 0.3693852222386031 0.40624100073427155 0.4125639800002037 0.39540412552512416 0.3189224170252949 0.32770405089636223 0.30535787432422945 0.3501084500204279 0.340569868128037 0.370533064763974 0.3876668581205957 0.4619240686603908 0.565871579572496 0.61148812654873 0.6409931562791126 0.6671124758124712 0.6445211160724111 0.6781165731017949 0.640099213286029 0.6674313845570712 0.6757679299476248 0.6967549788287928
0.3716129841625669 0.3436758425308369 0.35108611967300446 0.29049897471043135 0.3412116339777692 0.3212031474920896 0.33592092806911467 0.3422169761039927 0.3790294624274238 0.3970926265356557 0.3942062223937308 0.3961503028289744 0.4055351524369257 0.3527527281951471 0.3997018147928085 0.3863239373895735 0.3682554587907173 0.39535733898405 0.366360920427259 0.3577818814817002 0.3625502141252388 0.38227993713898006 0.4205182579227678 0.4144439425294606 0.39047796583188726 0.3070593900957779 0.3219790772262953 0.3654926902388212 0.3826593588984405 0.39610933774174395 0.37865380650908614 0.4135403465736242 0.43513665106534766 0.4943731915994614 0.6060496632901627 0.6518820478617329 0.6634415867935102 0.6375600275968318 0.6500279379923136 0.6447598298031978 0.6684059236298099 0.7091689022179273 0.6713363847066997
0.3652918307053823 0.32882999372770416 0.3329198944605071 0.2902049021449971 0.3137991145949699 0.33386768952466467 0.3524388659902406 0.33571259005732634 0.35869835754660895 0.40090758845495666 0.38380852397956616 0.39802214414550224 0.41586613328803645 0.39166819319952645 0.3521905899060343 0.3926221857161591 0.3483367669977065 0.4065463816309976 0.40141096468564635 0.3616713211304413 0.36897939479823705 0.37842263377959284 0.3596457513896542 0.3876846819154381 0.33814124207797314 0.3303443859675093 0.32873624083904024 0.3743750670707861 0.3621968357385053 0.41813874305729054 0.395747825203963 0.469677270511853 0.4777067884743811 0.5498202241349857 0.6097489534402613 0.6121478211290867 0.654907607394468 0.6371595214364026 0.6579387356612831 0.6558865071542609 0.6677680798887662 0.6910535117174169 0.6673348783852437
0.32668743423079905 0.30682324883166817 0.2938114167967735 0.2635628594321378 0.2883000039221554 0.3210735530151792 0.3257782607898185 0.300977330748651 0.36960852917337056 0.3476810294952743 0.3695918870700346 0.45097025375201366 0.41267825699916727 0.3522492309620728 0.3492453277498164 0.3730733887451909 0.3744815390672103 0.3618070641538695 0.39318423762610716 0.39709154771271965 0.37178035555532485 0.31838820723599026 0.36985061892829035 0.36578974138678116 0.32311148014625896 0.35910868003503665 0.31496190789990786 0.33636690239039535 0.3649681597538969 0.42398336424810296 0.4251099926302598 0.46895207013650986 0.5141304121514749 0.5505802821297773 0.5920076810534939 0.653038444319184 0.6611364357508055 0.6923789603737344 0.6481197141396012 0.684453791053834 0.6748176653931139 0.69828526172722 0.708655042410071
0.3210334966406169 0.28928102031190134 0.2825230325772861 0.25216486869532895 0.23848746718334307 0.29802614429664 0.3027952089747498 0.2951978889171349 0.36056025847760437 0.4039201311617864 0.4227327252023382 0.4292320812058582 0.42424084382447086 0.4174539032833853 0.38016405040598766 0.3941571012795148 0.3904552392748632 0.3804291659046466 0.3795732248446261 0.35474165836714955 0.3511504677100719 0.34754972634939035 0.33736257695637567 0.3079623496849504 0.34793323108058466 0.3077865099009758 0.3279781565662111 0.3579810087613435 0.38752194562866077 0.42719708022994424 0.41116668030613374 0.43519803107218846 0.5121208000290204 0.5509823141454815 0.601634647917792 0.6341104416617086 0.642055038119642 0.6384760123804446 0.6391934065049598 0.6541802200271055 0.6823339714152181 0.6819569811844401 0.6762560608339585
0.31562834424638003 0.24823102845993164 0.23387297958083691 0.21754481736800577 0.21559572005566585 0.2800499052157665 0.31672268287411204 0.3378344783124901 0.33285092107899705 0.3586138460946298 0.40196656425159644 0.4199080566443291 0.4153510014278736 0.42327767730933635 0.3740336519410739 0.38585452393674063 0.3789686257886733 0.34150742019374714 0.31969756656548504 0.3585583227239701 0.31116960592189297 0.3384083203685311 0.3261773286929367 0.2818410924666372 0.32154718441925556 0.31520893087122215 0.3674174764103863 0.3487953985828042 0.3502369598709312 0.392521165529512 0.40452675624655554 0.46800796002666833 0.5214047425182374 0.5613521803495737 0.5795682975469331 0.5868974733733369 0.6013103625210401 0.602587906130912 0.6433090961164788 0.6976985362933932 0.6658973523575277 0.6454003315010396 0.6841810941481411
0.2926823831937491 0.2804508608223323 0.22683039393096557 0.2029750523042315 0.25508771344490805 0.28149066944883855 0.27978011206379055 0.33203760807291827 0.30999097614255594 0.31514041459816194 0.39327027568627226 0.3554232001803736 0.3687188288275664 0.4051247825828868 0.36834538997382954 0.38244282478213676 0.3807148836210595 0.3386492131976508 0.30039476523928915 0.3088864632006788 0.3176398921293253 0.30671317286609645 0.2978167545735552 0.266523467558692 0.31305901759645877 0.2984452115423903 0.3540950118724898 0.34012592724903 0.35721129617961883 0.4136187906953002 0.40248556601111124 0.47733577834144375 0.522444328972843 0.5776338467780078 0.5579665273938613 0.5577748080130438 0.574977468042738 0.609557309527732 0.6300388831370081 0.6468634885582788 0.6566626212110179 0.6587341809697779 0.6693284173531925
0.3328172813786259 0.3018034872810902 0.28368422097173507 0.1955075656907279 0.22713191740826813 0.2123289481730635 0.21876562232922764 0.28955933297409014 0.27860730703932235 0.31079328004659956 0.37667295795730454 0.35544574883179525 0.34849595819253987 0.38747748323990816 0.37716077792964803 0.36995355374286387 0.38073479800658433 0.3441904266255502 0.28745226330512924 0.2605831244005936 0.28868445826666017 0.3371255288725504 0.30646588776182637 0.2938117952138558 0.2961293600701561 0.2977839399130394 0.3292111598095126 0.39413163425865616 0.4035112207097673 0.3810829611597382 0.4381184667228844 0.4438708718094016 0.46874946675710233 0.5539749664785331 0.5520100730564889 0.6061220945908571 0.6093334745391902 0.6287987220349881 0.6713311533931721 0.6681804844542457 0.6489625723987361 0.6799009096205513 0.6889729879187798
0.31650360767566565 0.32424890816988944 0.2825305500535946 0.24472867378927737 0.24235154377549106 0.24754586517547436 0.22200701510724827 0.2635148133108558 0.318363843318381 0.30347387207617627 0.3273798022938349 0.32798426996565944 0.3427808971026194 0.36106597810057145 0.34197680737690767 0.3440775961728555 0.35228304901780233 0.3370121093874945 0.30600535101968096 0.2880299696975763 0.26668919518505674 0.28931501718499253 0.30994068382864853 0.32730068518328037 0.3004651764338091 0.36723343953901827 0.3783196664702595 0.4074589499362163 0.36946794288422297 0.38992190561066165 0.4214092447046881 0.41205340943395147 0.4707945165913205 0.5184798156786061 0.536821980026574 0.5969151637035077 0.602757804076601 0.6028029362941033 0.6444530410806812 0.677914542311948 0.6896018554743641 0.6719666232097665 0.7048536888979104
0.3361729264943835 0.2786111025093487 0.2891680187133326 0.2850397202177426 0.21506144141375777 0.20853481750813888 0.2710916062701489 0.271722245958189 0.26115772151405936 0.2942964120791609 0.35264599183030854 0.34419050404670776 0.35639443970785795 0.3249535510180649 0.3161831220923312 0.28813534204681446 0.29131686313669014 0.2799665225251123 0.26723449503512037 0.21082979098587099 0.25896723826947116 0.2917847045388592 0.2966729936391003 0.33014061829204955 0.33375297855868563 0.3649308400669806 0.39840519644020256 0.4101343134177471 0.367037056875951 0.3977685588587652 0.446504360400608 0.4225413456786929 0.4985782416940697 0.5085868548150919 0.5053122389655177 0.5429452395390721 0.5899011170748972 0.6297130349570447 0.6689945398033117 0.6617160722710169 0.7017537444654149 0.6658899070938991 0.6770715163696741
0.3556256914983715 0.2871678933403669 0.2948260095246075 0.23748481880595762 0.22521350570654233 0.19448370036434032 0.2577897471498897 0.283469058746906 0.26411524529998703 0.25807279152904106 0.32467527038540395 0.3410756907125483 0.34838873918332347 0.3130502190424103 0.28326493444267203 0.299545215740147 0.25889226023519224 0.26892628513372535 0.22050870574979758 0.22178424233791919 0.22804006921218037 0.26986038717673383 0.2606625343632233 0.3340368462348674 0.3223023697557355 0.34959841562046373 0.31935904877018895 0.33811101194470544 0.33637285791401067 0.4005581551567336 0.4327725580403468 0.43818033502040976 0.4952237763921143 0.5281681602833687 0.5627400927013737 0.5952185993490571 0.5936480025772701 0.6098602593462992 0.6519768095099175 0.6649983127908886 0.6774875683693675 0.6693864300664796 0.6855116476695844
