Raster_benchmarking/continuous/raster-23.asc
NCOLS 100
NROWS 100
XLLCORNER 1743161.7681600025
YLLCORNER 5469290.01630295
CELLSIZE 10
NODATA_VALUE -9999
[rows 0 to 18 of 100, columns 0 to 42 of 100]
0.3198073644710616 0.338781491242448 0.3381916473270805 0.3654828359588803 0.3988043938713339 0.3851873619228281 0.39542704780099575 0.4057878010885959 0.38199068555722626 0.3773423567943953 0.34007441479774625 0.3576978136716442 0.3738338176505661 0.31576371884785537 0.3142264952130147 0.3462481650177984 0.35331483459117197 0.3280802564318578 0.3246544551203542 0.3131335904375864 0.31699287419787475 0.3194826612266386 0.31270660933064454 0.29537551408547 0.2994277810237948 0.3442539335039264 0.3370901534059157 0.29451891051334156 0.26869948504567726 0.2465614239041579 0.2544740809164434 0.2273777738586638 0.22856637640792637 0.21093409104880426 0.18248431610413296 0.11830566638674563 0.09321046590331934 0.07442078646600311 0.026220223231410388 0.023581423727806333 0.013572315942411046 0.022115341539066993 0.02074544196332569
0.37181627522470895 0.37328876894956453 0.3522835736745415 0.3841627249524266 0.37743648218505965 0.40035029602407646 0.3952748085335502 0.36644330585240253 0.3615499085222205 0.36065816522266864 0.33325763852443163 0.31876390388851794 0.3555499737182174 0.32815349976817576 0.3015234021102858 0.3375679577666052 0.3579805778864179 0.35663179227454017 0.3559877578277479 0.31409948636420426 0.3288575825367182 0.29200756644736064 0.29773142444112627 0.3076838690343931 0.30754264722417807 0.33116437396748166 0.3148442515774128 0.29527671686477236 0.2659166996643386 0.25537997952118247 0.26500351067167577 0.25580059102335145 0.2466351947305901 0.21232401208147952 0.18460569903193805 0.12670245303159194 0.07227476011938426 0.058121491639133216 0.019535745446248632 0.026786529008713828 0.0 0.0312800016080618 0.03190846677382131
0.3718221234851924 0.3688312185671481 0.3813373610947315 0.36448078465670575 0.3821102996970731 0.380477225235401 0.37742332202821893 0.3757577595762216 0.3813694854856066 0.33208818893878594 0.28971892345984285 0.2950970015523508 0.3166795668680696 0.34257499562019983 0.309278665216373 0.31990426320629645 0.3676004537491165 0.3277279596176995 0.3526935011178783 0.31031401274761894 0.3091480419897318 0.3086523744560251 0.29094763198033385 0.29971538068335757 0.31342653858038316 0.3141953809886178 0.3051339547292569 0.31464550514714273 0.28682952164458186 0.26414919650111757 0.2736623374058631 0.26634094197269675 0.2251870837674028 0.22092825808218705 0.17735152590644454 0.1332387348695657 0.0946951214102643 0.08988177682343931 0.04483675637160282 0.008612935196353439 0.011641620068394495 0.021854318384179946 0.07404873823626686
0.3523882433702872 0.35801608281732283 0.34419642452300636 0.35926675991285884 0.36704150117044804 0.35641113228148025 0.37112779327928297 0.3629669207372106 0.3446584933314939 0.3162239444157508 0.304507717235561 0.28987939143212654 0.3110216916017844 0.33702612101777396 0.34848050580363565 0.3469160085298857 0.3429564674648998 0.32139047840829643 0.3263323886879274 0.31977549304622155 0.3120822916004767 0.28002671147648883 0.30679789861040885 0.30326550878216896 0.31260233614478355 0.3036550922547441 0.310938698759834 0.2911908768964263 0.2792668590706768 0.2569159245781541 0.24605799506482945 0.24621095287524727 0.24272876498554707 0.20933679414745257 0.19323468796939858 0.1522152906749751 0.12115504496345794 0.09488490688268292 0.056440102658067995 0.026434417021823368 0.0058208040099112035 0.03266198121673637 0.06020573953420549
0.33651748316500735 0.3577182989833979 0.34302843835815316 0.3497507916192305 0.3738187176126102 0.3751269004265334 0.3569261795745533 0.331700331965539 0.338317693997577 0.32532646413705446 0.3075644556114834 0.3186176905557952 0.3133897984477436 0.3342490138592974 0.34236376759688797 0.35450946802924055 0.32976909624055784 0.2900706591312944 0.2844264413609215 0.2938965438718105 0.2929663781089087 0.3038109947606885 0.3121493010341986 0.31175820743524746 0.29588758881508426 0.3021005491240092 0.27211398623061417 0.26105598758691917 0.2635421507899252 0.2563408386011076 0.22066342011288217 0.22909251087125543 0.203024184203442 0.17449241750692546 0.1534798239057339 0.1361459754487437 0.13581778952490633 0.09336438395051277 0.08255273161225332 0.025626248955843606 0.0265629043138641 0.05019090331477614 0.06157921272962294
0.324868829457629 0.3190952925898912 0.3493735845167472 0.3499637118227286 0.3754883470076375 0.3453271670916514 0.34739127892305993 0.3524275482003863 0.34289300478522294 0.33587844686498447 0.29723164997101853 0.3147803321278926 0.34420067606537974 0.3414794807896524 0.3253305582355204 0.3172846285525328 0.32410271742237906 0.30063445975817804 0.29862652027884334 0.31913936714297414 0.32919872499570807 0.3204320419860896 0.2940842402161056 0.28925398391870605 0.2842364335573433 0.2761010736969306 0.2511333145555884 0.2556185474241903 0.24039558812222217 0.23048406979124558 0.2402896031738034 0.21461750836363772 0.20651333759124915 0.17342567587586843 0.13048099716593164 0.13083848231435752 0.1093474022324516 0.08405210250656714 0.07172536902287951 0.043468187240776425 0.05591963664184077 0.06477029454150048 0.058790220838344405
0.33324506462487363 0.32609821524353527 0.3405051066223638 0.38049859945385067 0.37637905298664676 0.3492523562999725 0.3305277567337989 0.3284903691769089 0.349856174227722 0.313668167421271 0.2668776936125268 0.3193395185264102 0.3315930305902268 0.3393843453470551 0.3300875694385969 0.34156205113085475 0.34838168158411614 0.3348289342036792 0.30606989960962483 0.3240813486388654 0.3359056050047831 0.33655411654371015 0.2703689079210065 0.28052519727416175 0.23489542660808863 0.24697341482194618 0.22827695367653988 0.23601397796636908 0.23052634105014155 0.22411314811841712 0.2297553523052508 0.18535414041464948 0.17183986682341074 0.15270836118638065 0.15050841240347296 0.13763381364130256 0.12172728510140521 0.07457727621075545 0.043807043711190465 0.07508641505936355 0.039950422150014174 0.06880285094693099 0.07873109179429216
0.3999364154273147 0.39152618057143984 0.3678616055499546 0.3775848245315442 0.4000462053948183 0.37940401993960343 0.36639224706678636 0.3543439978439729 0.3418237047956177 0.29934037397233926 0.31280099380884313 0.32604182637833323 0.311104495198721 0.3344630897577967 0.3130384749225811 0.3196659982175076 0.3379775536118872 0.3503999493474138 0.35934934565575344 0.328968408378786 0.33749221062817997 0.33490810278544475 0.30152876117145944 0.2786710268594595 0.24279779882361868 0.25680331781507504 0.2618119468296235 0.23463159736399702 0.2268632708750696 0.23729455616041273 0.23332763089620376 0.21002463969313764 0.1944108243571212 0.1950631352489612 0.17991379580768346 0.16442882057709446 0.11679985333885821 0.09398173341875567 0.08031710884350585 0.09487902852905841 0.08067219827661394 0.0839542608077267 0.12199466440673239
0.413326539266817 0.4183208493862925 0.3952023000229162 0.38544674091634734 0.40775288242655433 0.39395298398009493 0.36890570366309056 0.3640182179130602 0.31844175962028337 0.3428798532950906 0.3356415884667848 0.3352684074648687 0.3053402036559403 0.30510168411137756 0.34900896083584054 0.33576916448895183 0.33585132600494216 0.3467410148981706 0.3681943826046549 0.35314600754126796 0.3699659371621475 0.32925251680704953 0.31770928898197137 0.28892140724223864 0.27673947841794605 0.3014033253944389 0.29107005139108266 0.2583954168304302 0.26084555918691316 0.2626408868252271 0.26148250052149147 0.2239620303166353 0.2290434950325026 0.18988563400637984 0.17340071992386694 0.1430477026155222 0.13371972987800293 0.15310742537576416 0.1338863043644006 0.09168040591521164 0.11011221631857994 0.11959018839146118 0.14810069411517082
0.4636010258793162 0.44689033030520686 0.4145044731976405 0.4344872360293336 0.3970585654425752 0.40088054441851056 0.38682839637117467 0.3691475156913537 0.3711088548107662 0.3420697220791674 0.3318218139137526 0.3208595132130811 0.29786592931740674 0.3133040243944726 0.32957722322628924 0.33401354175202536 0.33723006925068677 0.37227304851512694 0.3759319080192791 0.3786460546488938 0.3907335117586673 0.36453765373756325 0.3605101390164428 0.33000330224453667 0.3274578510445709 0.29317012831154804 0.3217503292445635 0.3149511687270561 0.27464678908299894 0.2608477864334391 0.26083033776038855 0.24957738697246698 0.2604338521672169 0.22691428536442607 0.20864463451278772 0.18119078375250408 0.17462819372326763 0.18109816694774192 0.16218846496353623 0.11138081928536553 0.11671170225540474 0.13101715118598897 0.1496254732380088
0.4490831321689032 0.4579967388713779 0.46999039028844103 0.44442491123105893 0.4093113636118802 0.4030639690998475 0.37906987385929614 0.4049241969975919 0.38770142187584755 0.3466671132538769 0.30730056147908064 0.3307904780571217 0.2889095323923384 0.2892125922778765 0.2986792783422153 0.3166616300837444 0.33060137890908436 0.3841780324143519 0.4192407576112477 0.4169946658039504 0.42604417603989536 0.40618320206508135 0.38324240863717873 0.3754945114288759 0.3679762562458557 0.35529114987270366 0.31645690540019844 0.3098103770982473 0.3065508095707344 0.30623573325669606 0.2744583297328866 0.2599483947272746 0.29847767482247023 0.2950615119241978 0.263475069942666 0.22985435856692013 0.22998412356551426 0.21380620453575133 0.14510622109050814 0.11251405592726234 0.12979049978986443 0.1640849460944186 0.19882944133241084
0.4662188955018911 0.4567831061578777 0.45149985598716647 0.43675652754697497 0.4124304981893822 0.40368910117357715 0.4282523477468661 0.4209985638910665 0.3753487136858558 0.358856379006237 0.31800214991145254 0.33622261828812544 0.33701299965229337 0.3342408802040632 0.32387198040917514 0.3519584518411805 0.37066172021622257 0.42083405616034003 0.44759951226584194 0.4372874253829769 0.42725519903251213 0.4248596940479572 0.4052944302948384 0.3837322795086716 0.37498846563599864 0.3642148955979044 0.3396605189957587 0.3411373722738044 0.3225192287871845 0.32501548398308805 0.28959673423698523 0.30031870276990263 0.30069493250992924 0.30785341399008553 0.30565887242050205 0.2751588694822851 0.2284908141745124 0.21619970946253408 0.1906014695568708 0.15083457488969296 0.17993652618313427 0.1814264178116407 0.2077953334907546
0.4922328813094555 0.5062140439371409 0.49265446066797675 0.4773473762112471 0.4513223273953786 0.4569925424851328 0.43301304336760604 0.4336276449091484 0.42210628787898674 0.39678300466589 0.34707083861073784 0.3750280182652178 0.37832816849221623 0.3580563801052886 0.3662352603144288 0.3633077433598431 0.41473108284752186 0.4199036112568523 0.4600546319130213 0.43535985173939196 0.44393920984491314 0.4200000918901476 0.3787047714786308 0.36668584098753626 0.3678343024372484 0.3815700575021277 0.3688501959614116 0.3500578735358853 0.35254200550992193 0.34053606408506043 0.3429000597472856 0.2965344905650046 0.3039710577081437 0.28685104559301955 0.29776366268272914 0.2894530311295283 0.26392130410581416 0.21831345185599094 0.1894922820832594 0.19763821849916272 0.2086979668602757 0.21703565306699454 0.20533576142487306
0.5000754860725722 0.5022910247857749 0.5250515913129165 0.5067442705111044 0.4780747926777227 0.4885860978698969 0.4603988542074924 0.43764505902399187 0.44831113609760675 0.4057713517036616 0.39172614632581176 0.35712397055691 0.3508069669417283 0.3934983108166204 0.383671369002546 0.3751699419153136 0.41727108654649386 0.45351540137203206 0.47558325104527116 0.4390313945872009 0.43524605605014255 0.44653262986436454 0.40288522613532707 0.38733409447389294 0.3885552276727079 0.3803156010993235 0.3800744023419388 0.3839771231023927 0.3881147512508215 0.37226524935763966 0.3739434750540977 0.32627295713629684 0.3424632410158237 0.3177334456097472 0.3338466241497428 0.32444384991654146 0.2841787777606604 0.25889001822674484 0.21495167899973003 0.23866858340127028 0.22333591605571726 0.21817446258518894 0.21976225964085044
0.5289810512168599 0.5445012762088177 0.5461747413337835 0.5380726230473794 0.500564606126651 0.48395416769112076 0.5226787225274065 0.4682368353903586 0.44460926842344467 0.4350897310870298 0.36862965210411625 0.3737374198775791 0.35890120061647135 0.4040538542703062 0.39590094251027663 0.39333828953763006 0.40928663170095947 0.4273368173999403 0.4628029531603569 0.4340414375122201 0.458023425242584 0.4248571887340633 0.4297051108700171 0.429663004900774 0.3919566779040077 0.40278788990337544 0.41414191932435246 0.4132036252030583 0.39663609778537495 0.3791269276102045 0.3766391709097581 0.37401984030708674 0.3332707966554856 0.3383040126143783 0.34756378818848443 0.3430482823863733 0.3021653526333011 0.2611076324266196 0.26086598110528314 0.24560017489492186 0.23068883915685068 0.2153800927843472 0.196132635656604
0.53625033622876 0.566575252513477 0.5369662832220911 0.5502438676876517 0.5252245803855948 0.5000383970934366 0.4960528877720723 0.46412022412742515 0.46735402224125666 0.4393587072097798 0.4118358256169327 0.38679495300586797 0.399597308387916 0.3854726895402318 0.38591297761703863 0.4261543674033155 0.43130937787624596 0.4273934574076817 0.44928250808833364 0.45821268415749444 0.4829704633895366 0.4474383320660355 0.4640806256490883 0.44585091141227995 0.44511055815291045 0.4518537001548753 0.42249512276564294 0.417152817729557 0.40907856317627805 0.4184045961446809 0.4155705940574905 0.4019251977744171 0.38926950159543194 0.350766624388291 0.36621813045291707 0.34230635943174337 0.29848996895659663 0.2863831164432805 0.2837708633404212 0.2480531272880968 0.24291358272976235 0.19057022058983936 0.186721465314091
0.5658881499382246 0.563248298354186 0.5598626074550186 0.5634568831741112 0.5692113853629529 0.5062618122707399 0.48865427575718334 0.458758477652189 0.43383425021449384 0.43735049681596505 0.4425029874321765 0.43466439201132273 0.42423519068807825 0.42336595968253604 0.4041031991087123 0.4306272786712635 0.40872167458733893 0.44422056385611985 0.43333602786783537 0.44981366416554974 0.4795734834610258 0.4790981036414614 0.4939953855336053 0.46246844324079 0.4816698443114579 0.46798680424426997 0.4392337438696699 0.46891527390568666 0.4626181591747869 0.45104655664880045 0.43272939699036733 0.44321215558118304 0.41629888967874396 0.41481318372741904 0.3944103251238476 0.34534482277053286 0.3351960902622938 0.3207049835235651 0.2582278766197996 0.26344323138974274 0.24148776345112036 0.21276068267165238 0.17369387409172557
0.5443751653620468 0.5667257032835566 0.5652525511548081 0.5568258678431932 0.5501814880829616 0.5427486963917849 0.5050144997618379 0.4712953166295873 0.46797145455122147 0.42795812091152186 0.4224666629553134 0.4269588736861205 0.43571920713976037 0.4164952787914396 0.42274619955611475 0.40773039175268444 0.42382716650809127 0.42495875464143773 0.44786376786921206 0.47159976624065564 0.4665593194421045 0.47661990039147756 0.4765202105446908 0.48489638294251836 0.49426289291747183 0.4817112966581224 0.4814937226361734 0.4947014961541242 0.4774166303251055 0.4616126809364853 0.4385600371040774 0.4395094866986655 0.42249144071953426 0.4164148413913828 0.4048610412058284 0.391017575225567 0.3525028449978369 0.3183825784451135 0.27854628873859366 0.26376952004511817 0.26439999834611194 0.2334995749121094 0.20303365807729964
0.5844215989643454 0.5657309175055827 0.5341154040422257 0.544434237413453 0.5350529635308237 0.5190908113805818 0.5497111408554749 0.48154183511527804 0.4564756659869975 0.4480177571828171 0.4431726096685998 0.44862250186073505 0.4161508671820644 0.408685369323816 0.4029777126444682 0.4261884656730773 0.42746925497602417 0.43083357291483976 0.4883953219696207 0.4760498571916291 0.48041127241910836 0.4817416980614581 0.5158626554895889 0.5146336443192381 0.4824674125641541 0.5033965971301723 0.5049571161139059 0.5055965971474151 0.49699826851932805 0.4720148263846597 0.477469810678096 0.45664312122649636 0.4364805954109548 0.4556335923478219 0.45770812252972737 0.3945847401364582 0.34545206644040494 0.35011936561029244 0.31986145460078236 0.28951708052085584 0.29997358060785967 0.28369266567858786 0.21085211574471413
