Raster_benchmarking/continuous/raster-92.asc
NCOLS 100
NROWS 100
XLLCORNER 1743150.23012802
YLLCORNER 5469284.559605889
CELLSIZE 10
NODATA_VALUE -9999
[rows 19 to 37 of 100, columns 0 to 42 of 100]
0.5417435199467079 0.5381087942509106 0.4841731039785729 0.49693459936863743 0.46674147159171336 0.5027638241696715 0.47350104457685344 0.5000609210974405 0.5168843529975579 0.5264099637072504 0.5354908064486513 0.5671226130297617 0.5164536712852694 0.5086360023194251 0.5090616689258224 0.47771288771571224 0.489500995551444 0.4808891578450543 0.4999840075826009 0.5493814959862093 0.540200448446223 0.5363594141917458 0.5388437598948524 0.5371685321224577 0.48595630575398185 0.49319353183344544 0.515502910760043 0.4632597269648481 0.4281670248313448 0.42429772103062646 0.445509744898493 0.46951954196293016 0.4894779935637183 0.4736046093366866 0.5187441541198172 0.5731413537103828 0.5589301558991172 0.5645862792784612 0.5872110334455438 0.5618884164258398 0.5803792100717817 0.5685741840896746 0.5750176670977611
0.5492290307985883 0.5258485857052945 0.5065465686877176 0.47002912464608865 0.5084961153365057 0.5197512063558819 0.5141667135159701 0.47108883680950847 0.491744474373352 0.5007335502456096 0.5008004049311755 0.5637452230504819 0.5227607205036071 0.5282848834417885 0.5379451994991814 0.5054063913765232 0.5415000163278254 0.5469956894287662 0.5608367036739523 0.5504382697976242 0.5710225304938745 0.5491161736529377 0.49554661334655975 0.49137791730583125 0.48883320831945043 0.47867115600963245 0.4813405896149895 0.4864089472950696 0.4229550858907125 0.42281134113188235 0.4234840788868004 0.4588538487422469 0.4625561326830265 0.4244040877993824 0.507061402119238 0.5350328224106515 0.5636212784333263 0.5998508331270916 0.5837626165566387 0.5818698966955493 0.5692685950733036 0.5472231418666321 0.5877713089368355
0.5025692518672361 0.5138077226722857 0.4855586363908092 0.47294726333787307 0.4906875597449301 0.5008034204811854 0.4981979974779642 0.5046121021944553 0.499643886584546 0.513738047132851 0.5057370662057369 0.5510102513065794 0.5275369968483592 0.4980223164777828 0.521708053273334 0.5204576740933864 0.5855631885892487 0.609585595531843 0.5931211993430496 0.5272318574321953 0.5444558648980757 0.5106555152290149 0.5041914720528435 0.514369481842132 0.5031188690929321 0.5115393202877077 0.46877140413361673 0.48103061553909476 0.46437727007100216 0.49315832768025625 0.47509503233124334 0.47433393651494193 0.44532440566862025 0.4469643858011005 0.4442889266624735 0.46971143036945073 0.50763957887204 0.5672569785469526 0.5700348013994361 0.5597995651319455 0.5657507410398774 0.5506712203861537 0.5986417315238227
0.5186633085679339 0.5370822687937974 0.506182370591944 0.4944161820905851 0.47661564076331236 0.4872145855026652 0.5211745829234863 0.48200640017055146 0.519706566348756 0.4990054620025849 0.5112383732668326 0.5891993633694718 0.5615250940085611 0.5099589722646314 0.5798407054750127 0.5934324302178936 0.6325684000293457 0.6073287661835794 0.5987068303454703 0.5490487162023026 0.5653308011195637 0.5288960706323146 0.5195409467961685 0.48604598275135624 0.5231004319441414 0.5101324442381847 0.4932626458861677 0.5141180433650719 0.5067661269394554 0.5150637521373393 0.4994275718857682 0.4171758792220452 0.45803881766319055 0.4132870880730284 0.4640137664809891 0.44862927623467713 0.49718179901920656 0.522358362971835 0.5006379380596382 0.5338024640561916 0.5377232406172961 0.5333735780780092 0.5467061261114274
0.5214426082772949 0.5132594709102013 0.5262397327717883 0.5206048818136415 0.5137363680350131 0.5330516241180877 0.5195705906636303 0.5280979969829801 0.535958480009388 0.5620348218985075 0.5364704590267018 0.5331096270803658 0.5247006722249229 0.5526316065106127 0.5971295935308489 0.5982041398463238 0.6377927143110957 0.6168611429962334 0.5930782176502064 0.561112313463365 0.5599660951906528 0.5495878543426327 0.5212543596952486 0.48540124878060364 0.4923070748922814 0.46823950920695845 0.5346406243238616 0.5600149531190417 0.5518308428763508 0.5024819360714128 0.5088563279897499 0.4543199743564572 0.44159704856381876 0.42582112012625556 0.45436600096899854 0.46122646191045474 0.4546833748306709 0.48856946605190327 0.5051507450799231 0.5044069842108927 0.5693236977479024 0.5483613678502794 0.5726625334462907
0.5839619590568838 0.5323975369459095 0.564515190143082 0.5287809091997837 0.49767890076657095 0.506281772950707 0.5372184449262285 0.4861173303380309 0.5631811714667526 0.6032964159145184 0.5736369848971418 0.5626487890211896 0.5339665324061852 0.5236785780802219 0.6140155639429562 0.6366832883244702 0.6325882456699683 0.612376571202346 0.5954897259386129 0.5746570182875697 0.5706188247696938 0.5804568079932588 0.5190024105094206 0.4953333692858801 0.4653084098859083 0.4632466686967109 0.5299540633111475 0.5566330308371584 0.5646831587174986 0.5553301923107553 0.5542953031477847 0.5109320431458798 0.4713308749015171 0.47603210726691136 0.46635009493720625 0.4440864095216592 0.4852001865335157 0.5079589490208056 0.5227943488020734 0.5159020811600532 0.5849260038337525 0.6409332927806966 0.6209751906815383
0.6005190109557416 0.5786175435982434 0.5903163376904514 0.5396535988662672 0.5120042592747541 0.5283913759237377 0.5229406758386942 0.535886186690923 0.6009988591679919 0.5945070869313055 0.5756666642985611 0.577401723381338 0.5575615298918727 0.5532698961557231 0.6206219785515524 0.6335949320593646 0.6254442595019839 0.6314876298199722 0.6189221733741842 0.5956980362831975 0.5872734517129411 0.5715132654862536 0.5850444530736719 0.5667051315379539 0.5057997140072159 0.5091028357933974 0.5102401477663507 0.5634381837124762 0.5895754116798361 0.5853099877758184 0.582639801409463 0.5728465233349591 0.5434287013709296 0.5558559330848536 0.511238093228291 0.48437128875191304 0.5164628737929657 0.5432973620147642 0.49908461969369905 0.5545085290772293 0.6106596993938289 0.5963291749446534 0.6112363062438535
0.6222183958638807 0.6094891570455877 0.6083343492098453 0.5877001315988584 0.5889179267847648 0.5140574748533359 0.5321787838662517 0.5663389362563637 0.6436417804566231 0.6376744324157902 0.5906668906230459 0.60461374852219 0.6285126087764941 0.5933621979148148 0.6486570972739771 0.6084175292367353 0.6371356275128184 0.692379826229503 0.6656229525291277 0.6561722786935518 0.6500400247224513 0.6547285866209727 0.6259280410252701 0.5969607418043139 0.5660466553242973 0.5683788475539558 0.5757171023937019 0.5543080358204662 0.5665079048931414 0.6219196355193584 0.5737987186873006 0.5803343754732192 0.5894310465761897 0.5654779420710531 0.5232247501451548 0.5294263082843941 0.5736229979134471 0.5587745628420092 0.549389460331094 0.5351276502170307 0.5642576903166509 0.6251230444703374 0.60578235570147
0.5617298653365638 0.6082871899732553 0.6140810559487914 0.6005999632921681 0.6179643370485094 0.566364388117266 0.5971313793105326 0.5987313002442198 0.6510726700346158 0.6807730967217753 0.6703427612151494 0.6610542332514266 0.652140258805143 0.6702936736412242 0.6920489090440944 0.6838376465934523 0.7016245572239876 0.7164748406991427 0.6951005150892016 0.713897293147827 0.6996091530956262 0.6813406398133166 0.6807731402205223 0.660784647956296 0.6266916763316883 0.5911653944428393 0.5437704034687796 0.5614924843608827 0.6011075597576764 0.6077164830005496 0.624248040506122 0.5977355105550942 0.5540060777920184 0.5391457573529945 0.5593987369809129 0.5523713219551015 0.5671902007388467 0.5536481673799942 0.5730871451004935 0.5641258134623413 0.5503377280174852 0.5821353392594931 0.6241248736713639
0.5837048886085862 0.588969326735647 0.6334022027954478 0.6432548045752884 0.6436253285237811 0.6136471744067632 0.6437862867746116 0.6041847240053397 0.680777451868725 0.668579341111708 0.7116223469481638 0.7233722699038433 0.7283923612366647 0.6925405229183815 0.7408443139173269 0.7660357785343666 0.7519025727917155 0.7466470955357979 0.7127358722308885 0.6959830227689264 0.7010142100769569 0.7434759137444261 0.7383958846896811 0.7294908613138184 0.6548641922352043 0.5931125211905176 0.5736323976506047 0.5708673080356214 0.5827049733946875 0.6267825510913443 0.6121552380273341 0.5538190718508212 0.5219888397422762 0.5427823381663768 0.5741501006719356 0.5836205351304212 0.5549047362965415 0.5646220545039172 0.6017713305708334 0.600072875354251 0.554744622393526 0.556003653419635 0.6144532352070297
0.6238018501217847 0.5995203564313557 0.6286362260953122 0.6544997941126726 0.6111637350071172 0.6554602508991686 0.6527634819663384 0.629114428672944 0.6837708083774952 0.681479422779731 0.7192591527317842 0.7768049200866476 0.7741558997655211 0.7794360964914019 0.7873997080666659 0.7841015667317839 0.767654611367599 0.7756545988102473 0.7437506224826491 0.7423225309695413 0.7560043187732489 0.7411382906703647 0.7676291269121055 0.7383936482879927 0.7186589382018796 0.6511301842747921 0.6244026423211811 0.6029503414593351 0.608721790003951 0.630274002960098 0.613854782895508 0.5872534788200539 0.5238387987747513 0.5357179890674945 0.572863366073635 0.5665305252638143 0.560903512076817 0.5489941410175773 0.5472464118524105 0.5448552444628966 0.5297508998996067 0.5350028404161868 0.577209127763925
0.6518747475477474 0.6674779399504699 0.6666591686996379 0.6257484559075993 0.6475222333755111 0.6397542158119434 0.6530338582712689 0.691510208112215 0.7071260335926285 0.7736111256011466 0.7734033643426637 0.8133353383417554 0.8109039047380118 0.7683287251855613 0.803744032320863 0.8236633605404206 0.8438544385354424 0.8033843944876401 0.7852211671071353 0.8165374113233114 0.8030128450695214 0.771130954349878 0.8025228220987382 0.7725269771144597 0.7442934682905838 0.6922025467725019 0.7207709845868742 0.7046111770317012 0.6907128714996326 0.6176263288335261 0.6336513364086849 0.5780729103332856 0.5930494831684266 0.5480333724541364 0.5914096612139904 0.5624644375862888 0.5359411408026314 0.5716893911963289 0.5338302465306526 0.559286644112823 0.5517033919722016 0.5319107061748553 0.5648701471785659
0.6094358303380113 0.6478942693416738 0.6593145178423568 0.6797502818282125 0.6851883309911482 0.6721501441614915 0.6826368171599192 0.7317371677425785 0.7878845228217188 0.8364800671284426 0.8303089713539776 0.8589940481145086 0.8167618443380049 0.777047823508761 0.7996354923685032 0.8692803068470961 0.8645209261176033 0.817551261459759 0.8410037088208336 0.8576105014009059 0.8454658521714267 0.8414352048373528 0.8273327220077024 0.7564481909304152 0.7369224951281007 0.7623389469462657 0.7516527646366428 0.7374778777831804 0.7028843036840104 0.6509656678906445 0.6296761655135251 0.5879160328756508 0.5946350673992655 0.5788197075045538 0.5831537404541721 0.5729132109729258 0.5709627221590271 0.5754789173805734 0.5852570965275903 0.58573472553477 0.5480412724520025 0.5026321059451021 0.5209517806886093
0.6341953707491977 0.64681530483582 0.6248738800199646 0.6389352094571809 0.7056675105220902 0.7104390151133024 0.7549450909165696 0.8080745217154021 0.8023975198616948 0.8773435434477488 0.8831094147199342 0.8907536510873696 0.8219405001001242 0.8511065677895122 0.8151953416060147 0.880663585151929 0.836450389111631 0.8608467189296131 0.8205097888494414 0.8169234637844837 0.8645288439028893 0.8631540290351872 0.8352668625018282 0.7841359808666342 0.8040649730139212 0.78063895072149 0.7271210876355394 0.7154417878120644 0.6794266328160595 0.6734752700355205 0.6783070650854458 0.6424890760300719 0.5614086468564866 0.5281596861482385 0.5836997811454971 0.617679831059085 0.6470874944772754 0.6375409555493474 0.5979330229879201 0.5980642029038182 0.5819485140107751 0.48830778667575075 0.5267226981578677
0.5788549462896468 0.5863553566094333 0.6072096577967886 0.6510603164118723 0.668847340708223 0.7492884128140216 0.7676258113187364 0.814872915286 0.8410370271675508 0.8681568041769796 0.8373626926878939 0.8239767000527072 0.8463259247274575 0.8181421711553897 0.8181094222250702 0.8601195716334379 0.8264469332680918 0.8164333077127883 0.8687456104607421 0.844250463336874 0.8379953234458818 0.8279810929791829 0.8202061949321671 0.8390808204678016 0.803203403711506 0.8276810983829227 0.7827629474061361 0.7445439359378534 0.7152408950316287 0.6950742245623981 0.6755336675961972 0.612149568736453 0.5881638749014132 0.5978619257666117 0.6271751111036286 0.6303771250757767 0.663612505789853 0.6171599087848564 0.5866270023271518 0.6064345679271496 0.5989382644656781 0.5688284579554469 0.5416373592114798
0.6048493604109941 0.5910074765762489 0.6243330472326117 0.6053335280414538 0.6563565378098168 0.7376353515669323 0.7736817844829409 0.7967249623220349 0.8453431289621223 0.8446851073217925 0.8495228361802123 0.8469930975636477 0.8367423512380392 0.7937724646422937 0.8192885603781445 0.7963159495445976 0.8318888694529721 0.8382711118170844 0.854090760719678 0.8609957460662048 0.860681913293364 0.8066350738378347 0.8361565926140256 0.8224666799059145 0.8378196791213016 0.8168126912710006 0.7555423023709406 0.7800862715720823 0.7599709878324946 0.7346545460504788 0.6591854429037151 0.5974023382887534 0.5736475311402325 0.5769645892902295 0.6394604767992812 0.6570697016234229 0.6366338309165966 0.6360018833713216 0.5834300912985573 0.57833046526755 0.5822845991762772 0.606920663953032 0.6220994914426522
0.5496728366613743 0.561726363868221 0.6021698892403886 0.6108525930260174 0.6899491005833673 0.7555846238755614 0.7831416289293889 0.7654962892127424 0.8022873425364271 0.8295248070067426 0.853051154451809 0.8233911179825147 0.8392095929283047 0.7948603918495563 0.7661307160456059 0.7750252352107185 0.7741365307274846 0.8092122971814739 0.8502872579433417 0.8137777193735998 0.8452840355782688 0.8501540730573631 0.8187422320766401 0.8476622044604566 0.8058042328383257 0.7734660400705666 0.7579892114362404 0.7406307377137491 0.7106918267734116 0.698446049280861 0.6871904111982793 0.6560180005801268 0.6224470999422341 0.5966595630635576 0.6149693480814777 0.6553689540555235 0.6963153718948007 0.6260883224686843 0.5967412499325898 0.609239391355119 0.6029959653184227 0.6215943969097623 0.600219229160055
0.5369186224940407 0.5512848456317083 0.6326051634893627 0.6573766124897279 0.6889500936351947 0.7053535515515742 0.7411084123641982 0.7663190886922441 0.7864524252419239 0.8629753425556521 0.8110192548908283 0.8434676559679049 0.7840727136145667 0.7597492029933909 0.7651309192010113 0.7400041773823679 0.756418512233863 0.8135301648985521 0.7746641230680754 0.784398307210401 0.833538286621096 0.8660108963187598 0.8340903230778399 0.8498562031666026 0.8070358637396633 0.7735278416267537 0.7707148418415883 0.6885132657711264 0.6724765949088463 0.698685719132939 0.6940943320091549 0.6661578783657689 0.6608360455167793 0.617521871176272 0.648939080681288 0.7183369277190432 0.6768448849264306 0.6791355736926794 0.6026915487518597 0.5876849342694833 0.5694925061696425 0.5635419078254924 0.6155874997520345
0.5789078321303498 0.5818902070393753 0.6298431807279292 0.6871456802186695 0.6700109735973727 0.717869979157489 0.7222418104920956 0.74775972185291 0.7598771054671867 0.7742821312867433 0.7974388491020384 0.8264950858017382 0.8153895341634573 0.7594243215047694 0.7593411748715853 0.7485766472251231 0.7860818129115748 0.7543007535277586 0.7631467187323464 0.7640785137715107 0.8134747723327128 0.8185914186157961 0.8235306878376161 0.7877624787856068 0.8037124705720301 0.7435879501036972 0.7616157562478517 0.7151965860024448 0.7127391965710266 0.6485868892078029 0.6497791968859884 0.6438607980347486 0.6640990618408923 0.6846736235155368 0.6696445414199094 0.6992857523111011 0.6668452692354905 0.6489824229035371 0.6386535779517059 0.6107376621308828 0.6087284143703235 0.5856429682486946 0.6119781201788018
