Raster_benchmarking/continuous/raster-472.asc
NCOLS 100
NROWS 100
XLLCORNER 1743163.0607788942
YLLCORNER 5469287.490325547
CELLSIZE 10
NODATA_VALUE -9999
[rows 19 to 37 of 100, columns 43 to 85 of 100]
0.5252134112661646 0.5770367169246644 0.6298175578248549 0.6063669141172492 0.6000542560626462 0.6177467345769895 0.6548727453673939 0.5912865341225356 0.5139348756173707 0.541072581340895 0.5060519673653856 0.48550626659912727 0.49384542103437173 0.45131665836477297 0.46207815619989495 0.40259360367534874 0.3662026541316013 0.3877563484786018 0.3513709293256297 0.3528563257951341 0.3500535617132468 0.39565821523542194 0.3624100372993619 0.3448840565114332 0.2870621278470718 0.33195545974298174 0.3272135329238439 0.29816302965414637 0.33529731577246047 0.2965701465514516 0.2733553025430479 0.26053950565380485 0.23343347361958672 0.22654683777206794 0.22388669505660938 0.19716676053147214 0.18661131420534474 0.19342446215271988 0.22992925157799543 0.21866365317043557 0.24320263111218382 0.24220307051838358 0.2838920950229503
0.5351483541783967 0.5726445971013088 0.5668087246997114 0.615752571127044 0.6322767378022573 0.6264347804493994 0.6287646784969438 0.5928722989146349 0.538037755660221 0.4933076849875457 0.5080634764152987 0.4622550463937207 0.4781622682602943 0.46903489878983845 0.45787135545898916 0.418320380639149 0.3964271110819359 0.38765339575910407 0.38867793999927935 0.40952803537990595 0.4054811208760302 0.41603952247611453 0.3921682456432694 0.33535444039833595 0.32257717248813855 0.3211470545983436 0.31018966594269376 0.31401514572439926 0.31716399719664656 0.2712708638429445 0.25447528343062237 0.275856227363422 0.25908543363832337 0.23875211394741797 0.22327792496395782 0.20232561410273686 0.18456608968652796 0.24578892267609062 0.2166975923518894 0.21078894173952012 0.22089326975577234 0.270368974025338 0.25226724473591344
0.48537550323002626 0.5337684634774125 0.5627944544802619 0.5535952664075728 0.5635700586428889 0.5860081633251042 0.5932631496640098 0.5710606907456562 0.5326885952665511 0.48869275305695276 0.5156736612959452 0.4900942418934439 0.4535529777888034 0.4555589396867985 0.4279501985231698 0.4441975147339601 0.42518936894742065 0.450901178435438 0.43741278717675935 0.4457421856116861 0.4594481848740968 0.4139993635811788 0.381283047156835 0.32081359746787347 0.29938644733780084 0.32456299579768355 0.3479974229151033 0.2871214397519652 0.3287603256859128 0.2589850780888984 0.2675481106549546 0.29406624301441525 0.28671644709338506 0.2753684150199913 0.2809795920786923 0.25735259694223533 0.21485483840054664 0.22107810732769362 0.2363160535226283 0.20941750811227247 0.21898844109200663 0.26305324490842796 0.2733398882163226
0.5242512569911371 0.5656163738598335 0.5929312794821111 0.5821431754803963 0.5888610803950519 0.5854053198523843 0.5853797726862378 0.5454559922298895 0.5460320110843808 0.4964311270750132 0.48341771455143673 0.45417426241203024 0.46005812318486355 0.4633693121378123 0.48813078025099205 0.4535522088423987 0.482295114809805 0.4758204143274798 0.4760740290839882 0.4352901959140657 0.41033020933401027 0.43578381972551106 0.364650217895444 0.3263717203349622 0.32628607450592356 0.3161141220800056 0.3280322216395135 0.2746972085740561 0.3059674576073285 0.2753437026151486 0.23436456542914622 0.25549521036892914 0.2761202303741482 0.3136353639606668 0.2684151718579376 0.23039897034701717 0.224322600628079 0.23524468202129548 0.20478331462624427 0.24380336107598294 0.26729514053754677 0.24712831899791823 0.2859341044841408
0.547363333836152 0.5651443725846044 0.5917591883899166 0.5643878143117048 0.6231245067980091 0.5817570275504891 0.5619334718331288 0.5425649367518907 0.5035634638052953 0.44833157186619166 0.44514565944556184 0.45194778374054567 0.40986821502800347 0.4492246350503051 0.5151136310024859 0.4602487918198845 0.48564229904465683 0.5179276466399871 0.5128472018688981 0.4590271032637176 0.43211199527605115 0.4119961801497375 0.4092382667523174 0.3341709354312902 0.32174606335112677 0.322441706548419 0.2919463792861539 0.2859899037533669 0.22408688517826447 0.22985193132950826 0.21638843135660996 0.24290474036572401 0.284580925328393 0.27805505535231007 0.3041022246898226 0.234008954262391 0.19314731600862264 0.22930080393365743 0.20755690209867417 0.23532224060962287 0.25317874899784437 0.21464756416552358 0.24660306311023336
0.5439773349210694 0.5283635769442654 0.5343608405427078 0.565055681137528 0.5700875043476021 0.5745941871088568 0.5387929817549862 0.5210808433775542 0.4712369760183869 0.47063316420052537 0.4404728590482073 0.4721290014481886 0.4166459535627275 0.4841068831876969 0.5238780430669415 0.501214508736157 0.4881667426122002 0.47452867155802775 0.4688042249848695 0.47198496335033796 0.44229991252458595 0.4137355403122012 0.38202764072148887 0.3988721470742991 0.33487954034121753 0.2750726043330689 0.3088922985753079 0.28507490786130696 0.2740039489180318 0.21794439602197999 0.22445546405330524 0.25320535542595024 0.32780001847710605 0.33657091071964096 0.31928204220728207 0.24552514586542937 0.2315379142826487 0.2056066413263595 0.2057126218153767 0.1690917223469077 0.22435513343669114 0.21017574226131386 0.20813476199347686
0.5375685132472109 0.5222258628129348 0.5523899240974354 0.544314123475872 0.5777403657257125 0.563496728796309 0.5318343699536063 0.5398975637178356 0.5080052060783607 0.46355802517623945 0.49113031836095333 0.4885057121179747 0.4286035828741704 0.49974665168300164 0.49440194368905105 0.47936723486354665 0.526180914026007 0.5104797768820503 0.46164328452711434 0.4586132966788343 0.4079460345369703 0.4003887935886213 0.43075035244179466 0.3909816906324482 0.33063309573286664 0.3068374881425456 0.25573842558965176 0.26902406576815285 0.257176850353087 0.2833048606244665 0.25307083994067436 0.272918238286063 0.3282569736015348 0.3488233148381398 0.3415145321435449 0.2735868524635671 0.2189575513304692 0.16139151803885216 0.152142891941179 0.1925660394415945 0.16283878599096965 0.1704205084848475 0.20215893649232403
0.4936198109969031 0.554733172049872 0.5461225450406162 0.5694737645424011 0.5604097556065127 0.5550643881815388 0.5361796215900959 0.5366515860327612 0.4829764004351843 0.46549198494092314 0.46492954825177846 0.4341587945285503 0.4735820568185529 0.46459753633492096 0.46966422275154684 0.473471900048061 0.4683903111766658 0.4570457881349217 0.41909474234191724 0.43914842978674623 0.3952498723804384 0.4038174083288775 0.4027671835719745 0.3768764213799013 0.3259741567478962 0.3122390213035544 0.30298770423269217 0.24904550733943406 0.26054118736791543 0.2903640838570904 0.2956201082995723 0.2956864707203408 0.2919220730516672 0.325358268579119 0.34508356512790167 0.2623558457757578 0.2130906471647732 0.19418722351709117 0.20102372407115654 0.1932641787148765 0.19764912436816287 0.19780048466186595 0.22059910420378598
0.4965014373033296 0.5187191325591886 0.522455506992866 0.5356104224931092 0.54960732208084 0.5269996161535039 0.5107895345524351 0.5237681939145006 0.4963366947892972 0.43224499524229554 0.40089171635146886 0.4215663777557854 0.4707696265581232 0.4888272933409418 0.4777988745490441 0.465705110304925 0.4622238137604679 0.43918298711529696 0.43948903322919175 0.4181681969734179 0.41597938599163925 0.3655806385217362 0.3671207076047472 0.388952316633457 0.3584701158478715 0.3482994464205679 0.2761917062628919 0.30897569320946794 0.32601984374656995 0.32947096566441764 0.344834733645499 0.314310458689125 0.3001743389813528 0.3097378805941434 0.325284821508352 0.28687086744968787 0.26720135740454926 0.2640527514550103 0.20214328608122145 0.16475033978391818 0.18513889905094424 0.20007793863112777 0.18742981248503354
0.47931369392115386 0.4739076886215662 0.4754067001774004 0.48908151247572546 0.5189485381785063 0.5066337315923908 0.47777799876132376 0.4413246766562408 0.46100230941800735 0.43449303259364197 0.38829641468249065 0.41639615584986767 0.49112363802742326 0.5112128782490921 0.4639621097238021 0.4629957621058611 0.43913565414747235 0.4130729146009405 0.41111819146395007 0.40300135861568953 0.3519764420824656 0.3289556383917673 0.34820910993610726 0.3359109297560505 0.3698544548811258 0.3320494663294566 0.30682183938725116 0.29173180353718525 0.3265221962282335 0.3509929716723758 0.3463344750932586 0.33586066452212654 0.3257658552603577 0.35644102773860636 0.3167877104847175 0.33002902831700665 0.3000053601480113 0.2979664764218078 0.25176053023648554 0.2002555154644015 0.16549821553822164 0.20452316282018246 0.18372909650952265
0.42179814402851734 0.4455984844978813 0.3941925322792546 0.45092872345849566 0.40325573042494783 0.43755596643711586 0.4452293074212721 0.45888907366202136 0.42359901230647173 0.4480308742150832 0.39404885358085967 0.4114525688089187 0.4686136082077716 0.4846468302265846 0.510599021364727 0.48651258575678485 0.46655395986151943 0.4318453276499526 0.3953716208429344 0.3929889225631666 0.3408919612741106 0.35105371545448616 0.3042005031064299 0.3627598518020518 0.345687785856603 0.31433636117961233 0.29847707013602154 0.2983973403618468 0.3249612504489011 0.3639866376731518 0.41154824122573125 0.3813803616051519 0.3977433650240773 0.4114599254511817 0.378614204333241 0.3840278390444884 0.36946830513879825 0.3411504852073733 0.28709555951381305 0.25389523327052743 0.197673344967259 0.1876346101436767 0.20313130439919502
0.413021560048812 0.4001797667104346 0.3999548498314225 0.4009353384659406 0.43550994389328984 0.43530409135023657 0.4184637867600815 0.4614575678401625 0.43463087989472293 0.44079187077554605 0.420212961225759 0.47636253589841066 0.492349017465152 0.4549085149064274 0.4876749163511345 0.4774335858942224 0.42881056796768824 0.41097872439335253 0.4207345046699066 0.3762864928803122 0.36671912220460556 0.30359203566892506 0.3366207130691414 0.3423797109620822 0.36681255160066895 0.37978782413536 0.37998214182724654 0.3814853898588996 0.3861213587870223 0.41192641267967295 0.3872852155465151 0.3809488736311553 0.3986648792355184 0.41522458586130945 0.3959192317575574 0.3721574132051106 0.3856269041672205 0.3128976151534785 0.2998666927034865 0.2762600710568909 0.2365551463348226 0.20945174336327227 0.18362576067575306
0.4684524566671122 0.3954512945435482 0.37284220432590764 0.40185635391452557 0.4247572386888137 0.40983509320685013 0.401532925640574 0.4523344973690765 0.4856869902001197 0.44677231834187237 0.48206694780901377 0.45514434721473906 0.5009811965611858 0.45380190981482577 0.4508802836629009 0.4817775846322822 0.48636007413200877 0.4698262871375384 0.42380426635050855 0.35060916742020953 0.3438587956075074 0.3546899355060808 0.3462445260001232 0.37483087404804405 0.36215317168521527 0.4095483072473781 0.4432060135639473 0.44102916940666476 0.42260366346542855 0.39984537786924584 0.3641633905161261 0.4164406408437209 0.4296569788742271 0.4502570305823806 0.41699480973005404 0.4013393907238493 0.378601767844085 0.3514883470881162 0.33250764020781715 0.34094609315063523 0.31811957065906626 0.23347269690636385 0.20353384645870815
0.4620171919931517 0.4054451718580091 0.4285879577817828 0.4216743436007296 0.42515241990318126 0.3863443051134194 0.4334245463379015 0.4612908410774277 0.47130132631260313 0.4753853077945872 0.47826779854274504 0.46528626697304765 0.4357601381668692 0.4134859414460683 0.430762329601951 0.4082088248819151 0.45866601322744077 0.45370767423899483 0.43052507558115755 0.36930223719653943 0.3863646042988672 0.3564712004237399 0.41032653542934533 0.4033568009369053 0.3871619912398598 0.44160946688531827 0.42751271823713405 0.465703783750031 0.41691244557219514 0.43438918931681786 0.40342939824490637 0.38324148685264614 0.4418696642412345 0.43271382560566446 0.4350116477824171 0.4219184512423006 0.4106753289509288 0.37140312048171725 0.41165177623870736 0.38407888096109 0.35168679413770626 0.32057029338664217 0.27332632072832497
0.4361046682509454 0.437442192040568 0.4450453625905624 0.3771182166912726 0.37564054876590286 0.4098777603751154 0.4162062153640385 0.4168617314330562 0.42190750114143394 0.4394294527525278 0.40829371494470695 0.4471475283276251 0.42789933997666163 0.3972436269758263 0.3793228888828971 0.3975696330129895 0.4280539008459821 0.44115310302124133 0.39198395156167976 0.41756133033380716 0.40957579077123923 0.4135271765446203 0.4078075239412453 0.4374239519101656 0.4266077415798745 0.46226851863711776 0.4878757424528183 0.4855870663188485 0.42517317342846295 0.4553531973439985 0.4241547518544118 0.4176430738506833 0.4086751435825324 0.43781442197379217 0.41786686884211355 0.40105038864625375 0.3929216909626453 0.4089310211394853 0.43539086154743756 0.4224926358967591 0.35111766847231446 0.35928288884397513 0.3050422033466156
0.4207492548367489 0.46117237303645925 0.4192056001724803 0.37855994098188045 0.3936068551780447 0.3905528202026043 0.42404587867844573 0.4239611005552479 0.44862056483655144 0.4458880040165655 0.39278874031296923 0.3886329372071737 0.37198639488448215 0.36972633002370653 0.3312288783807433 0.35625828909835805 0.3862985797268767 0.41646135347191765 0.3900800778683772 0.3745334872412824 0.3759902020901795 0.39316042473077534 0.4183601627933208 0.4459583847122299 0.44478944638950113 0.4885142042076556 0.501480027092444 0.44746643084917037 0.4931413292768081 0.48179870513961176 0.46571487990070515 0.4200877632413726 0.40895746865368043 0.4540490216803029 0.45739477834224795 0.43662964961555334 0.3990016554229461 0.44115832474525585 0.4287658605132769 0.44652752148087427 0.40445396247142584 0.4113956100404105 0.34521172880973233
0.4474892227430603 0.4300146703429321 0.4079861190144122 0.4245563983049653 0.38942201663342335 0.3933012984443311 0.4827333117246932 0.46691921358246824 0.4782776611234732 0.42931962882206226 0.3701784198093507 0.4189291936818929 0.4300521051941815 0.41256878528860175 0.3396672547386639 0.36301797514560885 0.38094505304134924 0.4076262059764286 0.3682681464767084 0.412447485216161 0.433553409179949 0.40945915610082784 0.4321797111023267 0.42033923452350663 0.47787085662603024 0.47580305961806413 0.46877386580899044 0.4951021987758602 0.5174733540654142 0.5364952365174637 0.4994407172363697 0.46547754853885903 0.4365146314164202 0.463321591647359 0.4282249424987277 0.4469129141063719 0.4470698866828965 0.41263419141239593 0.4508461982199378 0.48623102624597975 0.4702848154480702 0.41459317207002666 0.4134662222161715
0.43347895254863744 0.4457619251120459 0.40852644948194494 0.4177860102120672 0.4052178514747585 0.4353100078428261 0.4467937609998446 0.4561002363889086 0.4919357057029282 0.46079995225374015 0.4083026368606972 0.4321265053179342 0.44745619641503487 0.40113479545167263 0.3568595516819995 0.3430338867571865 0.3502411468394334 0.3736776566840258 0.39307764467311446 0.3833106035319808 0.37731325223135803 0.42123788206941654 0.45466773991235643 0.4445471636355679 0.5050831626505873 0.5087471881152599 0.5069067136973437 0.47917727187566084 0.5461818512044132 0.550462162925816 0.5407164638082511 0.48575739537341334 0.45531100805342545 0.486172572585526 0.4450530786443292 0.44735375370438246 0.44447083455067293 0.4381477113697441 0.4667701825969328 0.46407661490443664 0.4821474501923756 0.4521772554351537 0.4381099591238316
0.4092485649117574 0.45374281672112654 0.44499110353582705 0.4166803369158713 0.43331147969582945 0.47128682255372284 0.4559983231865385 0.4795130600006185 0.46112633563610267 0.45997251296897546 0.43998916875741456 0.4446338788735182 0.4239150191832285 0.3756847517597562 0.34442947759370923 0.32329709195179657 0.3190171627242461 0.3477782452430008 0.3262941288605342 0.3681299645361808 0.38717562743997747 0.4275072386356781 0.4095445829279726 0.4707240875540457 0.49090567766509435 0.48491769473482405 0.49344835613508486 0.4887856327600048 0.5463925394484836 0.5580306887157405 0.5588878062958238 0.5317721645461064 0.5021053212937592 0.5039348270369399 0.44996049649083847 0.4647691658681806 0.4712375048077971 0.4712976174417525 0.4726604426249585 0.4990490437673163 0.5242925326929484 0.4726422313764246 0.48295991856599696
