Raster_benchmarking/continuous/raster-11.asc
NCOLS 100
NROWS 100
XLLCORNER 1743168.0750791456
YLLCORNER 5469288.217409114
CELLSIZE 10
NODATA_VALUE -9999
[rows 0 to 18 of 100, columns 43 to 85 of 100]
0.8685104089137876 0.8893805332317076 0.8871803589588911 0.8669612850582531 0.8791835203297257 0.8523154088777288 0.7977755533795272 0.7818289768066848 0.7920786297943331 0.7847274701332752 0.7479887625216922 0.7499722304685591 0.7094560583668357 0.7110717424586063 0.6528361276019946 0.6334947675585484 0.6112781257131119 0.5745375438248427 0.5570704242618917 0.5552556842795123 0.5728248490640716 0.605223150772754 0.6018284552022849 0.6293860464105677 0.6398129197790365 0.6093616625785553 0.6078151338920693 0.6092612192955397 0.6197045988004812 0.6240336371874168 0.6135960312743889 0.6157384909576007 0.6023457477898406 0.594950238192626 0.6340532934811892 0.6960533051815927 0.7210653269963762 0.6954186252287708 0.7140635718351277 0.746265539263329 0.7301771027944057 0.7361165292252262 0.7266071095554615
0.919049948317355 0.8773303317897776 0.8723385304335521 0.8688019292583472 0.8881593834170182 0.8707066758330294 0.8282412431358458 0.8272506729329784 0.8345873515994063 0.8061089266038614 0.8081626207841294 0.789229121503987 0.7505509423354527 0.7010973218200893 0.6456751018359203 0.6075307247512546 0.5747131107837868 0.5926563908285739 0.5541398725001841 0.5518758644628158 0.5906295622725515 0.6200373733319466 0.629572405056503 0.6294423101630139 0.6307441699019545 0.6046381126713047 0.6008440044914649 0.5771854069009134 0.5963122471406505 0.6027637920545781 0.6005688776329776 0.6049581644075336 0.59474366299563 0.6112424283929904 0.6323651806575875 0.689857729521968 0.6954574800038077 0.6740701750193326 0.6818009689205169 0.685248920465664 0.7174805345837492 0.7026804209660663 0.6730306895364476
0.9092556960830516 0.9060819064162108 0.9143582098335818 0.9133338074758575 0.8845493539574821 0.8920309999169379 0.8614090447636735 0.8653393344507897 0.8628299311954131 0.8260925051358389 0.8074060877651074 0.7762676374713399 0.7604019884739192 0.7066031760781195 0.6387055618952867 0.6140843229811835 0.5921916228269456 0.5719653755823568 0.5762266253512943 0.562907552613114 0.5645041212967261 0.592321532484693 0.6161723137142061 0.621248025671044 0.6069261526835439 0.6378200640638917 0.6302733697808736 0.5929293765467337 0.6169905756160867 0.5884078635457515 0.6169367716888128 0.6338778580869756 0.5871138220786347 0.593067128667244 0.6477187514370295 0.6463853596292056 0.6512721820024421 0.6564711046420878 0.6645030904124635 0.6881335555866757 0.6873055352902784 0.6881532083027453 0.6509959643763998
0.9438136890896479 0.9273156548831131 0.9483271218186093 0.9060109137043197 0.9042484272324621 0.8858680206377597 0.8737166686196773 0.8441170143474682 0.8459102260423998 0.794040893592661 0.7927152393856125 0.7675757687593894 0.7282484219516373 0.6979306492969783 0.6719540324683869 0.6335071688961138 0.6033052808993071 0.5838091754914684 0.5938250952694497 0.5898528390733515 0.5689105931487364 0.6047919304924723 0.6050393560796326 0.6154516069435201 0.6175562364293519 0.6250332598383461 0.6270063819484315 0.6222693970885361 0.6187404117138098 0.6094332410925222 0.5846784998931251 0.6189249467437034 0.6065796429401079 0.5969680366543041 0.6353698095260684 0.6750444258575664 0.6921154216262366 0.6799455894373667 0.6922001761832992 0.676765188823873 0.662318582831829 0.6811542556280814 0.6395813370651664
0.9682013729104666 0.9484233905037177 0.9322802404168079 0.9327621851035033 0.9149960286529215 0.9052995877888418 0.8808688320429248 0.8441704118694047 0.7990156436861201 0.8055540485152375 0.7950062069502191 0.7178289379818084 0.689539261809919 0.6832651281327947 0.6739487103724354 0.6413048485677694 0.6198633677537192 0.5965322775677618 0.5810215145838968 0.5969502435176588 0.5667707341648293 0.6004641876841289 0.6031827079935604 0.6256105117774579 0.6378321662273639 0.6506193432956948 0.6486213450425995 0.6424556518998127 0.5938941378760518 0.5742099917489557 0.606927324000355 0.635820787464117 0.6271634286011557 0.5950694967249052 0.6429412903150507 0.6764680639972619 0.6839883990918614 0.7433832773552528 0.6905801688655905 0.6955121059245281 0.6769739024772409 0.6673970954120166 0.6533397878566884
0.9585492055220158 0.9743898848185408 0.9391835696146164 0.9167345316732655 0.9056730873875324 0.9019619626734875 0.8629636975826888 0.8388410147872291 0.7789455339862968 0.788905851111224 0.7799500866474445 0.7621847164803363 0.7081811720166561 0.6860444828672154 0.6488625766741378 0.6189041611980489 0.6143522681227161 0.6143654089629847 0.6135497454202732 0.6084352802577165 0.5715628404550519 0.581961032887465 0.5792402652830412 0.6096109580550962 0.6249571553601493 0.6251288742108395 0.6085104803236865 0.6007752706740304 0.5806056052757557 0.564257347091109 0.6081721777217312 0.5890869800852923 0.5912313028736949 0.6326511857368585 0.6289898383099843 0.6813751955346883 0.6859459422619779 0.6985087295213309 0.7049570929755897 0.7227570942479135 0.688559953366895 0.6804074296218381 0.6284436739594923
0.947199131496247 0.9723497150756185 0.9476642860706964 0.9385335853652615 0.9138868154122531 0.8990404470247555 0.848547704663753 0.7996562770354716 0.786722842937496 0.7598074928189918 0.7850923751141919 0.7666116985593738 0.7368353093446289 0.6954119663706566 0.6646430066607716 0.647174051612779 0.6170605422196105 0.6128354182875559 0.6039555147780594 0.5947034848085337 0.5472062402714373 0.5641040755390161 0.552978028484551 0.5651372054877818 0.6066534736878517 0.6144431621810635 0.5909285294545747 0.6043244029172059 0.5862757631778576 0.5803165156208318 0.6132241469721751 0.6056205057228827 0.6069210911088789 0.6198503833068262 0.6473948209635765 0.6839071674371079 0.7241027793864836 0.7345661236397899 0.6944058166147691 0.7238360358576437 0.7069289597148717 0.6931177320333405 0.6750942571432742
0.9249215762494516 0.9147127022796804 0.9184818843921299 0.9139599610148765 0.8741736457394831 0.8427429793344839 0.8106971484235542 0.7778171303852749 0.7975739571270226 0.7597893252277731 0.7704447817463339 0.7471352541048158 0.732519379436321 0.6970017291406684 0.6894499629306093 0.6575385839403739 0.6184086921348282 0.6024816203413511 0.586200707078307 0.5840584567150939 0.552747983481224 0.5767919512926224 0.5667600060810327 0.5792668767280357 0.5631240671953458 0.56385351890336 0.5900364803342376 0.5749592082980398 0.5675007736323616 0.5939055642808351 0.5806522111616876 0.6048501986578358 0.598678181904041 0.624117188613087 0.6570276050934272 0.676286616164551 0.7055183056931688 0.7362283183892226 0.7096188079910972 0.7119251096821484 0.7373776703341441 0.7056201296726876 0.7033228491743276
0.909660407156763 0.9267141919645269 0.8963421592949715 0.8973631705160492 0.8818769818471834 0.8164723189037727 0.789532920686158 0.7925940387223981 0.7738008496633031 0.8051786739892662 0.7692287530677934 0.7189876279559555 0.723839258282853 0.6902177430797983 0.6718338699640068 0.6766933492018847 0.6458660289133552 0.6221273500292137 0.5851667847912803 0.5675135874345969 0.5980823703989594 0.5717280413694427 0.5573363466759581 0.56042917706232 0.5829248379677172 0.5746007559333772 0.6048330651318032 0.6188735735323236 0.5895681280159352 0.554810504296599 0.5862778712387569 0.5936790381231125 0.5952108421898149 0.6498668009619102 0.6882688097933606 0.684440898588794 0.7196521517649005 0.699852398564396 0.7007360463334693 0.7506040907839512 0.7552298162606293 0.7710895100535737 0.7188050178117461
0.8892272783826647 0.8886136542490912 0.9194812585962301 0.8764531980949264 0.8456841053847175 0.8338372919701224 0.7987892348449016 0.814486253261225 0.7931890028540513 0.8083132801049663 0.781810166115745 0.7273413793124052 0.7285796074282289 0.7237985570074306 0.6871914655989417 0.6721142044123668 0.6406761161074727 0.6101818518213543 0.6051309116136852 0.5893902544428639 0.6127937757892649 0.6186337181410224 0.5883906667196557 0.6160488675465488 0.6009508477850778 0.5683604055522907 0.5835934540822485 0.6159513908726245 0.5780954274476534 0.5519239124604485 0.5547259787324219 0.5853779490151085 0.6300546466887502 0.665188863114394 0.6794190637689165 0.6672342885941037 0.6964994247917178 0.7054664503593984 0.6980210904262988 0.742091510331134 0.73170666581426 0.741993442658598 0.7081902463186133
0.9131475627012519 0.904020567742956 0.894473176628878 0.8583363260722553 0.8303612186440038 0.8339140446394798 0.8287401058125812 0.8030695657621041 0.8178918430351626 0.8180669539167212 0.7844836270927792 0.7665149297291413 0.7215610216227858 0.6990136575060413 0.689406125021959 0.7157251042417835 0.6839929445719006 0.6411826517347414 0.6290038768533784 0.6195027262178183 0.6166130934650488 0.6398459834255479 0.6059101599175888 0.6422120039565099 0.6241988529331304 0.5872779097336887 0.6199070556645864 0.5972716339015364 0.5818855810391383 0.5575016300940211 0.5571102899175852 0.584898350714166 0.6051451640363661 0.6537941334511376 0.6540955280441737 0.6520953624120612 0.6956304316536517 0.7045210486905744 0.6953476269630399 0.7297803890953581 0.7354342350726498 0.756840371023741 0.7339882416455739
0.8941254481820591 0.88870422262478 0.8912434378399425 0.8742494735706916 0.842764930562245 0.8279866250728125 0.8077697022320793 0.7853246220484413 0.7785274931990694 0.7641572739991467 0.7760882186845265 0.7567791408241751 0.7301795999884669 0.7374321723716595 0.7418158836624695 0.7300378331315014 0.7190399847094465 0.6705549106705694 0.6420702926597158 0.6570810654423285 0.6321100338440484 0.6413007974884367 0.6416229971493516 0.6138613974818464 0.619906610826295 0.6094854708686238 0.6437650771307745 0.6002701612860334 0.5831515293410351 0.5608486074438267 0.5909070531971803 0.5773434108398786 0.5867129737943284 0.6247642875504444 0.6268690130715765 0.678256793475877 0.6961996930726398 0.7204951159812688 0.7168454961371243 0.7416235476539083 0.7647920751222007 0.7677200622514571 0.7522232104646919
0.8528662979113216 0.870597037339174 0.8630428523396783 0.8702079188903209 0.8463169723759327 0.8171007291102096 0.795712245707499 0.7756303148635407 0.7884337342750982 0.7628297918505911 0.741520770990824 0.740386650899129 0.760436198628114 0.7413694690911821 0.749160442518919 0.7539352008682552 0.7435181207149717 0.7246550084380295 0.7002903499073995 0.6611614529835723 0.6471175633992788 0.6499863352776212 0.6520939495426091 0.6271762324519253 0.6710271235681433 0.6794338284744413 0.6418618164742234 0.6391347823706968 0.5884680697239133 0.5924534575668721 0.5968855367442735 0.5945399918266887 0.5695481570553074 0.5840935682142376 0.6070673264577793 0.6657698701142581 0.6955396424471699 0.6894681463754108 0.7340064917290907 0.7609239893746471 0.7748240683280911 0.8011586514947678 0.7480110020812095
0.8281977765636444 0.8517195504378637 0.8367072882132394 0.8073825805178786 0.7848574245632478 0.7915030603239791 0.7969081863368892 0.7821892224915873 0.7785410269589642 0.7611551737538342 0.7618058785210857 0.7415063819205803 0.7539999223039472 0.7178650304217429 0.7477973866396771 0.7462577331058512 0.7286353925049622 0.7261952178106219 0.7078328402809325 0.684522874954175 0.634505053679502 0.6465441772615759 0.6356324406007005 0.6707106701754211 0.6692208022129179 0.6568290100922815 0.6617067383530499 0.6569781058860646 0.6166209064981037 0.6103558776836052 0.6070495213374915 0.5838500942860689 0.6038893547312277 0.5970063513080838 0.6031396470533796 0.6299874123324407 0.6723261961161879 0.6737281370960274 0.7302403031162444 0.7580335968261165 0.7747268740356018 0.7548813817122736 0.7691828723397034
0.7640490330099102 0.780502472072861 0.798754332857836 0.7802399374049016 0.7687846978017143 0.7483192003220883 0.7795716020874842 0.7745173642121526 0.8165362115089987 0.8312923700978951 0.7969539323705827 0.8017611664592575 0.7698026214585838 0.7154980658758037 0.7404035093276415 0.7167465273235928 0.6991694718985658 0.724948437390268 0.6978028091118375 0.6703284392261787 0.6589497159819264 0.6225931383429153 0.6405717655330645 0.6789498233620701 0.6568996452615627 0.6721007953458801 0.6552074458627966 0.637468238997163 0.6242858672146279 0.5898558445944083 0.6168019597342096 0.6015153047448734 0.5956685424941708 0.5900590303275698 0.6269862678146867 0.6508270964733832 0.6698881274775716 0.6648926719628121 0.7190540815842508 0.7372749156008647 0.7591431627525751 0.7358301210727356 0.7329174478337381
0.7404834916795319 0.7734183331151195 0.7588770355649069 0.7852893947776205 0.7877799180478744 0.7591310175578141 0.7637787139823485 0.794064437155563 0.8494054200747628 0.8600937300198531 0.8208020960480517 0.8026740800326794 0.7634133490288154 0.7472633333262472 0.7167990325491106 0.7057490040208502 0.6934050440484573 0.7178450482991517 0.7115326413577782 0.6937180494298164 0.6467513615568926 0.6442258738286547 0.6640593937036404 0.6562764801292729 0.6573987230392994 0.6694555044625279 0.6725740895780233 0.6452978545412498 0.6497521138394236 0.6188688553311481 0.5980069762740835 0.572013601767024 0.5809607758584686 0.5908155581722007 0.6128690686994999 0.6167725823803984 0.639223226237599 0.6701161042059889 0.7068272233857709 0.7173132205390096 0.7260456935034796 0.7616832492591699 0.7665836338187898
0.7290430250125534 0.7366782687140904 0.7554204388299163 0.8070635554906501 0.8075398510455664 0.7747625822538106 0.7746475154214907 0.8354754620999895 0.829554759557308 0.86580242532052 0.8132148325853383 0.7602709712732388 0.7458950063516798 0.7169115519724071 0.7099076399190973 0.7281943235693153 0.7203179913819776 0.6957894021314367 0.6964261534942089 0.6701849923236902 0.6691475372243278 0.6433204585518759 0.6474932348299985 0.645118463881996 0.6453608460519729 0.678640894091683 0.6400991758398424 0.6299050715036181 0.6651977398866554 0.6553180321904052 0.6216590496818515 0.5833190009698239 0.6013469698564391 0.6019527900557503 0.6406055761704923 0.6478412292000207 0.6727240341680644 0.668212419290829 0.6887844995494704 0.7419176379941776 0.7599093874541186 0.751444829455877 0.7508411369878962
0.7524938725536662 0.7638235610280877 0.7747915275937866 0.7827718383935225 0.7770564322415108 0.7552945798744467 0.7780610333781467 0.8149975343384571 0.8524671042465148 0.8421572798896733 0.8137487806647925 0.7522005429638775 0.736850917848938 0.7358100333985191 0.7229977228712265 0.703743432480346 0.7232415825090732 0.6717182852789741 0.6760354330024219 0.6848441973982522 0.6736901753370015 0.6722949459033001 0.6612999773839477 0.6787259712239873 0.6717592877791102 0.6523463090058144 0.6525108915403632 0.6593691211814597 0.6500589735318199 0.6299074650522334 0.6133111998586405 0.6096417517676216 0.6013450638348949 0.612168551217941 0.6486724468046924 0.6903258973910866 0.6852320359471993 0.697204555534144 0.722631054139073 0.7250907174248238 0.7541081433825102 0.7506015779836038 0.7490976177611037
0.7362345482882993 0.7305576324434797 0.7523983153476308 0.7790543666206262 0.7771125970867185 0.7798661709227243 0.7982117333219214 0.796762565149301 0.8211952874029776 0.8250504841012809 0.8002533819767327 0.766177509590381 0.746904086446169 0.7187860440730584 0.7278914533770113 0.7238175712333218 0.7066331760095511 0.6835216523540011 0.6534245505585861 0.6685199393678131 0.6785979061509599 0.7092959611252441 0.6694873972176273 0.6650938291879559 0.6725450312214017 0.6697017193202276 0.680898998549871 0.6741115566748022 0.6861128070307245 0.6797036458735626 0.6288135039315386 0.6207686611851808 0.6225597518266432 0.6631180788805455 0.659011482451911 0.7080489542355893 0.7132046995830171 0.7141171449194488 0.7358672961457889 0.725232062612085 0.759083865322776 0.7688065254991607 0.7378996911116013
