Raster_benchmarking/continuous/raster-491.asc
NCOLS 100
NROWS 100
XLLCORNER 1743168.96583158
YLLCORNER 5469277.789804125
CELLSIZE 10
NODATA_VALUE -9999
[rows 19 to 37 of 100, columns 0 to 42 of 100]
0.41009344315042734 0.43108856843808185 0.42869647029432656 0.391739265894422 0.4351302259677434 0.4400452273226021 0.4322958190686638 0.438392947377964 0.48010042953655563 0.5012597668620742 0.5510506175794008 0.5548031118929414 0.573043531315755 0.5561087876224484 0.5672374097780681 0.5830182723371837 0.5807982305547931 0.5904244868311587 0.6289855979973539 0.602092869234473 0.5996236904003361 0.5489797120753748 0.5258319801406026 0.527831480826101 0.5569855388752257 0.5587252362290704 0.5683477414743858 0.5791139619442218 0.5634109121766658 0.6118547133036819 0.5858063656716896 0.5894069655460988 0.6088943250082546 0.5799660960932157 0.5671146551896851 0.5198421249261816 0.49981956563762525 0.5262226291035831 0.5293525520783504 0.542145009392128 0.5511142364265397 0.6106876980449578 0.6115695820690371
0.42433405405206115 0.4429893698843663 0.467666825632787 0.46142498686718464 0.42190924557542187 0.43752419549240834 0.45875699522963287 0.4610488174528649 0.4935788331712868 0.5261811042672238 0.5214909774558194 0.49854180944134646 0.5379210289407668 0.5819672831689047 0.5857007339616007 0.559813134386111 0.5364054208776395 0.5739385918474611 0.5864647917364397 0.6096969205267824 0.5818018509604502 0.5319728915698757 0.5054422788258167 0.5104618641471146 0.5231671949272083 0.5735279291632176 0.589062425431607 0.6058641367347236 0.5965034728490988 0.5934722525408965 0.6174040712021581 0.574163325571945 0.5548602121393066 0.5687127076288839 0.589418316906073 0.5375665523381539 0.4945931721398044 0.5015120129870674 0.5394501695567869 0.5503915891717316 0.6124124405420833 0.6366515451709377 0.635307919027702
0.4432179427056546 0.4326967312442565 0.43371827704750504 0.45111790893993897 0.4100004939795133 0.4118216280141209 0.42487490369020553 0.46178127784921535 0.47351116958777173 0.5213563058764336 0.5048136699012713 0.5009647729671215 0.4995462016852929 0.5458052847786696 0.5735760182979499 0.5145172144595938 0.529448236455615 0.5480955051857872 0.5717684202501336 0.5583222786269655 0.5076516328097888 0.49623482459773066 0.5031830540424922 0.480816224118159 0.48144642743883953 0.5498969075429552 0.5442227816055913 0.5996309362584455 0.5763109186010099 0.6193517975402434 0.5718145405108427 0.5462620647895893 0.5498371290408153 0.5302057379125577 0.5481802797663384 0.5045393401205734 0.4760193501916298 0.5069661460820731 0.5532697734557082 0.5555664028428009 0.5933364884470093 0.5904884391022154 0.6189901125701582
0.40652340144731575 0.4191750878120455 0.4270455616889515 0.4070090438802182 0.4406511155716427 0.45278614593968225 0.43500114663680844 0.4810737199839964 0.5218482228676915 0.49278992473353594 0.5135364244363477 0.503217094421139 0.530906014702041 0.5633002994899323 0.5322174946548969 0.5017764257235461 0.5006796510826624 0.5078737129320369 0.5398997832380499 0.5505436437405911 0.47528074159908074 0.4874568533470666 0.4461766371118583 0.48733770611029625 0.49599107655303837 0.5331450148103525 0.5371300299782207 0.5432649937344972 0.5630511568579765 0.5689475852987484 0.5814186587237106 0.5639016352355528 0.539015739029196 0.5076378882035582 0.5544321538065541 0.47735191326446663 0.45889403895735337 0.4890712811842472 0.5440274859334855 0.5137301023437091 0.5356586454784096 0.5939743587297243 0.6243460596737498
0.4440841311546599 0.42480447856908765 0.4195249236367191 0.43166781916738417 0.41504765837988533 0.4566253506390385 0.44845465995441036 0.4632087573490386 0.5005817249636592 0.5280344957767379 0.5303609492605185 0.5582988897196406 0.5417914376524293 0.5504744554674473 0.5481521820064141 0.4958163279735939 0.4823247964088408 0.4990833080677629 0.5234872567319974 0.5046855747204466 0.46572109687173446 0.42616222397913267 0.4009300719280345 0.40900708956774673 0.42575116327058243 0.508089969591289 0.5212918718093301 0.5002938948087506 0.5617479897117035 0.5770013296600236 0.554498602901911 0.5416208505194658 0.49974615071726114 0.5131045136390995 0.48541731022902984 0.46068714143591905 0.48350180000580556 0.49615153323542494 0.5217080024152488 0.49822025258256586 0.48206962382708096 0.5123402503052727 0.5361095533764131
0.41784871440357113 0.4284992674349312 0.42559536853496255 0.45387288662757136 0.42981496477730696 0.45349086287951024 0.411731488248802 0.4333288144232109 0.4962429054078111 0.49560934406362916 0.5776686679820922 0.6073505577166076 0.5886574809235184 0.5533534998743866 0.5880202034817049 0.518540770444757 0.46934746798646393 0.47130121466373365 0.4328460985789479 0.4897672936592697 0.4541901911697871 0.4554758209954535 0.39495157881708587 0.43423277999570503 0.40120178598024714 0.44792626513033323 0.49174694300820027 0.4976167969378861 0.5149163019531925 0.5178297444205623 0.5379186497053926 0.5015466889113445 0.5190637468530578 0.49088121075281227 0.44043929506797896 0.4393204885883338 0.4481968078300248 0.49249583744433423 0.5246488167405284 0.46841943456662355 0.4632232443156143 0.48131848653975506 0.47008094819924046
0.4250259288056981 0.4411885753733645 0.4061654341037017 0.4119349927435541 0.4184226477791747 0.397729516368802 0.40431753032111545 0.47024490189812246 0.521774168502329 0.5029612296387365 0.5586082777442675 0.5927121899084875 0.60732004307343 0.5526977668730738 0.5291596483434194 0.4903655520514101 0.4452912531758321 0.43696478900334595 0.45380402099566486 0.4658676298784175 0.45974205489005127 0.4285077129218747 0.41577708292806353 0.41865007852431657 0.445664350077769 0.453319027582057 0.47397718883480305 0.5027619154027335 0.4695020945225636 0.47452420406930856 0.4861059708863562 0.47652174917637263 0.4408848722341487 0.45566451833838695 0.43802592201569973 0.4619319395844533 0.44390839017845524 0.4575796565078723 0.4586896107741643 0.47152432130956345 0.4585642868425817 0.4358205854528336 0.44253634644189555
0.37175678128010464 0.44116656766604784 0.4532402511879312 0.40161451978807244 0.41157530268977055 0.42865225693744247 0.44633726994161393 0.45227781182955673 0.49440218260743085 0.5527397505732777 0.567265635513984 0.6107304705646945 0.594699789396121 0.5877344448088406 0.5590109655417334 0.5091913418502183 0.4649405287198268 0.4286885045630977 0.4386269305108047 0.436686376335093 0.4134004004081773 0.41748696436307925 0.3974733974538639 0.4169404746746798 0.43197920539839946 0.46983725189511033 0.4516661335808705 0.44947478037354943 0.43306008865655765 0.4502288822842509 0.4389010058116811 0.4114466697097457 0.3972202185128735 0.3975069846288518 0.4411261916775904 0.464353444526434 0.45297300570227633 0.48967024171595586 0.47814580379405053 0.44295196854227703 0.4662738984936826 0.4465846024049527 0.43025038598107235
0.3881153277804611 0.40102144975270276 0.43288967550955443 0.4292728527870588 0.4375628953782647 0.4544323282850552 0.47105944900949065 0.49278103077438684 0.4987977355943672 0.5491433390485162 0.5608317082975713 0.5720381631943638 0.5759437492841655 0.5565797592607981 0.5205365787189548 0.497861655367908 0.5142490759763138 0.45440139350549025 0.42081278651831755 0.42199118453861606 0.39281881696557575 0.4055592411595907 0.42742797183853815 0.4128168712717294 0.4438203692024104 0.4448481546396764 0.47296081683245184 0.47132281480165794 0.4892204924730374 0.44997658560731035 0.4458078556037003 0.40370127203904776 0.3971222027789353 0.39474290657440486 0.4288620495251251 0.4299481182302372 0.4445573976627483 0.49202390073023655 0.45842942315062063 0.46274624889442717 0.4797532645334644 0.44581977346097795 0.46438028153552746
0.32922794713182846 0.39359989755678115 0.40118938413495975 0.4255422608415074 0.4896650943268964 0.5111043735848998 0.49415705929686965 0.48224681116705753 0.5188807329967017 0.5566855178063553 0.5956912701915611 0.5582206605062173 0.5995314797188485 0.5867136453461557 0.5321345261555253 0.5271413484209633 0.5551930143896769 0.48448679509931664 0.42842616309268544 0.4456642395680948 0.43681693099652485 0.451748417360893 0.43316220251778614 0.42765145095253265 0.45035435967491794 0.4356130675215212 0.4677513594853996 0.49900183716784574 0.5000672984906623 0.4677423206841156 0.3894282668323544 0.4029983824812826 0.3648404319925093 0.38775086603972114 0.3827266259561702 0.44973085731249657 0.48182602535642516 0.4666713752385775 0.4923679372205807 0.451068375707166 0.42321876995454455 0.43812458267765997 0.42022278389209167
0.4243758479995212 0.4018060987942572 0.42601936158852166 0.48439507405016485 0.5322662374142619 0.4993768715576371 0.5102237268554891 0.5437805225451439 0.5383209088808346 0.6041512255462472 0.6173044686346103 0.5854718258846967 0.5689414202821803 0.5692495670647767 0.5813088398387832 0.5697360423110487 0.5445394706728921 0.4927112773795468 0.46680821565243075 0.4476200588710727 0.45787456056853976 0.4489451060131142 0.42944616237629146 0.44374252146682197 0.44866967706473365 0.42642916058102787 0.41725044468230094 0.4641491998552189 0.43507773765095414 0.4432126842785763 0.39839900135872247 0.39877914673584813 0.3464420827329118 0.37078519951491384 0.3861721149375328 0.43091336377103884 0.41577506051689095 0.4168581227470318 0.47085412114348485 0.4636745145668426 0.44883849422647304 0.4374123384506151 0.42554759151994104
0.47104744773854157 0.4557099748733927 0.46898517069697876 0.5181592504202763 0.5587701538276975 0.5547172514980302 0.5213261138968792 0.5823808295231856 0.600616919291889 0.596978553826095 0.6108333592640016 0.5962584012922415 0.6311776279530827 0.6077017644353664 0.5936210610030417 0.520614965602683 0.5278170694263626 0.4787970894232994 0.4796435172328085 0.47524955750066517 0.5014259935481483 0.45911839502633184 0.4146106469445071 0.3949719290378309 0.4040920641261902 0.3878601310470596 0.41280082299118814 0.45041997941907985 0.40407536607827615 0.41443397575498075 0.4327597395591196 0.4256599107098255 0.35763665701980435 0.3516267052057446 0.3826220908909983 0.42065454331788965 0.37496017579845975 0.37413103981999557 0.4184535243526728 0.44405063491734953 0.45227448668973347 0.45699481281607746 0.4638097436063765
0.5325539468760732 0.5267699571514676 0.528574240022017 0.5425931467968687 0.5834067869540929 0.5737316298777257 0.557256457322156 0.5621060029008821 0.607339464851867 0.656099962407089 0.6505620198289673 0.6311333921210129 0.5589150150800057 0.5571546018698872 0.5193379800530982 0.5098979046942343 0.49205019923806204 0.48636492918840646 0.48825693553355526 0.46511905575248597 0.49738587821085417 0.4797358409547657 0.4613270645594836 0.42423919898120005 0.42259721019929486 0.39400782884169805 0.3939743893682386 0.41861804564624905 0.4246753016389163 0.39521200091841574 0.4245597157942381 0.39670567777867566 0.4093771557852472 0.37683919966588064 0.4047640819399042 0.4152937804470137 0.40595656699452215 0.40071878600998273 0.39580150691379123 0.420986321247296 0.4442425693433316 0.44008716934741854 0.4438940269639369
0.5886868372924844 0.5799396186601214 0.6261434692526862 0.5731940641073048 0.6137537076581979 0.5855807419447692 0.5547021478925851 0.5793990397005276 0.6528064289119381 0.6623028011786308 0.6529214858766536 0.6181691710437347 0.5331337202230128 0.5790443086678085 0.5294883307897027 0.4874973545286681 0.4868047393851452 0.4697354253564508 0.4559873768899298 0.4501452661931392 0.47763588248674527 0.46773698999670293 0.4746232575237985 0.4282997915695233 0.45593585694461075 0.42370640753712874 0.41218444647206204 0.43120995298300274 0.41952158495591424 0.4041485159190427 0.4434826141680583 0.4586560668352173 0.4445692757169577 0.4326736056327564 0.43770981231454853 0.4399587752364366 0.36224953624675393 0.36595524613479447 0.385524177647092 0.4346980797160192 0.4456617786528627 0.4609941941305675 0.49087885753140165
0.623363418632511 0.613062153363812 0.6343127645498281 0.5951821763998143 0.5902201647834 0.5995072872066769 0.5868383690366048 0.6195697040107493 0.6448172834535686 0.6605410192803639 0.6317503718889346 0.6485342407819016 0.6173461660039843 0.5878174092074574 0.5662119108044864 0.5321490293245726 0.5286573121908515 0.46542527247523985 0.49089858939725345 0.48477980391523456 0.4729564736755609 0.4656746278203975 0.4761129934101584 0.43878656802134036 0.4357728003259387 0.4137036201484119 0.40556003421671694 0.41677874403563064 0.4333744216014295 0.42954032183813745 0.4211620668399047 0.4386906132208796 0.4520455882449307 0.4318737820754532 0.4496933471262353 0.4396380707720731 0.4383861297760869 0.4316608423314955 0.4329678894103467 0.4171336345403882 0.4672716876368862 0.466862524720751 0.4486193413785577
0.6498341558701335 0.6483160075855189 0.6393852172861447 0.6341976325146096 0.6137135288507555 0.6464526474384692 0.6298163011749629 0.6232809517551738 0.6222854196198309 0.6467084702935294 0.6792731084913065 0.619277462976899 0.6327270957184281 0.6215726309421459 0.5970556098956487 0.5604854881482277 0.5085805646513581 0.49508058380042946 0.5031389175427818 0.4825690711082978 0.43228746444073457 0.42233570358650213 0.43040023079021134 0.4142112829860231 0.4319628542727453 0.39873572811214975 0.4220825649000336 0.3883969389707507 0.417290605573224 0.4190198248858489 0.4659136357359311 0.44193208133047474 0.4741676253523957 0.41436994031907803 0.3939726388536684 0.3971645437841554 0.4428348717039362 0.4297112386149606 0.4644901212208387 0.4248939202456048 0.446089516001971 0.42221237973446635 0.40238120189838084
0.6367842508326511 0.6881665146534848 0.6992312783785465 0.6670765052542068 0.674851539560694 0.6510873536888653 0.641805071706659 0.6635690384911767 0.6514683327030965 0.6654633763330313 0.6906633032825789 0.6384070378420444 0.6112635853567777 0.6040055742385452 0.6280407723458579 0.6006829683586296 0.5401507634631274 0.5309445803098211 0.4666368758526368 0.4609170060357724 0.40907730144867743 0.39530424139433223 0.36613854953281744 0.36559899050348116 0.3649900407381154 0.37708247225670877 0.4112346929650862 0.3977342024555522 0.4220210947189882 0.4141501531508458 0.427949597318955 0.4449150426570071 0.45175496833730394 0.443544021570402 0.40099531014082646 0.4247994441353899 0.45970235979562435 0.43698775238979704 0.4413613232805693 0.4140664669798991 0.42819677744321955 0.4366261134050382 0.41212114186062637
0.6625178366995902 0.6617409187307979 0.6888200054652465 0.6668763921993605 0.6527396674249586 0.6831334402971811 0.6661176524863018 0.6960246685131755 0.6614353006306177 0.6997129687947979 0.6891578105899048 0.6475593740681714 0.6607691040024342 0.625330035976121 0.6384280790491184 0.5819641018170061 0.5836946590565217 0.5318876038649769 0.4769042931930695 0.4764165474870433 0.39759899319519465 0.38312648624430795 0.34400319747324026 0.37771279494920373 0.3757943630180335 0.3622597636274967 0.3977141426627721 0.40888520208730855 0.37276940353418125 0.40873582733153685 0.379428299934739 0.412544641037135 0.42343957419928563 0.41397543356493327 0.41303314599567154 0.4161311812370908 0.4804384196238007 0.47024248815140207 0.4380008221845088 0.42108240069673214 0.3676880173016525 0.42275538763326587 0.42794449501393506
0.718037012006105 0.680806648705523 0.6860961796116367 0.6941142012377559 0.6529472023861528 0.6773322280243219 0.678400778752404 0.6980161202258591 0.7087715897019049 0.7093409846288985 0.6540976458578237 0.6745941163701994 0.6369470141456072 0.6217334437097383 0.5862219889700943 0.6118185015966765 0.6247751147865238 0.5767749426964287 0.5467112249686418 0.480542867618291 0.44448586375361554 0.36880260147250704 0.35375407284524163 0.3488208687872801 0.40272325019320315 0.3905559113832883 0.366087664358962 0.3812188177916181 0.3514663647388939 0.36138974630046705 0.3639330030670981 0.37504207028819436 0.40049586131844517 0.43580320014991836 0.44804429680275953 0.4505467501055513 0.46247652422515767 0.4423758632976982 0.3898050907336409 0.4116034151856954 0.3697768049807217 0.397748144670155 0.37690814817920365
