Raster_benchmarking/continuous/raster-256.asc
NCOLS 100
NROWS 100
XLLCORNER 1743151.3494974733
YLLCORNER 5469285.138132202
CELLSIZE 10
NODATA_VALUE -9999
[rows 38 to 56 of 100, columns 0 to 42 of 100]
0.9178087719500798 0.92177196651731 0.9153817767203662 0.8483236372614158 0.8342689469353688 0.8098323159956172 0.7955735378611714 0.7393818834339723 0.6715257630464398 0.6611091419243763 0.6129817045211006 0.6201992197200517 0.6497205727455008 0.6474835863196554 0.6177700834502773 0.6547341227121776 0.6513917300854 0.6507567786076596 0.6784394662946164 0.683401046108307 0.656982735254338 0.7115023057763691 0.7036641436880662 0.6994417941716708 0.6604783263235595 0.6445728348178931 0.6730154534085974 0.6581057028483713 0.6412652968608703 0.6336492057057014 0.6048379087228047 0.5732434019358496 0.5232241900270205 0.5270260515314098 0.49832303292592545 0.5256756950994267 0.48280175993520624 0.47925987679409937 0.4697162272006307 0.5107449568788173 0.5428668174688709 0.549246015972114 0.509074311700478
0.9181129473108903 0.9223919272039992 0.9158309673981301 0.8559094148802145 0.8491793956565191 0.7964832446322736 0.7749467739307057 0.753680040892047 0.6919369156926825 0.6460468675085898 0.613118423524046 0.61894814207812 0.6092480276118032 0.6155340169042561 0.6169481727339827 0.618625560012452 0.6164301445507829 0.6265715628476869 0.6337567451817698 0.6463089717058295 0.6796366380352223 0.6966413673779663 0.7138842367433597 0.6877900330989623 0.6513792675132511 0.6610271503444584 0.669409833316278 0.6214205494296278 0.605159575234455 0.5805562370883631 0.5601239248336104 0.5325439192566477 0.5312307649932763 0.5072142699574003 0.48748233005361774 0.4972447887516928 0.4687911601155976 0.47427378024234834 0.4691207119259407 0.4984047273003474 0.5513103510910561 0.5537590071066784 0.5580297259007947
0.8980478747624346 0.8994578714266054 0.90850223635168 0.8835057507673908 0.8217626444206029 0.8311523752220723 0.8181770349788503 0.7453791150974055 0.7224894378876157 0.6587947199755756 0.5938522770919727 0.6109866410596879 0.5983760958869914 0.6183233351281033 0.5877352709641419 0.6124830701359695 0.6189945779336508 0.6465264879455586 0.6275478706054715 0.6552522367591791 0.6362757994628387 0.6717914984085382 0.7291570198118738 0.6954891385195464 0.6468533502757898 0.6574772676935906 0.6755842845529738 0.6217533357853336 0.5906914186446058 0.5762437773892529 0.5297318094336187 0.5343520148108903 0.534209345161294 0.5378988289632269 0.4955834883959458 0.47315095184071837 0.4789985425931233 0.5029644371022034 0.5023692381795658 0.499096365080426 0.552945132897581 0.5432183918294913 0.5534831012427432
0.9205345067159673 0.9005743707341203 0.8840973315466809 0.8711493293134571 0.8379777872185966 0.8421115044528815 0.8127620265547185 0.7503308554835381 0.7058212949704742 0.6851089871178724 0.6540270767809195 0.6157928887304883 0.6066657213678557 0.5901311328229434 0.5823255340519431 0.6166424506344018 0.6138605674122853 0.6389448961306421 0.6489793490993953 0.6442914993243176 0.6648088232552526 0.6866285192787182 0.7033188055353118 0.6827860246700818 0.6727332788143443 0.6303336737355844 0.6473424486416766 0.6122224622589455 0.5720147362052418 0.5476294257147954 0.5583800495007871 0.5462338417069947 0.5491968362247568 0.536044394833378 0.49707516169052024 0.48012742971589256 0.49422219037082427 0.49600330916735097 0.5186931938421071 0.5237918608881913 0.5230450530461176 0.5583831951963115 0.5672814611942563
0.9261861851578388 0.877336158538092 0.8735716484895119 0.848301603422241 0.8489416709660025 0.807488485595531 0.7970187848687623 0.7682543577791489 0.7198985198744571 0.7085168575904588 0.6559837097617448 0.654124624348419 0.623804915327174 0.6073236310779172 0.5895025173094317 0.5884624948219864 0.6287725279834363 0.6041231370474729 0.6439626211373461 0.6487224046847508 0.6694039786532582 0.6979575932755634 0.7149575336185623 0.6928980720647127 0.6492465170722806 0.6428724678701586 0.6117730764177434 0.5708215100100236 0.5702503670015435 0.5544029977625204 0.5943546385579075 0.5811800863305854 0.5489796357826044 0.5300241611574936 0.485746717756575 0.49437539045961293 0.4926475354225529 0.5032718021432261 0.4871342033140018 0.49485959609885216 0.5315166078251964 0.5244045314962354 0.5604382398444024
0.9158140195817261 0.8850218202749055 0.8724082446553617 0.8565197557498808 0.8510945276381683 0.8301671655394546 0.7879866162347476 0.7792014829117911 0.7286791081682147 0.7117479959683001 0.6571469887475855 0.637466852955873 0.6414875967804714 0.6329640041164168 0.6026852271591296 0.6032025078089838 0.6106566670569943 0.6000626034708921 0.6107805486926278 0.6564009198474614 0.6778703662041902 0.6860412874438211 0.6818014621994656 0.6942356252573009 0.6428226420298427 0.6270032920510433 0.6079832530507716 0.5842051611654959 0.5716556803741762 0.5837518317946869 0.5684945566974619 0.5467114832075983 0.5441101752574108 0.5349973216458358 0.5010167613033573 0.5233488288717911 0.5136956769965914 0.5191377628943447 0.49902383999905664 0.5215478092576622 0.5298649908324115 0.5266432939776923 0.5111950625863066
0.8629356379608978 0.8877968911867306 0.898964523442417 0.8334653255092824 0.8079736069681418 0.7992402133695357 0.7992682433576244 0.7689838190454311 0.7225743343756807 0.6837427696121495 0.6754694513438331 0.6517198390824147 0.6584698031026779 0.6418872502269789 0.6090101581399678 0.618161129983107 0.6017891031490332 0.5782443442362133 0.5969026853566448 0.6246842456203963 0.6351572462082767 0.65443348250296 0.6940750145751291 0.6931044102543542 0.6697083369040359 0.6503774643122819 0.6221914518294469 0.5992078116736071 0.609930494946373 0.5694591396981217 0.5747578240210186 0.5866019745908351 0.552128165845967 0.5435623517100494 0.4944676495311039 0.5183952185524323 0.5421134648055863 0.5325768148095774 0.49020594886134977 0.48955711076267316 0.4871769587565839 0.49236294895943383 0.49827037829772547
0.8702636187958374 0.8585110353398846 0.8582463644554126 0.8371678083024654 0.8353357546320274 0.8128643441547136 0.7951536172172289 0.7738292365709422 0.7354840331670703 0.7099710528502322 0.685860382932481 0.6942113669835283 0.6800568721773197 0.6521299278223919 0.6478512725062174 0.6347172687193683 0.6354246148933118 0.5992795061319258 0.6152131005324397 0.6145750932339887 0.6240358824881127 0.6647217419691328 0.6684856618203971 0.6607829329665714 0.6479604598950666 0.6436672098188397 0.6167795588524446 0.5991024197746965 0.6249072019835058 0.5853813357512356 0.5892852982309238 0.5979955112086563 0.579014967501062 0.5545191984373249 0.5381570606949525 0.5429258924375009 0.5542609238141675 0.5401134200717601 0.5187927217141463 0.5263538383199514 0.5207486409281116 0.5403042321009298 0.5183470753037528
0.8488582275464063 0.8595688360904291 0.856397449504427 0.8198375796495622 0.7945644161767735 0.7989324941212071 0.7697413247822938 0.7731927387756271 0.7421043949472633 0.7173467923110501 0.6877487928836346 0.6843893598628981 0.6731745397905915 0.6617282551964508 0.6361638716996048 0.6034857014581789 0.611264577082198 0.572158711178231 0.5582336053347452 0.5861658751319523 0.5928649483219134 0.6587039293466636 0.6617684297686401 0.6450843856932243 0.6733175795656607 0.6702691183011601 0.635185849399292 0.6180322924082965 0.6230369448563668 0.6156927898811144 0.6099734179262835 0.6216726686387777 0.5985405350379411 0.559103823845363 0.5339054866447094 0.5500439534910652 0.5587667121700595 0.5479210201229043 0.5086245140533898 0.5496373273397415 0.5656001737901213 0.5497902531240932 0.5625893114396492
0.8180667967929629 0.8137672995187542 0.8114389157584013 0.7961880163480547 0.8171337917201451 0.7983191716059103 0.7943093709807683 0.7434649501415086 0.716881289162158 0.6960595306010823 0.6923477198692124 0.6566289177277733 0.680132949555612 0.6659001843413491 0.6346356911473578 0.6006070603914321 0.6296651209090679 0.5933185576601573 0.5512672773380216 0.5769262211215751 0.586917862609722 0.6266138481744365 0.6190962582251696 0.6717583653008098 0.6573557781927574 0.6655754213566987 0.661567553282089 0.6316447685276743 0.6437993127049805 0.6258155932904765 0.6102465927006092 0.5998027795867058 0.5675455355865988 0.5491128809175654 0.53585897446495 0.5738177568708624 0.5727535757054742 0.5472701433061196 0.5115271943728197 0.5146472698546467 0.5530907199114463 0.56488449220975 0.5692449142370313
0.8216090950623981 0.8083691127257062 0.7964857126380476 0.8094848175455751 0.8208751538422318 0.7855984398771666 0.7998412657965585 0.7482561008840386 0.716614590283718 0.669400849987921 0.669903889116123 0.6851434204146369 0.6805727721116903 0.6599584846046574 0.5918199145531802 0.6226899026184111 0.6289305886787625 0.5758980556153712 0.5630700660066315 0.5739776112484585 0.5691138937685034 0.6219825667202128 0.5932535867091454 0.6430448706493652 0.6906763363933764 0.6613612462549898 0.7006818888878718 0.6700212752982074 0.6439555529476056 0.6269417491907445 0.6016619461708561 0.6001403839788062 0.5792561814778032 0.5763319032295013 0.5701665350134667 0.5434319801772515 0.5388336604537847 0.5548562244295082 0.5340700409058052 0.5062821688215258 0.5317378168693861 0.5600953646877935 0.6038533559678785
0.8342494698072154 0.8146807369435304 0.7880770332875876 0.8135818645257012 0.7906043065411723 0.8082366893767527 0.7860307431388464 0.7303549897940238 0.6980105750320332 0.6829522355761974 0.6754384915655897 0.6670064086722277 0.642697374734262 0.6204211235976153 0.6023440156121099 0.5996734947606859 0.5940860128848444 0.5972218775899905 0.5963200623774676 0.5908844772401312 0.6060297564998993 0.6171282129193578 0.6178313214710843 0.6416455424981375 0.6854877266737642 0.6729599631318954 0.661559553412355 0.6852797316636625 0.6412477982328062 0.6375514597117806 0.6325371581963547 0.6215455199422276 0.5979108674835324 0.5945462592507786 0.5502146490693299 0.5485205091932935 0.5401894498852445 0.5156799973520078 0.4873744914879891 0.4998964272081614 0.4868687871077372 0.5141112214802448 0.5578555705161135
0.8080206986886043 0.8186942964459274 0.7700340280796075 0.8015846267302625 0.780605804771575 0.7651493483262972 0.7851831687833936 0.7462476156350021 0.6869324953433685 0.7049511192816558 0.6780863293460878 0.645749444028982 0.6281654973454392 0.6346293252868193 0.6293730932143172 0.6286269882434717 0.5967096545076607 0.5918847711689736 0.5884435428969162 0.5887235903144159 0.6148061961666527 0.6556415897190446 0.6468056107096415 0.6739467006630913 0.6958497335460917 0.6812701518508713 0.6808481585162927 0.6825365561000051 0.6209226970067956 0.6165491368270895 0.6082296183908791 0.6329166032739074 0.6191393544631145 0.6021009844452685 0.5548556079359392 0.5520217941612352 0.5431199058907524 0.5140779260447517 0.4922877687804072 0.4839277028189777 0.48659355689905076 0.49542945334607924 0.5229895534963747
0.7885488061874207 0.7872271928455968 0.7590178776048012 0.7759521779113137 0.7728404541521154 0.7794286863620402 0.7733281263229977 0.7492560656382659 0.7272912434324558 0.6952273359680964 0.6735244760804809 0.643491041976113 0.6384608850476914 0.6430837276762675 0.6501489372529541 0.6655540910700692 0.6558041847877994 0.6114852071909564 0.6118343261596588 0.6233111202093669 0.6412716878725464 0.6512321427693648 0.6633726223521728 0.6582956299093076 0.6728239789931415 0.6966869962719973 0.68880695222228 0.6652392342430654 0.64106078951032 0.6398311718269661 0.6109288484432664 0.6092429003139552 0.596114799694082 0.578013313899619 0.5310984354974859 0.5197909098107449 0.5182856383948325 0.4928895879097301 0.4745808873832088 0.48774335752595355 0.4724896028200255 0.4665047041213304 0.48717053451794945
0.8001144099338823 0.7693413850155707 0.7651070665926467 0.7740230605546145 0.7941873897060995 0.7763501466646365 0.7514463900958691 0.7199619809936038 0.6930197330945393 0.7070024907335067 0.6527892922598602 0.6800077187759026 0.6637068562793416 0.6692407429778775 0.6817820451427319 0.6568314431609658 0.6632658702965173 0.6654336872733795 0.6741102857449545 0.6657342308818724 0.6516814899948176 0.649247038957484 0.6762335527267074 0.6659213265193211 0.7002943016218917 0.6924819118772556 0.688890291075168 0.6746662387147119 0.653865932550812 0.6510813780131176 0.6087013233617771 0.597048357681271 0.5594545912291723 0.5900444191344381 0.5655036869496558 0.5071818872363207 0.49705091159801157 0.5001411034054599 0.47995067205850384 0.47110750420849246 0.4718350520787685 0.4502977685784469 0.45058713576322135
0.7616765923827622 0.7544045737220154 0.7712269019073957 0.7799903353343774 0.7773281915593342 0.783946666554597 0.7480074665827973 0.7318307642499944 0.6984158705401211 0.7034476840876918 0.665088148059588 0.6847501550023781 0.7019647623436286 0.7058380197158298 0.665620125417626 0.665868574517264 0.6714655012564672 0.6829531279151985 0.6914390788160297 0.7047788744279826 0.6996454203567751 0.6978731508119994 0.7073607013365646 0.6883828617679056 0.7235601032973149 0.7344274083443245 0.729853280363073 0.6792409220598989 0.645969465548555 0.6403138299531754 0.6118150793063132 0.5807153507606693 0.567861239892198 0.5892585456953121 0.5552002049369897 0.5029375763014009 0.5019027411302539 0.4789247681855791 0.4734298539493695 0.45838709931500315 0.4737237822231437 0.4572922945407299 0.43828894882849256
0.734529360658142 0.7345285075885014 0.7425959262864786 0.7598820998212228 0.758965300312605 0.7764291344163602 0.775522862607837 0.7294240499824154 0.7332639201400691 0.7121080128133574 0.6576679623918702 0.6613172382222126 0.6875926018786123 0.6992364707520918 0.697035084897037 0.7034647508593737 0.6888405718355912 0.6931046391249112 0.7247673977601139 0.7102542511224441 0.7059723094250848 0.7241659505142061 0.725948896898507 0.7307926394037066 0.7219331330824256 0.7365993287971629 0.733292106111047 0.682464493539271 0.6717389703997648 0.6575294450059722 0.6134813659388189 0.6020896473661084 0.6003427115376365 0.5772888398487865 0.5600930533880326 0.5166140298430462 0.47714600488702785 0.47507036390943824 0.4850725706336586 0.46977785239769404 0.4632834131802239 0.4739578182090865 0.47611036372104837
0.732142671682865 0.7396560117250168 0.7263050332790839 0.7215240827836368 0.7492899439365185 0.7487991805340057 0.7313382271027387 0.7303436919937749 0.7352772590849854 0.7244491909088846 0.6628987697826987 0.6537470177728838 0.6550811266265042 0.6876922868143589 0.6922548013497323 0.6771374526948594 0.6627360657703689 0.6972148869478522 0.7085747553577292 0.7086795913748309 0.7178535404532244 0.7417945448506796 0.733779515403489 0.6955559125677143 0.7094918611120868 0.7014527009077495 0.7217448740281719 0.6907906569260074 0.6464685309690879 0.6486844640066889 0.6044932176731432 0.5922602770271502 0.5947995066286818 0.5577868164111953 0.5281864566655151 0.5028706764951931 0.4804958217163752 0.4780398298679243 0.4501290389155898 0.4657559717703625 0.47888473735668863 0.46482338505053766 0.47816166924129366
0.6982229453538377 0.6958266285882365 0.6941829481114874 0.6943879818701644 0.7418336058074415 0.7493595168148371 0.7490270506652279 0.75882058135556 0.7471343901040465 0.7040598693915768 0.6783165949335206 0.6718892401458958 0.6631478768666684 0.6710058800720147 0.6533436542440201 0.6925930101727358 0.6663808087994529 0.6956251350205439 0.6981427729303756 0.733726816319082 0.7459015646068957 0.7211906196815028 0.6979640704237463 0.6738238310959921 0.6876649370275177 0.6801034762424318 0.7020307588184852 0.6846365402270359 0.6488149323824495 0.6597227728695317 0.6525068649172163 0.5977729116716471 0.5521436165452959 0.5242712964300121 0.5047641298172615 0.5181235613536954 0.4715180170945201 0.47882076090693243 0.4368070460442793 0.4675890619200503 0.45361250682916987 0.481564891335721 0.4763600888932894
