Raster_benchmarking/continuous/raster-71.asc
NCOLS 100
NROWS 100
XLLCORNER 1743149.8259139739
YLLCORNER 5469292.6138384435
CELLSIZE 10
NODATA_VALUE -9999
[rows 19 to 37 of 100, columns 0 to 42 of 100]
0.8140061118613193 0.8536287170153464 0.8115930517883222 0.8073896668568404 0.8483140530687918 0.837300838316695 0.8279970497928142 0.796019379294105 0.8096866416004889 0.8357147984791062 0.8555435528129931 0.9002767343901406 0.9182678647324601 0.9097264984829934 0.8407021027658359 0.8810848932941447 0.8734679496736406 0.8260623991040411 0.6863965579390553 0.689045171015401 0.6023769221036082 0.5632217551242341 0.5170907046921338 0.5523050904400535 0.51816364589708 0.4848533036308199 0.4777711540343673 0.42971347753000894 0.36376780350381543 0.4177983210277477 0.37342778595713905 0.32107343033829355 0.251198822265115 0.33854186445553225 0.3023359420028471 0.3066702743654536 0.30290180340369244 0.3954606411644613 0.3827406468997884 0.4214241460322467 0.3784756658764921 0.35750710253511725 0.33524432913484814
0.8013127263805073 0.7998194255851446 0.807963219897385 0.8076654865521401 0.8150169753361725 0.8139177458693337 0.8427178397427096 0.8085504988918151 0.8220668572921184 0.8294308101590132 0.860967870560995 0.8470349804286377 0.8905175311493538 0.8826127825357674 0.8170139720906651 0.8338330741864747 0.792244871681027 0.7767282568413199 0.6607477790426742 0.6526162034527649 0.5798548493849384 0.5736238177963087 0.5684437185337209 0.5423475866959971 0.5408553039800459 0.4983572903748849 0.4596047292555388 0.45268902673928496 0.41440119655231955 0.38076051027278573 0.37686696387659424 0.3815873357957091 0.3488965785988063 0.3208057035531242 0.3542163518585213 0.3363467523589833 0.3279148932694429 0.3968633388207179 0.37644924678220976 0.40466868764236735 0.3595497054107311 0.3360419589833719 0.3461992487805236
0.7660820066978296 0.8301867907110778 0.8035433898915362 0.8310629920752188 0.7965923458935557 0.8484090988148832 0.8472521848882618 0.8121657975241183 0.830396114009153 0.8374162698139153 0.8906591393675519 0.8511380263663378 0.8063201366685215 0.8326615152345896 0.8476183581521713 0.7846943038581067 0.760626847673993 0.7625818352047331 0.6406415045076277 0.5839196120111331 0.5366010985171819 0.5518263145547341 0.5369681828205235 0.5757934448244305 0.5384686894122389 0.5729341640371186 0.5329552057318634 0.4703261937680333 0.4408892070908082 0.4070087138328244 0.41814280430974377 0.4071839133177128 0.3623250884263 0.34699636084530777 0.39465705559034114 0.42245444727681736 0.43289410534149747 0.42473927634520403 0.38211993591686594 0.419329428098286 0.4125920204209929 0.3538589569031555 0.35856810402391853
0.7737730388980681 0.8321160078782437 0.8261743545717605 0.8056173220738199 0.8562684044521583 0.8193082544363706 0.8497639732760056 0.8376508950743639 0.8674641964201754 0.8858440940977723 0.8720204392824222 0.8000244381752485 0.7715727536789257 0.7823985960872848 0.8125556175462121 0.7718422013672951 0.7517627046182496 0.7259608222867957 0.6824411045291908 0.6611041015495063 0.6165168918553686 0.5294067721333271 0.5344484123261323 0.5682364526672069 0.560781994380183 0.5849389897307722 0.526090770053806 0.5455337419056289 0.5171706617197075 0.41186894717439 0.43176668380906974 0.3849655066217136 0.3182114714783623 0.3329445442064503 0.36884832429959385 0.44687961276715543 0.44829153244932884 0.42050104578287517 0.3777631931449006 0.42676215490618363 0.43600799249796995 0.3749906742127222 0.3771883723331847
0.8052124371100025 0.7868294912977543 0.802078127713111 0.8453783645760503 0.8720101563286118 0.868579604079969 0.8925135749850506 0.8758465637065588 0.9054206637062306 0.8929992557142403 0.8885745153985422 0.8099833555938903 0.7351494418746739 0.7333657332202781 0.6968378666522584 0.701552058701517 0.7062966269811051 0.7049132035524168 0.7166008840697545 0.6994390404134203 0.5980675411635745 0.6075794353844165 0.57612882450387 0.6113474722130255 0.6030322970451019 0.6055504915290225 0.513223645962587 0.5542569239718365 0.5402832348791412 0.4140558611185237 0.4022645476136392 0.38910169035142156 0.3262978957687526 0.38468082331103687 0.3691772528707496 0.4426823080474804 0.487023339894852 0.45638773146159456 0.40223714593816523 0.3774731950099236 0.4161858510694243 0.37771584126913216 0.390479970881585
0.8573144220615458 0.8279107391985189 0.8570079275578956 0.8427603874576605 0.8573150484495528 0.8850584244326019 0.9006305877753793 0.9040259652120434 0.9087906133820912 0.8676244011333514 0.8571657192111553 0.7623783576498604 0.7772424327389422 0.7438539218158862 0.6988424818986416 0.7093884169878226 0.7383967733321438 0.6894644887340924 0.7103671279206452 0.6672932576850727 0.6652606212510808 0.6113279589216729 0.6126480101400101 0.5692408799569529 0.6194659802408671 0.6074369716630079 0.5808268735149645 0.5228589010553004 0.5531263098163381 0.4481234860375893 0.40992832361497733 0.38394796285999455 0.44071601416179984 0.4429981121362527 0.4315387960589374 0.4847736347478906 0.4423063197758414 0.4380764368181047 0.40509739397351197 0.4151964801558969 0.3890812782489305 0.41764256123153004 0.45008196237295994
0.871593548610844 0.8279069804873564 0.8677342204213637 0.8861515934132083 0.8515915565599658 0.895600762740994 0.9310788915579769 0.9131313292225856 0.8635630474477379 0.8650258474954852 0.8460179337625388 0.7629598632462588 0.7087351344841665 0.7431592552371209 0.7379988778481273 0.7566013739206606 0.7770747564172522 0.6998950685102788 0.682044564181873 0.7015470237586936 0.6683898881147902 0.6544992950658954 0.5909136078697435 0.6161320088400736 0.5912993998661938 0.6239420852319936 0.5796640223920201 0.6059351030269529 0.5492817656043582 0.480352081245517 0.4512492680903709 0.42246898543928735 0.45078190041607186 0.4920909699153672 0.4913930190351419 0.5272080142708911 0.5131654922686137 0.4414562441241966 0.4945632532170565 0.468801699346995 0.43587297064875086 0.45955238527411846 0.4622439638114846
0.8581115075793576 0.8604778633752143 0.9082234116138793 0.9072563419237638 0.893743366660233 0.9104152216830231 0.8652640060551356 0.8066150183346006 0.8039547780740708 0.7938388353181892 0.7661035522056857 0.7444738297638908 0.7543512622053515 0.7174019902925007 0.7657169933986517 0.7860308557422997 0.7768925720378321 0.6978089088588262 0.7244700782593243 0.6498341949791476 0.6525305823020388 0.6026535389635715 0.617184703636419 0.5858266172829516 0.6554516440852203 0.6457463583503891 0.6294941836556668 0.6176084187971339 0.5228309967665804 0.5268949120276196 0.48704336502414325 0.4333675017717359 0.4324411861209116 0.5007692655804733 0.45191704849075004 0.47849009346459215 0.4799601305840018 0.4635868346000824 0.4558275020768427 0.46769784235490164 0.44869721708040866 0.4693608679836841 0.4440580906223792
0.7814900425006417 0.7987631560640622 0.8495773657312771 0.8688657219842961 0.9346393119068983 0.8951108533192255 0.8129930214822356 0.8243897847527049 0.754036492304644 0.7393310853351689 0.7773518035481242 0.7688828290979296 0.7551998123849311 0.7124924121541695 0.7704548889238508 0.7280095892919219 0.7194078079367815 0.6907117171153764 0.7324515507629615 0.6991387426459329 0.6582587070789367 0.6553592408240557 0.6269513334766039 0.6341033393824766 0.6862961599753015 0.6218466289643472 0.65052491562782 0.5610087421663109 0.538726688610661 0.5112289889960244 0.43859126208814075 0.46489841584128627 0.45383734211413107 0.4354352671134043 0.4831242460840129 0.4608313778598101 0.45729887091901494 0.4443359401277374 0.4482388091560352 0.44318083276466497 0.5378802241236217 0.4971348292360032 0.46025239940260554
0.7550657292872246 0.7552422013846772 0.8041276824155762 0.8933903813733418 0.8410850777616521 0.8416340756147335 0.8389105255316192 0.7945131982645475 0.770162845364126 0.7486874167642551 0.7585341265933832 0.6858340839828555 0.7088297937183579 0.7331256769506439 0.6978187434701317 0.6525402055535298 0.6638571144864394 0.7326192234325218 0.7427567758904281 0.691053326134597 0.7149476260621731 0.6724328006658812 0.6609342980004715 0.6728416602468195 0.6550527519674425 0.615486351317657 0.5817132652383945 0.5700687967045426 0.5541885833698131 0.4789262408324602 0.4526861691169916 0.4222514900083654 0.4246782613073824 0.4416081576733837 0.4720238528829668 0.4979732449194572 0.4748376865092302 0.4914766719582905 0.4719939294755997 0.45122329638066694 0.4429002202622515 0.44798323190842804 0.445636909982484
0.6995175412672388 0.7251983457185023 0.8227974511345567 0.8537850311422438 0.8257856836819069 0.8236894585883726 0.8079131129316327 0.7807722861657176 0.6946129150532734 0.6945021760428687 0.683424956526586 0.6526251179522383 0.6541998019262178 0.6879450566820069 0.6206216338338596 0.5963304910214736 0.6335565716776395 0.6580595111292112 0.7007395851146284 0.6745940203879953 0.701996597191316 0.6756924388204398 0.6459900126927729 0.6272954749028212 0.5737667130267977 0.632336455952384 0.5682037518413863 0.5403820808317288 0.5614820603815546 0.48930552582745224 0.48167500817770115 0.47975946419016396 0.43036440646711394 0.4039104287717184 0.4162042287603706 0.46053852414205626 0.5087047530321911 0.48373904040184496 0.509150270760862 0.45626964490693495 0.416882379605495 0.39883945177480434 0.41568636285688504
0.7312699647693345 0.7442821298121078 0.7925561199818766 0.7993882134677042 0.7521119814000309 0.7348235548428856 0.7769436669510412 0.7579177207656843 0.71277893808714 0.6483582825231545 0.7004674971282512 0.6691798141535583 0.6451864882396683 0.6209261662663688 0.6549126764930139 0.6169361781690411 0.6143539640016573 0.6205504009244137 0.6819599007935889 0.6657101966534179 0.6452239456781674 0.6287672689315144 0.6550409270503676 0.6279282313398901 0.6412943458111086 0.6410929113440159 0.6139092650206843 0.6186275447481844 0.5662928878812216 0.5508708302394547 0.5251471616990759 0.4727467698359736 0.49719755547175454 0.45446223711892 0.4463127569845813 0.42947930776656673 0.4266571866176695 0.45979729641076045 0.4951769489247194 0.48433161184176443 0.46832893106616996 0.42727247816082065 0.4405471068849268
0.6534812761399796 0.6619048115831516 0.67679910981481 0.7057311456060884 0.7243431436102313 0.7444497912875917 0.7190781621930611 0.6977922909381066 0.6750616879791694 0.6518789629179401 0.6753547804518162 0.6889043372459325 0.6614184437991308 0.6377205425112398 0.6345848888729457 0.5871034212468826 0.5872085033637796 0.6503956412693712 0.6843966198192012 0.6930499135443099 0.6680306045236065 0.5907130191892301 0.596228794156435 0.6669768238353038 0.6529272889501317 0.6352076694759163 0.662664668927512 0.6537304880305572 0.6077860636282219 0.6006997220010257 0.5147505841708656 0.5509192398815687 0.4938427796278337 0.473883971218613 0.40380286938686577 0.40908649478934267 0.44272993548089495 0.45548420670897777 0.41180640949600905 0.42851419179306344 0.44577137189365473 0.4333145488421494 0.47797354332626774
0.6431781384754962 0.6732388724840401 0.681571912488394 0.7077818061008438 0.6957218127944744 0.7206687940811263 0.6939822843342387 0.7197310033896215 0.6614986908660061 0.6226179878155571 0.6234923662090067 0.6488591904127722 0.6539614504949212 0.6710564031596581 0.6254799349562531 0.6189631600666852 0.6337247051683373 0.6484375163979316 0.6226263010734562 0.6040768522602857 0.6330399426449614 0.5871867960090462 0.5942826416358231 0.6555416443173898 0.6717337408862015 0.7177128984195263 0.6870928821394673 0.6449494897224375 0.5978048580155585 0.5901167907556686 0.6132929074552107 0.5848789298946736 0.5072586445288569 0.4828327213853803 0.49415449542873474 0.49335240109912526 0.49782539833654 0.42005814324159435 0.436270027797065 0.4155740989661095 0.43352507756365316 0.45669760699889667 0.4531974468594833
0.7090556025293037 0.7002365934329349 0.6172589807268001 0.669188957467736 0.6561712208676185 0.666947928229592 0.7073094849361102 0.7197404446754223 0.6673651897089333 0.63524168166416 0.5933837678182878 0.5943637804113928 0.6086817842810696 0.6736059749166898 0.6734275807804627 0.606231203773388 0.6347106883516456 0.5858210028233244 0.5848259819006949 0.5914543244726749 0.5707055261619458 0.6086748615649487 0.6052120193482127 0.6545226667553465 0.7043616684649128 0.7394818931306256 0.6982649738206046 0.652143479657643 0.6842859898281004 0.6914873275677874 0.6789367237637463 0.5824951833509318 0.5469247897761684 0.5489837339162429 0.5161904335880937 0.4758810304747255 0.48151032074685796 0.45231132967270804 0.4813569857741065 0.47407161252192165 0.4493450698130542 0.47447518437894115 0.48180538647061877
0.6936859691157553 0.6538698022949758 0.5782713711676293 0.589129245039404 0.5919039506372441 0.6105388218368482 0.6534284393542824 0.6310955114526692 0.6833393206405832 0.643496640227313 0.6093350170041916 0.6534497545529565 0.608516501921472 0.6405850454712465 0.6368878226187371 0.6253133639343736 0.6719915385708246 0.620327777408414 0.580795052498505 0.5746346048759666 0.6275130493666851 0.6014599045954742 0.6187918044006455 0.630350653092165 0.7309843132650802 0.7076980073787038 0.6950642136564862 0.7000995488345702 0.7659330002595838 0.7272693426569945 0.6949098980615306 0.5996137892814215 0.6138021926031408 0.5770877466085965 0.5585505659538704 0.5132175772541242 0.5156591336292782 0.5070974551412397 0.5720131015934891 0.5725075311467203 0.5298599790025401 0.5506221304831556 0.5622004078071194
0.7464858814445328 0.6654680609117708 0.5836642689281014 0.5970344322486183 0.5927893615797685 0.5704265470783999 0.5859864271617158 0.6358745402835931 0.6738588541302313 0.6945221036717175 0.6966883419954133 0.6230791180570716 0.5732738432669569 0.5795250376163191 0.5841110736527976 0.6028294002044894 0.6939091559654899 0.6694677770097094 0.5776771210840719 0.5790685400248713 0.6116742405736524 0.5856033388052883 0.6423450102740393 0.70208476138393 0.7243130982779488 0.7395898656016494 0.7059456606710108 0.7117019256772488 0.7964024491171201 0.7447786216393022 0.6466369466739715 0.6263416280065897 0.5898143021993074 0.569135117093373 0.5790930119228994 0.5330315585523732 0.4847453702907496 0.5426513933295501 0.6112501007468478 0.5860482165527349 0.5980670382312006 0.642105079821629 0.6133204517562997
0.6920732193769158 0.6380704364018956 0.640614908544467 0.5997045830855646 0.5820971874829809 0.6361158271079189 0.6151174006311699 0.6351192552105807 0.6518458569818534 0.7031660254356265 0.6928943973671108 0.6834503569731333 0.5944700090292445 0.5621299421219148 0.585994201610961 0.6288015690034856 0.6233743175705674 0.6357458374190295 0.6476286662173694 0.6231166885137326 0.6566374714007633 0.645344820690435 0.6388164240642731 0.6536979849723201 0.7205892034257962 0.708607308104519 0.7212847638794782 0.7666266354132809 0.726391951474809 0.7360223340662344 0.7196239221188764 0.683140826454863 0.684131845356721 0.6343521175817957 0.6159392979535617 0.5718522055354398 0.6007208385900084 0.6006772415034483 0.6098786431822653 0.576637746518658 0.6172142301337885 0.6533930255510774 0.652217355006636
0.7051041432146683 0.7053061794021231 0.6309698552438058 0.5953212486048204 0.618462042405252 0.6267713061913603 0.6342166269021844 0.6283658521828539 0.6336217582988585 0.6614461476341076 0.7176811782814176 0.7111336037587009 0.5937644667748813 0.6173884651219117 0.5766499869659506 0.6267139076135531 0.591145851675958 0.6035630589236713 0.6709044488501588 0.6403941921914098 0.6140595544454983 0.6730090469221957 0.6423780338927283 0.6715031119908629 0.6994324873408073 0.6971950080835242 0.764038415516171 0.7826120000548787 0.7356531048709346 0.7773371124048124 0.7335138082579591 0.6939059971380419 0.717799295887467 0.6917212937429215 0.6046166186573759 0.6033225790862279 0.5999061952400541 0.5744047840896371 0.6138848633171998 0.5779385819379379 0.635338421387686 0.6138000118599274 0.6365495431006816
