Raster_benchmarking/continuous/raster-80.asc
NCOLS 100
NROWS 100
XLLCORNER 1743157.7046609174
YLLCORNER 5469284.5064023305
CELLSIZE 10
NODATA_VALUE -9999
[rows 57 to 75 of 100, columns 0 to 42 of 100]
0.2272110095762567 0.23323935903227694 0.18472594054328773 0.17872760975362154 0.16198036855034284 0.16816002917838851 0.18127603787654542 0.18011246023784458 0.19239850479182188 0.17158033694950656 0.17592867852927382 0.21744515048057256 0.21947475988592396 0.19559842331991037 0.21374640274118945 0.19548821464080693 0.23249131693139055 0.24855803602475818 0.2704063436461598 0.27884226484570707 0.2820951657483975 0.2544495739014828 0.29178003584400064 0.2793219885814836 0.2926018848994953 0.322293843696437 0.33158272230254143 0.32097541335910773 0.37141091252325525 0.3766235088490599 0.3701527130102894 0.37084845072268807 0.3960962479673006 0.39978259151388934 0.36936824215801967 0.3310771734881107 0.3557606865930025 0.32712783583276306 0.35756532225095067 0.3509691326003493 0.37951913397379666 0.4142598367558705 0.43890179914199695
0.23020214306732154 0.19441838193859692 0.20012966054542317 0.1463595231357501 0.13691487917806452 0.154664504365582 0.18996412852150493 0.215377697367849 0.21323865071627895 0.20091972113736217 0.2347754411852905 0.24454663564331325 0.23546907780838947 0.20741135643928632 0.2198086737637078 0.2232063897433031 0.2419976113376256 0.24942171231510712 0.24749703715913962 0.28066141298724423 0.25792159426878764 0.2691214401534442 0.2937710941266616 0.2819253027340849 0.3079228827698259 0.2854580162044171 0.28714491031235745 0.3044753175510115 0.3407444356948482 0.3740158901248887 0.3671031506776733 0.36708936044352647 0.3604920731198566 0.3807339887432425 0.38149891312899475 0.3766836043551554 0.3392133974124999 0.3443378316495862 0.3554983704431834 0.36820051023000444 0.36525522510181735 0.3760713019175541 0.41361588424262297
0.20783884582804357 0.18826778005355818 0.17464093409333056 0.136520508210235 0.13779844945045938 0.12641921162131436 0.16644818597927252 0.20157885551973417 0.2195036876822639 0.2155164139927137 0.22967636577585956 0.25657264992907775 0.22205395678915044 0.19723538775383007 0.22858194973405602 0.22073989890912188 0.24742764990510216 0.22378241748245878 0.22768606010291498 0.2576410518037525 0.2606072681464957 0.29433684994758474 0.2794204646928647 0.2753912138963756 0.2796955845423732 0.284720483411247 0.27543810659071366 0.29599933754565594 0.3041918148267217 0.3471082679441665 0.3400008425879879 0.34734523322454325 0.35539578837044206 0.39077982171535663 0.3640513201956616 0.3713711353239523 0.35557940811471184 0.34380270879767444 0.3651273957911259 0.3477057078025194 0.3662958745424581 0.38878747957512133 0.3931035046635202
0.21452820727048477 0.16201916156869978 0.14045426923862148 0.13586557945065583 0.11672261360667426 0.1307738867320112 0.1456297419376636 0.19907250297659665 0.2004332468832999 0.2194204398182759 0.21808366656945877 0.24044029341517129 0.21605513121705436 0.2316576088782046 0.2148814041019961 0.23995134206916355 0.2586909852230713 0.25346804420333396 0.23212001508652524 0.26015595700831345 0.2668934139500325 0.26120999697099506 0.26786210895656204 0.2694898439179466 0.28953815795678967 0.3141628051442672 0.3068815078296955 0.2906085399177438 0.3154325503553221 0.30071216340694157 0.33712090199785316 0.3432868699207841 0.31498466301208655 0.33798624161842555 0.3814287556467318 0.34986255733676197 0.3479572134335795 0.35388550083279663 0.34923907708971896 0.36563857397313887 0.3454555322130042 0.3614687400739477 0.39886400595264077
0.18583893049498354 0.17498647821864877 0.13793076432907445 0.12640604564530988 0.11153545661989278 0.13222941456521523 0.15246531141720074 0.18776629243513926 0.1949246441872774 0.163624278203807 0.1929064194434477 0.23057780194404798 0.23983433041088437 0.23260340945789923 0.23519100983748345 0.2406438534500073 0.2522853173700094 0.2711737981416397 0.23383457173583766 0.25138736665270267 0.2620154782959087 0.2701168114318161 0.2883826652920527 0.2614267152198457 0.27646950529727643 0.3100397902111911 0.2986547149929218 0.2881611596408579 0.29785821801203693 0.2828748374624985 0.3005711743506682 0.29135170454463033 0.30764098536285656 0.31258114133054377 0.33076768796974054 0.3668508386773453 0.37649348298391183 0.3762294305129876 0.36551275127243493 0.339479406732756 0.3346882439820718 0.38118996948742223 0.4230747693113852
0.19179602200248447 0.15860812411651343 0.13243764955217152 0.14154206363035526 0.1361844120115402 0.1185443673746543 0.1557089651779637 0.182709309032857 0.188308035647658 0.16851252543270753 0.20156076778285897 0.21329117248833585 0.2291184976622733 0.21183058262791238 0.25259577154789103 0.2539205307918606 0.26679323346123746 0.2714785775313407 0.26283708951450946 0.27392296819913214 0.2612890566032216 0.2850159992926472 0.29065481296891627 0.2776520098481416 0.29499753445268867 0.29009261447645385 0.30264786316172243 0.30201492715175043 0.29196581639379093 0.2892289236170709 0.2949624657733852 0.26544150289688523 0.28537841669946606 0.30428149044605723 0.3016928378301616 0.347632508932517 0.3424099623273031 0.36566606430420695 0.3732598764712195 0.3409586728789182 0.3440470599456459 0.3871269527458593 0.4178523975233681
0.1992542443104582 0.15498186730602784 0.14015264473454644 0.09093089359098883 0.13196776318103842 0.13295394416005055 0.11931170827350689 0.13359908085700187 0.17690423730721908 0.19859133142935348 0.1963740781784785 0.20144073748230756 0.20656912538820008 0.20000779203681282 0.22885436324327058 0.28174861503435955 0.2511805324716581 0.28387289747382816 0.28515192652130555 0.3058861357470959 0.2724842231290739 0.2841958820308152 0.2827172645220496 0.27527721747617045 0.30038478628222637 0.3164415580927749 0.3003716123040469 0.325135911257954 0.3327478138211087 0.32778650791946645 0.31142274236469836 0.25854931114516516 0.25496547894017035 0.27297227034106986 0.3156029423359678 0.32903403198637227 0.3387662965722351 0.3547200820620915 0.3690038880994164 0.3675898615131547 0.37714150995389334 0.3580071858671715 0.39275485376066893
0.18212231261642153 0.1564672178634345 0.11284220144054434 0.08639790878777892 0.08989678255628547 0.12310853715342754 0.119698802336811 0.11531950035983103 0.16509162646064002 0.18385879566627583 0.16065600185170614 0.15693362939329777 0.18433815225110306 0.20391637003716317 0.19697264688935748 0.239054446066825 0.2504305962374575 0.2696335146000334 0.28763075912758346 0.30445073382067894 0.2861690552521815 0.2628629998995378 0.27019835155958166 0.28447003095516715 0.2951309661964657 0.3167022917303371 0.2974511451527551 0.3040088888077842 0.3406498046533909 0.33709304178540606 0.30881343446354764 0.26885897709062706 0.2769463490409514 0.28286494653990746 0.30279493781784816 0.3343629152725913 0.34553793582519066 0.34263711312810174 0.3174404122627932 0.327622823506463 0.35652553481443544 0.35914827029009194 0.3729644480097136
0.15239528365264957 0.14178578776949285 0.12103914993271506 0.07621743229777433 0.08894528267895364 0.12300068213600572 0.11968025259116441 0.11237609631367104 0.14822449987482242 0.15607946768713357 0.1444115707996554 0.1633064117399278 0.17528649709789676 0.1954971780677946 0.21464692414479433 0.1939739579841069 0.22224423709859953 0.22349776217075798 0.2579637644180591 0.2693274743303901 0.25790323837152135 0.2459457420281242 0.2685426718898463 0.24700688129348775 0.28370292312517337 0.2798581422086396 0.3173806619667504 0.3089303569712594 0.3042129912782052 0.32468013846263305 0.3107403225777418 0.2955839542117332 0.28048878958902035 0.2951675230048308 0.32639962080715973 0.333087153325167 0.3313419729928923 0.3161584155364561 0.30951520739802135 0.31303180201310726 0.35609792883742103 0.36987472568523416 0.34050682822702394
0.10853730374556578 0.12124863689458754 0.11289807548967909 0.060968663810129865 0.06066309365817022 0.09106203124912725 0.0758232090576496 0.09494693267967816 0.11847384661567242 0.12249541923342784 0.12505397899102202 0.12737741696156787 0.15660464026849583 0.17618830315429534 0.1940015996871474 0.20881880637161784 0.2084447414268592 0.23884342225491562 0.2626248607122364 0.265632159188347 0.24409907475597306 0.2681937711967337 0.2449431598753695 0.26257748063552855 0.24909861429879981 0.2946347238214548 0.3116169609738492 0.3260375478501993 0.30702423496093334 0.2820743711596249 0.28052618081586167 0.28418845376891066 0.28154077013668316 0.2900650662827743 0.30729290785548075 0.3085009142069347 0.3261870124592423 0.32158308813358666 0.30548324207932587 0.2981041514987735 0.33233356472375886 0.3270246007259009 0.34566927605351244
0.09979243391537872 0.08452637165692783 0.0909922412693507 0.07526483366037091 0.0720012876814131 0.04667497626310169 0.07793657111790558 0.06223680296304795 0.059580585313760114 0.07311482347544464 0.10129910392946025 0.09492184335918949 0.11312500807222811 0.1697023227526504 0.16446847953903193 0.16590740209696858 0.19197287272934194 0.20577004250364966 0.2258836032318784 0.27387708657330534 0.25097766426881446 0.2596999752722527 0.24266315186989187 0.2432111608678318 0.2798302870885756 0.2866321039736735 0.3007787539525724 0.3006884467694464 0.2803551108662566 0.27466277362326635 0.27564358257088867 0.28064285403531186 0.28764543093275047 0.30504178469813564 0.30529087064526306 0.2786524990522758 0.2767336933251569 0.30686576244024294 0.29109496183935596 0.3033053556856573 0.3134948465601556 0.32747833198750886 0.2994531053597673
0.09143858376928538 0.06613587565205362 0.08749194033770193 0.09864869118611197 0.07650504992432981 0.07030164147258378 0.07042801343756028 0.05748771014244755 0.05520390104282185 0.0829640464837759 0.08967718626544108 0.09667382157301427 0.09604872333188964 0.10679984257679961 0.1412289899644417 0.17854027430633881 0.20114676427421374 0.18104275253918825 0.21166559974626228 0.2472844982812918 0.2691068495482908 0.25509011985270535 0.2520519609828428 0.24995028768289979 0.2653895964821879 0.28928136388736836 0.27879851821108337 0.2702515275743865 0.26464812840616403 0.2713962531675142 0.2700156774323494 0.24112522695201427 0.2617001209037195 0.2574667087527319 0.27831201436166914 0.29548508984750177 0.2767679857752687 0.2714504005615955 0.2656146289041612 0.27608637085649224 0.28877397637648566 0.2759068733316852 0.28709033827153685
0.06556728027675604 0.063054241432357 0.10248344165741141 0.10201495142138693 0.07497531720888334 0.04501215282446077 0.036919400074076646 0.051839856581608584 0.05337999226372252 0.06235912575416566 0.05872691128256844 0.09170683452072124 0.08287643976509514 0.08370618259893366 0.13355722967554873 0.17254509224420245 0.17440618962532903 0.18367233597338034 0.21074794116162893 0.23355758911244653 0.2696386398811008 0.2871142292022679 0.2469853889872129 0.24275742130854944 0.25355895675161905 0.2540780966743229 0.24409676849344578 0.2486320990112015 0.2733151949415368 0.26679134836370477 0.2630987852730034 0.2361152131107053 0.2552211684843636 0.2343782983502782 0.2516055079115725 0.2771170883479806 0.26222326781871497 0.25153114035315494 0.23419198409616704 0.24972921958181468 0.2363713966122819 0.23477210686652245 0.2445979804054181
0.09872587849782644 0.08533766882983482 0.0925579192613778 0.09411607760452731 0.09907539855142654 0.0657094468464561 0.03179814483877268 0.048573198553492555 0.05620486544209102 0.04247303204039245 0.07475364115095626 0.08574964813413598 0.06822473893614688 0.0913287911595516 0.13293676299613472 0.14193114528262912 0.18132514560827448 0.17838062762464194 0.22913725566760115 0.24010219755171033 0.2633525706252339 0.2532455799788168 0.25806522574093077 0.2450551447672261 0.2345460846351326 0.2644626040455742 0.2560695674369956 0.28129411077955446 0.28251062039177094 0.252972512042158 0.22915404004002513 0.22196010170076233 0.24428380904113325 0.2545028151851279 0.2403803953937941 0.2585617544709566 0.22559714821633997 0.21791506264796254 0.2177344683725681 0.1988499165719583 0.20721465197494335 0.24207062207613012 0.26308335328304394
0.13056211749293115 0.12259430640317644 0.10156572525677496 0.11185466877990301 0.0877761106559908 0.08373356892378124 0.039280611383268195 0.029406590207623158 0.042318516623830515 0.044804573864437446 0.04327580968406373 0.03907948422911981 0.08380904490236274 0.07897827147048428 0.12360256955575942 0.16435752797739892 0.14394485977724622 0.1561009451545086 0.2041682726824889 0.26470686855969194 0.24439942624208988 0.26237832462538085 0.2607614446059044 0.2638722614791934 0.27239719727841233 0.23853531614477982 0.2651681050535272 0.2869571466380795 0.27523147331386194 0.26160900858025693 0.21348771591251284 0.21592973286599654 0.22225165832413968 0.24063642146779496 0.2137397143570229 0.23577609551432702 0.2357325937548541 0.21920160568999547 0.22503263358635647 0.20066989283789252 0.2132226296878915 0.19379863720229554 0.2332482821209542
0.12780421732074868 0.10574331617158081 0.09733012761451797 0.10571840708892831 0.06982006617325691 0.04953531228927303 0.04189011333259648 0.04008830571794777 0.011731873011526117 0.04128628146359455 0.03907366020960964 0.07536036210516087 0.09304981387399561 0.10938989568587927 0.13269413043304767 0.13242182896338783 0.15226643831938028 0.18060100558979514 0.19195030060969107 0.2262556831777687 0.2295831837386691 0.25077144659333955 0.2797723614856916 0.27021108599331584 0.2694933882450102 0.2504541168588196 0.27093270581314205 0.30253709373322457 0.284023054410859 0.2773136527674525 0.22658492787204232 0.23562297430977666 0.2214923981988691 0.21910291678085309 0.20683050976716638 0.2229999847208287 0.20966149039293028 0.2316857800920994 0.21525927649621182 0.22223179792534536 0.20675257856864235 0.19133776987487175 0.23745364313314085
0.08582533462959081 0.07030208767332606 0.055770937238720376 0.05992661691579246 0.036648352525149135 0.02671375616051945 0.017068206890987616 0.026689434276845826 0.013808811263176776 0.024942128336418658 0.06680466633085355 0.06847677597985805 0.10299746611871952 0.1091870776415283 0.14682293887786382 0.1616736155659124 0.14523990544217574 0.1514026589174075 0.20994132595630277 0.21869074514711662 0.21148465085081067 0.2421562177647199 0.2799901045048872 0.2818699712715181 0.259973725566534 0.28244831482755506 0.2896260433728308 0.2990423981372306 0.2681348630590654 0.2802750646092366 0.2501436486652197 0.2200167060027451 0.20010770770509784 0.20120829466346124 0.22852328837775182 0.2100589290282753 0.19286103816996536 0.23527604015775175 0.2084017400922362 0.221778955900643 0.19778154650353036 0.1995159529469698 0.20858136593612736
0.07407463121650698 0.09209622401199247 0.07206079466172537 0.06977148519149469 0.040246482425270486 0.03549859026682428 0.033716815983091036 0.03916842356670881 0.027236233031956523 0.04139073325828948 0.05494016334050952 0.08987227210866722 0.08366803084744494 0.10053207850317054 0.15317665691731286 0.1414646993588828 0.18189015162410788 0.16411795473387322 0.20013469486702168 0.19541524755211154 0.21592397958920956 0.24335569188000808 0.25965744962768594 0.28827472563567536 0.2899938978949621 0.26177574909553664 0.292462275487387 0.2759564180279905 0.27021571428251295 0.2487800337086252 0.22511460360853475 0.20721982176759188 0.19507443955903034 0.19861267877706976 0.22508877595042048 0.23046044108994188 0.19654943046558604 0.21676007003971556 0.23412293059584602 0.20416152655946337 0.1962561156166105 0.22052907740501287 0.19800189232483378
0.08521556446689421 0.07437388672341953 0.07461443514087789 0.07200672052799649 0.06759716572581673 0.04598841596068234 0.037595047625812526 0.02407978501230018 0.053760967585979876 0.045008236230766725 0.06757403612105378 0.09722923865529355 0.11079519933701662 0.13588891138035744 0.1438609231985016 0.13797665308679757 0.16451154989253539 0.1925587778449534 0.18571249562278447 0.1743939232381841 0.20834502577880512 0.2529510185889716 0.26036334008001744 0.2834664301256772 0.28328803746611697 0.2468616642685014 0.26361570108582744 0.26817183627170593 0.25615707057842674 0.2263944982364914 0.20562231513071338 0.219779852665328 0.20194450237086078 0.22000182553860248 0.20221813675923714 0.21083912554266834 0.20884879532015688 0.20120578026276825 0.2236896108920228 0.21242694843020532 0.2188852315180019 0.23058884913614908 0.22460756384377017
