Raster_benchmarking/continuous/raster-314.asc
NCOLS 100
NROWS 100
XLLCORNER 1743156.9678753028
YLLCORNER 5469293.200931921
CELLSIZE 10
NODATA_VALUE -9999
[rows 38 to 56 of 100, columns 43 to 85 of 100]
0.49868616656459197 0.4975499427299568 0.5195792234572569 0.5156220760462525 0.5270839972310617 0.5576041987290139 0.49722856461844683 0.4807145366661989 0.48198183472488143 0.5026331328426223 0.4836148361098736 0.521732347920963 0.4744026198105394 0.4668010913140131 0.49044965968574905 0.4441115682177317 0.4498299805207366 0.45725473191716975 0.45492603001767434 0.4340987986737645 0.4838684665204214 0.4878554010588105 0.4789917437454709 0.5348330223604124 0.5668498761041171 0.5315700207192314 0.5883843083892558 0.6455528589606131 0.6064560003043992 0.5882473497648394 0.6245279276721536 0.641935822521968 0.6581285208723445 0.689563602436028 0.6500475239891936 0.6370503796904835 0.6658801776221138 0.6354202398606835 0.6817398342246682 0.7572654364723306 0.7255169493477793 0.7442887844688912 0.6492607194828863
0.5466467963902023 0.49934153455811886 0.5018371594491047 0.5329047983660021 0.5285205946923931 0.5086251908650422 0.5117519384706258 0.4633084455369054 0.4548777114299987 0.4648483574646854 0.4706806558957074 0.4493402745681618 0.4325117139007911 0.4427508812426774 0.4513721339566818 0.4133902984488406 0.4224994394116567 0.46812302508002973 0.43535832835228205 0.41486594327149 0.47285865279577693 0.47824971160114826 0.499010937522936 0.48102612757364516 0.543069261982828 0.5329740430147676 0.6030525533917795 0.6408526877271151 0.6752666966795958 0.6589350235723115 0.6163859493647594 0.6266519485636518 0.6321098618347886 0.6364696184733196 0.6011216453173976 0.6283378264111086 0.6280405398735581 0.6377679538169397 0.7066983783984568 0.7333841254333001 0.7205066234091781 0.7103973946798912 0.6570143724975055
0.5866301111347789 0.5549689928285994 0.5104001450107043 0.524013682815241 0.5092365000515818 0.5136865918190298 0.5203275829117961 0.5343989492724429 0.49673820216178627 0.4235697855689231 0.3875252847130676 0.40000100269728 0.42405192014621235 0.4209892880881236 0.4157259720446359 0.4291858005109242 0.4327425288803505 0.47469821027103726 0.4387876611299765 0.4126601760928754 0.4571086108391419 0.4812758114282155 0.4911721393382214 0.4543146232549978 0.512296682942321 0.5225912785368538 0.5949787333794706 0.7225857930537999 0.6919390735377626 0.7043087504408063 0.6423154362221646 0.6545020523402071 0.6530756215413974 0.6137396034426833 0.575299579249836 0.5674694506972923 0.6039108623401822 0.6586685447858498 0.7079465609840766 0.7416687798457992 0.6878025698871569 0.6966930987488972 0.6701942760831933
0.5695681722639383 0.5580461102687394 0.5349056216406743 0.512172390286575 0.4776295476244364 0.5022252845885371 0.5255927981907145 0.5139476978572807 0.44739600342273544 0.41480764406549964 0.3782974823539267 0.37165501932406375 0.3846681582143453 0.35223618910192633 0.34310408892652405 0.4003793000522232 0.4071091088503168 0.45680469786123507 0.4162452600781827 0.39298645853418207 0.41901483986063986 0.41793360241178545 0.4502462417613628 0.43042632505503076 0.4689345574108255 0.5217333373340047 0.6141535864856378 0.6889138247997815 0.6924422297068072 0.6997627315979481 0.64892634688172 0.6169980258054655 0.6419114607482443 0.6102930626528892 0.603960084669035 0.619397249375698 0.6313693396162421 0.6337503824579376 0.7104688267995148 0.7412537235643238 0.7142497528718753 0.7256616424137136 0.6874859757310274
0.5434406383818705 0.5329867205353013 0.4864362729592678 0.4482979672471055 0.4496345978693269 0.4663564916646229 0.4851055890028464 0.49835409592375857 0.4801969977057309 0.43513569216137515 0.39542247065591896 0.3623999772842193 0.35836208595378866 0.3071932163606884 0.3465390989817061 0.30630606681972644 0.3511141415891943 0.41650572432005883 0.39649970577908744 0.4206939002504891 0.43238463170835434 0.44520971578428126 0.4155082838928482 0.41895995339036873 0.48645960157150675 0.5424958228425845 0.5725771582808932 0.601148625305827 0.6557219121483069 0.6370203827284948 0.6625875331101141 0.6505400624082306 0.6315569105539807 0.6052797255589504 0.611560752377677 0.580867933517598 0.6081484423105779 0.6588811073186697 0.7342458298468152 0.7585727267590522 0.7425056701014585 0.7550554199505778 0.7146847986042408
0.5214387393286198 0.5212118918723142 0.45220814701791173 0.43918289200954347 0.43306217433877964 0.44898863758379576 0.43243974038608635 0.4181452563404934 0.4271955944676121 0.4109500328054161 0.3990411003081504 0.33805619744804005 0.3475296497567126 0.2877309682068404 0.3157175437399438 0.29473505630691543 0.33404258287208677 0.3612130847620667 0.38329002550720165 0.4174362192170967 0.42518513115987205 0.4225099871329439 0.41075452763163506 0.43885324883824334 0.4531486009310696 0.491334911619024 0.5947310359329585 0.5978107774113977 0.6327886281418357 0.6739075232713838 0.6557616489466189 0.62825014168132 0.6417106197600787 0.6334299675035745 0.5810054046617119 0.5867550805443674 0.6281715069633867 0.6710197199309705 0.6952190483138354 0.7401668548578645 0.7678203107225768 0.7628828760647749 0.7280163559750027
0.503682944558885 0.45327798531085445 0.4445389374913998 0.4308351431131693 0.4176228661567802 0.442213391493431 0.4423482110848883 0.38473477180415905 0.4010858018734489 0.37689804082204337 0.3324530065823052 0.341325855867128 0.31871911437116557 0.28721645954603753 0.25257035688479895 0.2565621925607012 0.2633473894292287 0.2769171031138762 0.3252847332941741 0.3723079405111737 0.3704499740651634 0.4196347480175045 0.43484546607589686 0.4270158314664556 0.4682360132101276 0.4986179199748824 0.5860092842681899 0.661849891823401 0.6537006629555747 0.6754792272072015 0.6354759220004589 0.6055331840297171 0.596390036884453 0.6006498089963134 0.5932518695534628 0.56799683279717 0.6029890467806098 0.677227544254043 0.7000410984155416 0.7018608520799943 0.7396938675367566 0.7736321287003547 0.792320122956119
0.45871129348805717 0.48011482352167567 0.46875861291147336 0.4190198024328274 0.4418166776630672 0.4084998144823181 0.41423469619710834 0.36129670053454516 0.3607682565902136 0.3265208912222988 0.33003493436344206 0.35113103243423666 0.33002790756228784 0.2671521592688847 0.26740216114744986 0.28484163315486594 0.2825168361584796 0.27279940974991485 0.27313426723433853 0.32949633779021936 0.3272723478905032 0.3630644628171388 0.37363154255797576 0.4385335289409501 0.48109487466536066 0.5302167952497776 0.5672400585960056 0.613353583960982 0.6059299447280151 0.5997648032824233 0.6245596881118727 0.629066204159077 0.6158757743972659 0.6522538132996278 0.6536766181309949 0.6555141892587599 0.6139764210790487 0.6330972238893848 0.6719952727671947 0.7071920163683756 0.7393415176636127 0.8003841808478339 0.8044436247273249
0.49685576470303633 0.446939217854559 0.4689906342920635 0.4477711270384024 0.4177760525236731 0.3925035372820804 0.3656895360201157 0.3613137808991972 0.31985445967159526 0.2961668965951109 0.31647445131898433 0.2799058266179863 0.2670765897383449 0.29186230371766836 0.2510597125669837 0.29663750656532345 0.2742947873485042 0.2362076343789873 0.23381686399371712 0.2791054663141864 0.3324863829859804 0.3584943340210233 0.3880228907664243 0.40658162217921323 0.48362284448797144 0.5039618123187024 0.546887832422153 0.5583823036798541 0.5597077401104691 0.6190933599237396 0.6637093667620785 0.6702163566182783 0.6591848211262887 0.6838794449594938 0.7028032126542946 0.6603884029590978 0.6200640299277038 0.6334122140059262 0.6739148075494014 0.7633104846640497 0.7603582534447842 0.7641314208565683 0.7900550163722774
0.494882948748846 0.4475088923352392 0.4370508068177594 0.4346224547773954 0.43372429982912125 0.41817315805532596 0.3900348679952271 0.32052975617232193 0.2945315884284273 0.30968865992453826 0.28000468148876345 0.3114440137035717 0.2908405631269155 0.25288042223291846 0.24220553319492702 0.23634210032678085 0.22525809343197406 0.220045934365213 0.26836342145974224 0.28119243446385406 0.31873701653384245 0.32638113983527683 0.3693846026217074 0.4091471569487252 0.46510276540453177 0.4865376918877601 0.5547932617525497 0.5772121102896249 0.546684333165296 0.5957604590378442 0.6220974584828388 0.6491930194802518 0.628364699334077 0.6757925197069098 0.699294214995725 0.691101005100601 0.6715812443561918 0.6755174948635025 0.7109363741421405 0.7443390881447668 0.737442789770859 0.7800825741733401 0.7898648505325716
0.48513209420518827 0.44068456668026074 0.4473945202400733 0.46833324211365984 0.402301084933376 0.3958651417744042 0.3844778073225346 0.3022608776592948 0.30272474520098774 0.29187834973682353 0.3008265751268511 0.28338705107202333 0.2810609200607517 0.2498583663155017 0.23884639084635145 0.18576566416928406 0.1905690983910548 0.21853713731026597 0.26675553464658375 0.2836658615145232 0.32971473051488337 0.3681059033931442 0.3586181189406874 0.43162973011840866 0.4368650386907771 0.49310492992727106 0.5018250847627997 0.5578003800136605 0.5224985133814445 0.557570927747661 0.6141564713781468 0.6431552951475765 0.620008876081463 0.6364401858712643 0.705940778808637 0.7097601410369795 0.7028142166708997 0.6420050985131243 0.6812930707204163 0.75794283662983 0.7510259337606264 0.7476976259832974 0.7540573151364495
0.48168215545735443 0.46265040223503395 0.45168547660934366 0.4483360160393678 0.42143428907390357 0.35135850318960615 0.3378345104049162 0.33242720089574185 0.2834930467029405 0.2657983676507807 0.2633170846146024 0.27312638970783043 0.25252995665469713 0.22877146938550472 0.20128384583356546 0.21631050892003517 0.21466583833858094 0.21389831186180688 0.23782261059081064 0.27751487816893217 0.3284432903699004 0.36040949947595324 0.37442371272847 0.39085399478894783 0.45246413242795125 0.5131749841912674 0.49755978184407323 0.5273247219826467 0.5546959125584198 0.5537613138056946 0.5865573124090037 0.5977740974151698 0.5964752550299205 0.6507936643114574 0.6717748513636628 0.699531127430087 0.6971050921776308 0.6705331107965725 0.693209181009805 0.7672032196937919 0.7698711919415079 0.7700494190700679 0.7925365346702763
0.476235874707935 0.4611383010042695 0.40060980007342434 0.3831971953015238 0.3974292516578919 0.3121785164574523 0.2934877793626827 0.29717110373857697 0.2775596633738857 0.218343473842647 0.19031524609190775 0.19927144100316196 0.21279362077921632 0.18931429811316405 0.18348486338243847 0.2283445795273245 0.2047514231104008 0.23778328234934448 0.23629796579746085 0.2336535974333569 0.2812097031938517 0.31033214851594815 0.3478775030887016 0.39191825853450873 0.473339052529351 0.4822234708877417 0.5172278966713137 0.5492716551935536 0.5391938259763659 0.5566054191269321 0.5930193501232908 0.6114188087542214 0.6073861537730774 0.5727167533459214 0.6514315806665585 0.6820898896581031 0.7066457594765879 0.6829881098906952 0.7202744518855977 0.7595297519817149 0.7491745395589159 0.7683035247524156 0.789606068330429
0.47806401757977907 0.419090101349727 0.40589914381367626 0.38012654553523917 0.3645556143870856 0.2981381717248063 0.292247796656706 0.24378200226046193 0.256442695447186 0.1816016084233931 0.18035536118307582 0.19633701685726218 0.1941438875509201 0.2028398196214634 0.2347414747433723 0.24596513137271142 0.23571195036372997 0.27781219359890064 0.2925416664117377 0.2842670122997567 0.30313627259526943 0.33170587762351184 0.3711187853262339 0.3831421029923099 0.4415934439682356 0.4621248200509838 0.5288934255909402 0.5541985510139406 0.5434680668455213 0.5271233324621348 0.5175054292748047 0.5192224078813592 0.5274717216798416 0.5453592799286101 0.5556363658040135 0.6144977252889807 0.6424932138004316 0.6781916223311636 0.6855758941580643 0.7310376850782538 0.7334434561811244 0.7237230239395094 0.7643163338947706
0.4581663571365065 0.43376865252367036 0.4237668664847003 0.41067533038834036 0.33396634226144645 0.3288406823818597 0.2709010112962786 0.2572197178536699 0.21241771343621102 0.19482666170732615 0.19586045655746212 0.19599308305691748 0.18635435874188655 0.22770533975668547 0.21088343358588713 0.24679771033712938 0.30671090856835476 0.31857956809461824 0.31374106423165166 0.31104071739119976 0.3528878804563565 0.39339483214477133 0.38064375686029406 0.4196507740655915 0.4222776662855729 0.4802181444345275 0.4541666001073047 0.4960833940238951 0.5153128486030296 0.49986794696499864 0.48915068882125656 0.48015269165026475 0.4816467448047997 0.49825108988760175 0.52369550990333 0.5606770692484676 0.6014511584112878 0.6812591380791361 0.6779069054420105 0.6545548343907065 0.6960939009611834 0.6967702490415644 0.7750462568142752
0.4010338137143287 0.38233053188840677 0.3705807323614417 0.3379428678619634 0.3429730138070582 0.29667388495971364 0.27817044797891266 0.25696861535975996 0.23169207683603119 0.18978387579112374 0.2330636812141782 0.24150717830105692 0.2102656599135077 0.21796768231425706 0.241343449516613 0.26633983495061564 0.3122479363668477 0.3461138950461774 0.33485971595634434 0.3398089383878314 0.4012983039818623 0.42056219815149687 0.446786607461963 0.43757871720619596 0.4557557687223136 0.4617797160361916 0.43972849939696557 0.4210596517394525 0.46691526460624316 0.45431837085081495 0.48181818779073793 0.4945761324949864 0.5195149039086056 0.5020196941669214 0.516302253674204 0.5989861489518046 0.6084534005747123 0.6670049687316865 0.6369015654934521 0.6635507924368687 0.7251718311195682 0.7316150755210409 0.795171627954365
0.34849690235825853 0.3031826348673493 0.3207462286305348 0.3509807857786023 0.3269726430396955 0.27560072932921953 0.24731624743469416 0.28551887989171 0.2509565657881381 0.22664974927432352 0.21961594446947988 0.24472383551836055 0.20181071440571957 0.17380338231969744 0.21084023726445633 0.3041390533692397 0.31708850178375664 0.34398919554384894 0.3616420285945298 0.4012525970706705 0.4144809762688081 0.41340020594768523 0.43486003390616124 0.48526458817244733 0.48372418088179653 0.4668932509473473 0.42045844036322494 0.4007334588382127 0.46031664977495357 0.4493696180325671 0.4866341670800155 0.47116696583491424 0.5320167890592444 0.5186430098592092 0.5408702641873541 0.5981147757152868 0.625859739404032 0.6371797566347045 0.649748305879035 0.6853881325311624 0.7410802149402043 0.7641839370979159 0.8181508956329561
0.2979232746700095 0.28312534022148383 0.2643035282604251 0.26428229935623004 0.2564748573752091 0.2685427630972172 0.2784712103239655 0.2728597958382956 0.23089855994842967 0.2610985350576862 0.21974817403224095 0.19357243166069235 0.17439440869180592 0.16482833615220557 0.23648537751153875 0.27931884421476155 0.28342862654290935 0.3171607515763232 0.3891778969070465 0.38809649719459816 0.3757472048787778 0.4147172772132243 0.4060352792367178 0.43631983655980944 0.46683082481775856 0.4731000388023699 0.3914413188365774 0.3636538699757157 0.42109778744528825 0.466513051099556 0.4717533587447111 0.46417993876648683 0.4957107397755754 0.5389228805757007 0.5254636119213448 0.5800441960071508 0.5915106068158426 0.5997357153366761 0.6558658659868192 0.6498485319027819 0.7321985392075467 0.754692866007259 0.8390415147877791
0.26180751920254175 0.2780898936368507 0.2848285489249818 0.23967269371868807 0.2542810562184996 0.21431449569150712 0.2756997475986448 0.23564045064230627 0.24750890501623293 0.24264243223683565 0.21702125471796538 0.17031395774419014 0.19296049852435443 0.18039471629915038 0.22001463900396026 0.25164305521062724 0.26561136079250414 0.2947714816067385 0.3606202967147136 0.40182800921017975 0.40165997027958794 0.36596142549610045 0.4039593572370724 0.4282546250584524 0.4153370589102843 0.45152360123324553 0.41902106966930563 0.3693735536016117 0.44403262114542674 0.46857832685960543 0.4791351136547273 0.5458229086666208 0.5698947303644963 0.5535597338978602 0.5382208144685623 0.5272603137708669 0.573870659377875 0.6309984365507735 0.6332625211632006 0.6378126783663561 0.7391346883030457 0.7762679618145994 0.8511319593414012
