Raster_benchmarking/continuous/raster-336.asc
NCOLS 100
NROWS 100
XLLCORNER 1743166.0699201452
YLLCORNER 5469286.831436845
CELLSIZE 10
NODATA_VALUE -9999
[rows 76 to 94 of 100, columns 43 to 85 of 100]
0.4722593157123454 0.43412660639807216 0.4819678552533665 0.5116602982881688 0.5214909353955711 0.5279903911852055 0.5391939721526614 0.5439972317310678 0.5331330627552073 0.5268693179262708 0.46228955111088144 0.48653498034635545 0.52714551144904 0.5083852652466968 0.4709929970127167 0.42549832304947915 0.4120046318359484 0.4319478739682972 0.4528316634591712 0.4500594455046292 0.43343899699251565 0.4133157640729426 0.39779853553150957 0.4144970893633339 0.3942114741192819 0.3413789387637049 0.30999587640605364 0.3282371809545783 0.290567922969262 0.2877233759500355 0.2175690897635721 0.20794984325141422 0.2151383243916588 0.2604825752908591 0.2625139998392852 0.2707857274958629 0.2849085683152777 0.21116004248687084 0.20871088934198967 0.2198871618593296 0.2529303547230253 0.22113661328564452 0.2562549903022827
0.46998054078029383 0.4277138819477415 0.4208910992407391 0.4854681683002652 0.5248807350045832 0.5438383294737803 0.5759085418045239 0.572553747188472 0.5308811196310598 0.5108344323538082 0.46937077951417056 0.5202331814276703 0.5114637828174348 0.4696424855798752 0.49874170551747776 0.4421692397228684 0.4211826418238569 0.3963941912439497 0.3954252640028533 0.42469701423211 0.4024729252114455 0.37737405616627084 0.405528776154739 0.4073006591057591 0.36946424875592737 0.3628929501037544 0.3501312426655337 0.28424121273892144 0.262988776680966 0.23491691890900032 0.20676649302373898 0.17824674794136378 0.15196480819149558 0.20994397208794438 0.22228950363178698 0.24158260304883034 0.22208293545142596 0.24019429871520345 0.18088842711403302 0.1594902467348507 0.1887515132340044 0.2001483771741329 0.1595300342313797
0.4397287959018484 0.4474280248059548 0.4179509364296968 0.4899483370951937 0.4606827282319767 0.49900983146672856 0.5637350457991205 0.5432580271351147 0.5460893124306498 0.5162896904136414 0.5043322134388395 0.47383599752731775 0.4705233672548268 0.4719353148451616 0.4885049394713446 0.4333329342617167 0.3864007511149924 0.35260577506869506 0.348848855721444 0.40478951540366703 0.39058395795928774 0.3567774155786446 0.3832535897849495 0.4154683143801434 0.3865861445137768 0.3775527015531991 0.377683258951424 0.29477394386072564 0.2781136857209708 0.25484134563402283 0.23724872478582965 0.17788818217078292 0.11391742236647787 0.1466957405211066 0.16348231709793068 0.21186145786401164 0.2307362724698998 0.17395315204490144 0.13083234740063693 0.1376003181790952 0.09092636069249496 0.0963913853229217 0.11888852024088165
0.4457881051539655 0.43951905246771084 0.4609756315127382 0.4842485680195424 0.5088093228307484 0.5558002773639691 0.5394123542527017 0.5322193849559275 0.5659371245444974 0.5256385120505943 0.4930386526493799 0.5242602666386178 0.5018334177786579 0.5375685548454884 0.5195918649030782 0.4459091655280967 0.39125363453772777 0.38721164195070057 0.33191898555850924 0.3650881585602431 0.3540131457319165 0.343199274125657 0.3942922407538713 0.36864923549242523 0.3741223058139488 0.3694300174663328 0.35895042714755093 0.3489690104097644 0.29081708558759484 0.27519651291456454 0.2524285721537522 0.21602582083114624 0.1939771577320028 0.1951610441979057 0.22863484149638222 0.23662761743077718 0.26336440709389297 0.21216345147897223 0.14373181758044573 0.14560271389060464 0.09150305590778539 0.10032312548889688 0.1600233939079525
0.44201246397299904 0.4069688709654096 0.43688062846072284 0.5128079713546619 0.5323959155025808 0.5171002800973692 0.5606193166658758 0.5296196942483946 0.5703214748642131 0.5448804896236674 0.5152349574462368 0.554326510998504 0.5635486846032687 0.5053028508450269 0.5046213355297962 0.4334601359664826 0.41401144678926094 0.38413607325759747 0.3448315731698749 0.3353088403061668 0.35079686724838033 0.34438288533332023 0.3629164415949507 0.37679418580625723 0.3797184399974575 0.3421946565797544 0.3694127773256419 0.312806108577426 0.3021143299272535 0.2739560064026993 0.23954124953605888 0.23213727978990192 0.19322922640213372 0.2113254902079576 0.21766629341219046 0.2225613314698339 0.25415957775087095 0.23541795834933285 0.19365114258612426 0.19796168574339598 0.15689973471489074 0.13951451848706198 0.13744892271093004
0.4417139507415534 0.42946519751184437 0.47463517828194507 0.5001324626873209 0.4866784075837157 0.5475107461665754 0.5102361446377238 0.5689708240091497 0.5503393452556166 0.5073308433630697 0.5114019821162368 0.5139395620844623 0.5402806138042714 0.5252626631636913 0.5127518449813037 0.4318427144257037 0.3639133500914599 0.33715195874584775 0.31805656712717245 0.35623164566831994 0.3500358761957564 0.39046355691295187 0.3553859888372333 0.3382927298663722 0.36553704703225814 0.3387306556805689 0.3556391905865085 0.3476111778333272 0.31077727408017275 0.2904247200820417 0.2515919765887249 0.2241869420836128 0.20008457075073335 0.19811525825693832 0.2151116015571759 0.22263956160365073 0.2595552910335005 0.23231812595203252 0.18198571519152582 0.2153971560625854 0.20683677433196754 0.1579667973324266 0.1750196312371336
0.424883547609346 0.4604665786990428 0.4896862900666864 0.4947665888651869 0.4907879619795974 0.49946266304876935 0.48984343516310863 0.5448605947559584 0.5264816478785508 0.5273714106022414 0.5196210824286571 0.550657916125458 0.5669000470494139 0.5318903967119657 0.470680056172735 0.46414140738059306 0.37956672316229484 0.355291771368838 0.32302891877078505 0.36672379824519 0.36723984898687695 0.3546716560809535 0.35706961690909983 0.3516068285266466 0.3305163851110415 0.36494389431636926 0.3346344422902696 0.34158857940193504 0.3212939394071977 0.289586577509917 0.3084470829602053 0.24155162134585925 0.2081942272696858 0.2135454644711965 0.19530383725368766 0.22758589313310962 0.22416391384742562 0.21440240529674734 0.1994749323034253 0.19653487021332544 0.19451846900423045 0.1794604694570309 0.17059711328992005
0.4226965014867533 0.39645011857067586 0.4646193924881874 0.46819041540659556 0.4704586599785145 0.48546645922916754 0.5381658080042877 0.5404755120923128 0.5225704990512319 0.5300892305527726 0.5226110669026368 0.5253131196118662 0.4711182134542325 0.4581193009477557 0.46783702043428904 0.46958197530181456 0.3848530317973483 0.3611301370134281 0.3890497091022897 0.4007285077999464 0.4247136617011408 0.40833595623486363 0.3425537283526039 0.3227860544349461 0.28434238602675405 0.3316499751281355 0.30900093516353405 0.33093483374974364 0.25805860472381376 0.2573003650924503 0.2913216909455742 0.25371413720800395 0.21490081508234765 0.19873348737399846 0.16556843873223212 0.19962762450702903 0.21784988041491388 0.19115702744997073 0.2184586762266112 0.2188129911201432 0.2119467432913696 0.19791971142383163 0.2575662796398867
0.3833345373056161 0.37934759113054817 0.4073091142904342 0.47110663734407243 0.4967598847802781 0.5220371815721395 0.5824130579832673 0.5585787735188118 0.6065733918217613 0.5572752102113512 0.5343852535595173 0.5132154347667158 0.45029053671512276 0.4504577523998585 0.4442698497609688 0.4639539039531817 0.45670154032457067 0.3944546453847913 0.3935722426637448 0.39530731137879643 0.43259879785821037 0.4251884967923595 0.3777483540371848 0.29976488036964977 0.2604465774205492 0.28622801451794394 0.30757223765114927 0.2800022134553136 0.24558277985741203 0.2513082950840817 0.2695947596817733 0.24701841233489566 0.21642536148150676 0.18036719233234672 0.17318047315333954 0.17316273074720281 0.1408762482086617 0.16078669548460067 0.19413916454534633 0.17809508782121955 0.18983195484409546 0.23475340403674752 0.28554674293406795
0.3698025288006187 0.34425459453113016 0.382527755650051 0.46246437545480723 0.5241684281761841 0.5670136509943711 0.5750922893223797 0.5860102106240153 0.596662426959135 0.5786650226578246 0.5327780712744117 0.5095292372613461 0.4751178654612625 0.45131625811917864 0.49848265145518766 0.4907741902544795 0.4576160251824021 0.4487941323281856 0.4028868796940026 0.43956227612368703 0.4298352052144143 0.372771037394605 0.3796949761986174 0.309377040730156 0.2542098762627857 0.22323097191446092 0.2412411031013683 0.30120258856809046 0.2972376984218379 0.25162976327993847 0.2789689095224199 0.25131559390783303 0.24409202478552758 0.19852240679240432 0.1682131601393946 0.17169556470957 0.1561807662882247 0.16058245660532078 0.20518332041419454 0.17496248685352425 0.2183163113937516 0.23743908413684872 0.23605711730856568
0.29116056479210256 0.34412148326866054 0.35349873616168415 0.4237850118202109 0.5309830638411023 0.5616655262172164 0.5495158235634724 0.5724732684398021 0.5891913765688893 0.5487354323778738 0.5324621340644133 0.44673459897682677 0.4345808566346525 0.43647265653820627 0.48879900305031376 0.5199422972593244 0.51683069862096 0.4514839469694562 0.40911583097975 0.4128054159955156 0.4229187324626688 0.36679634848422016 0.3802541610278507 0.2685077616470152 0.2012542580430211 0.21949372783648133 0.24832384442640915 0.28058402233439794 0.2921039752851782 0.2673112544591218 0.24841500060006044 0.21746195561217793 0.2579361900519232 0.2404607330160276 0.2488627770801022 0.18665204997607282 0.18033225193026012 0.1529715472617836 0.18675883278803435 0.2213836805445781 0.2497829256700612 0.27212899845412214 0.264861865675085
0.3030944929621521 0.33353445996518105 0.4027191439501972 0.42517811155303226 0.4583701557446062 0.5044469468826839 0.5011764727833559 0.5203613195951136 0.5240158347721813 0.511553199610929 0.4890869719440644 0.42963335489073257 0.4332021543055852 0.4451252073404212 0.4476336977918438 0.4789347585322978 0.4821681147916502 0.41763446074968025 0.4017485167602229 0.34346661168149245 0.3333662411704292 0.3357906189107161 0.3002530079771872 0.2812998946179714 0.2969881124508156 0.26810551440950076 0.2903179782261186 0.24794526584307033 0.2298369802749015 0.2129944801770601 0.2340666729350495 0.2046071683872936 0.20953251007637863 0.22416583772102514 0.2336489635055712 0.23962626287791322 0.20007475407850395 0.2056206636932169 0.19499232954723938 0.22343173249181564 0.2221522328281672 0.2104017668665303 0.20145654125113777
0.3305814843899101 0.35637244603625307 0.39976432542467116 0.43344967252273586 0.49966503262557715 0.5139009961567663 0.5038501483792325 0.5056481609518332 0.4635588965453928 0.4639594009703218 0.4069459245938953 0.38308143959279467 0.3728375797371592 0.3847572977772692 0.4272773242176338 0.40552176354127845 0.38818501644276016 0.38989184579359293 0.339399038566576 0.31049040342359235 0.2817858084555286 0.2924016101959003 0.3102147313154283 0.2793874992670914 0.3100608963463943 0.26621256724941306 0.2668415785804619 0.24077702132400797 0.20319691747923765 0.19573016709013472 0.19774761207943511 0.16152653732336014 0.1977127000588871 0.23442372366025646 0.22929346005138346 0.23799628733328904 0.19078123796828672 0.21269818661616235 0.21554169836740025 0.17352940396040578 0.16689993655915508 0.20860035253417264 0.23196254533450075
0.36393738644678875 0.3763922729675252 0.382522679369446 0.3996768991874139 0.4247499679160922 0.4724237501884491 0.4495328853011289 0.4581369088508051 0.4643289049576772 0.43277752767319555 0.3672445113455692 0.3961203221306739 0.40769448832169913 0.39180245041704226 0.3639805542144744 0.39870534330445573 0.3778769577451375 0.3498757643789036 0.34594369596728813 0.32137476176235596 0.29506755346541924 0.24288862851454096 0.28756519745477105 0.27615246494043627 0.29095246189235974 0.2465894441141878 0.24644404315571963 0.24027026514655836 0.2433636651023017 0.21071255429562202 0.15802350333930099 0.15939922304858048 0.15736736466551243 0.21817632508010887 0.1684333556175121 0.20285288074805938 0.20250427031589294 0.22809193435258884 0.20618566308727385 0.19810650456686194 0.2170487347340779 0.22103503808692057 0.19592176434740013
0.3303676988096597 0.33302614729109736 0.36048365772334695 0.4118644330019857 0.3916402342349111 0.4216277895479394 0.4418390326605248 0.4840757403507581 0.4612452010102051 0.40112181929976665 0.35640782336594284 0.348829449199157 0.34540831344708484 0.3667031697399487 0.3294518190753653 0.3690475707305301 0.34044298025424746 0.329758366519012 0.36137739596221874 0.3155784452821832 0.2389461505454004 0.2617139585600938 0.2201235303841316 0.2076208146666083 0.2498530963867733 0.23446258441712037 0.21421539373179543 0.2101797569754 0.22301647640765263 0.22478849830736683 0.1843443398607805 0.18158070138254023 0.18384961730201815 0.1530245250354212 0.139508338354234 0.15718878123023858 0.17653236795527574 0.23350906325296053 0.20679070436888677 0.18152014370378872 0.17598118669906546 0.18917532503227732 0.19343741447168922
0.32383503417120607 0.3706160768339251 0.3828055912838565 0.3776985118839162 0.40012180445267054 0.414277316195798 0.4455249808100841 0.44608175366708097 0.45144262692011394 0.4058010964928812 0.37218454609481355 0.3332225656151731 0.27600929814222114 0.3006020685599753 0.3486210986741226 0.3412205556618042 0.30880031583765966 0.31368788906685585 0.3505221816440882 0.31475652778742275 0.2718067344724057 0.2329350451393423 0.19522610536777096 0.21376017191425944 0.18201299346249322 0.17152689403177576 0.2074500350935907 0.16810333615161577 0.19426005708237393 0.1942443715944572 0.16282669072744138 0.15600314892308012 0.16797308361879623 0.1311370889723978 0.17524790495455547 0.1939681433217877 0.1977171159057133 0.2111049780435903 0.18126527131244466 0.18399114907736594 0.21887749282340968 0.21393856389552865 0.21366694388636032
0.3643685445691851 0.34419150136312104 0.35842756162077594 0.40008999163386827 0.404231337528131 0.45482834977729697 0.46223001824890864 0.4818875454506741 0.44250368111815375 0.416477204535661 0.34403093896228637 0.3208951680201298 0.25233412582920034 0.2965539443405005 0.3123355017995329 0.33262898877566055 0.31719594601729895 0.30954696500002504 0.32496779394896175 0.29663511340529275 0.2800963470686518 0.2600138612297656 0.1781293564692296 0.19838219757025344 0.17562495108502527 0.17338075984632717 0.17178217948390864 0.1493752388639278 0.1498080767186002 0.2030631444362933 0.2163949700028352 0.1972940053622386 0.15454662362970362 0.1369684819379452 0.1723082040621687 0.14416247828453857 0.16669382374392455 0.18745644845137302 0.22509544214320576 0.15566075263705384 0.18283820577005924 0.22500491488111762 0.22621561212704458
0.36857492110826107 0.41200137225657973 0.39196590042083923 0.4290852662908813 0.4233485004659675 0.4450309617349411 0.4783123487571196 0.457375215739708 0.4440233231152248 0.3728776382021751 0.3579716712055748 0.2723890045934968 0.25875162552970354 0.23743455248065176 0.2692725208137395 0.27890365193220057 0.2374796083263371 0.24485199158498958 0.28808325446185007 0.2939785913797307 0.2850685132822347 0.22829720191721412 0.17229748830148664 0.1511355014659035 0.16504657865308794 0.19178683275659383 0.1957067535954683 0.20432990686433214 0.2085064860541954 0.17842472344468505 0.2211743977696039 0.157104308634911 0.16296380065210933 0.1640331602348556 0.19595901543598074 0.1472376429217388 0.1671972575342313 0.1612934957479784 0.14032613061284635 0.15976828649346864 0.16563439870564975 0.19870801520843878 0.2139455804905226
0.43644927477863477 0.38994733360188416 0.42358633273501684 0.42466156751550366 0.464313787342142 0.4052443060562967 0.4486915561184989 0.4145686396606116 0.38941959171802526 0.37867078130899096 0.3252334610410742 0.2866654319547087 0.2209891614069794 0.23108589863870363 0.20134994432484526 0.2176627072388996 0.22622531977501759 0.24226674956344432 0.23642918790098313 0.26618395980334075 0.27594293330209696 0.21896868482661289 0.15746621493846255 0.15720643820436492 0.14385326638183743 0.14358572308234654 0.18927107661830692 0.17046670679043396 0.2043793877386515 0.20614208887249016 0.21721884802880884 0.17950554591172913 0.14034139178202454 0.17018671029219487 0.20740364874632627 0.178732814155215 0.16827549871407924 0.16619841715593145 0.12956464959577896 0.14772769753521733 0.1620357328938722 0.17760090062994 0.17164162625216686
