Raster_benchmarking/continuous/raster-151.asc
NCOLS 100
NROWS 100
XLLCORNER 1743157.5709936456
YLLCORNER 5469294.864616769
CELLSIZE 10
NODATA_VALUE -9999
[rows 76 to 94 of 100, columns 0 to 42 of 100]
0.22276131907056393 0.2155320247792363 0.21954954276608343 0.2473945550463127 0.2485966061153075 0.27121489727267584 0.26791062426942447 0.23578473418896076 0.2419420262582453 0.2215066576062975 0.24435721232099517 0.2246639856728527 0.25134259058858915 0.2761025156876008 0.3025030774909676 0.32195556681036 0.367173711455764 0.42775777439049095 0.45470160869371773 0.5069600182925674 0.5291751677639848 0.5847156626395881 0.6066415643821859 0.6218197359365918 0.6181528934557085 0.6488238889511418 0.6903578755257911 0.67810601387022 0.6869945038193215 0.7183131253304536 0.7103338501262456 0.6707413290042266 0.6709780648410909 0.6463100989909177 0.6240837984712367 0.6122665664890001 0.5854757841237206 0.5679184396700855 0.5685013996921042 0.5911124141491902 0.6195608160050949 0.5733996302976698 0.5735718874399951
0.21009748234958345 0.21491958557199398 0.22392523598320319 0.2279187816775249 0.223387336660667 0.2390809021437354 0.2389926920134527 0.23109004787575949 0.24001932675256915 0.19291861702603486 0.18813163025151183 0.1963033708528829 0.23129436065019374 0.25715249886540575 0.32449125806797435 0.33035122118203947 0.3680445780114504 0.4011783586199761 0.42213747729353446 0.47027320798334576 0.5444072605202347 0.5742799428574262 0.6143510870282279 0.642541914183082 0.6257686127394305 0.6925314193680708 0.6913242272229423 0.7258160256154063 0.7114425796270887 0.7246136315840505 0.6971178583191707 0.6960846985351249 0.6523713007779919 0.6063182886843659 0.6298928379340283 0.6067788143481057 0.6006604709226449 0.552495486496178 0.5785309427784596 0.5914136563519624 0.6034185719647199 0.6004551699740276 0.6269172644125893
0.21388965245513683 0.22803719214240736 0.23113316328812394 0.2062362124988569 0.19367009991470968 0.22526980874060473 0.22615504799754543 0.2248781078043009 0.19900207505394205 0.20342289099238986 0.2065619654827996 0.180141643205151 0.21090269091824979 0.2445342732533676 0.31551145906664624 0.3537347452373148 0.34698983541204587 0.38633516675843793 0.45544937661052487 0.5021837746234422 0.5152829901598396 0.5652433829586996 0.6141249298852955 0.6330094820908558 0.6395394260827403 0.6838961058024347 0.6982673594847526 0.6848383535878423 0.6932754401627312 0.7072332063074507 0.6892312738476021 0.6734855769039063 0.6748868775628885 0.6051831492301465 0.6087007847781474 0.5942325606245142 0.5726941439582623 0.586123219703368 0.5759892313972239 0.5737001954168665 0.582515289281614 0.6065637059226932 0.6283881531751112
0.21405090419560835 0.2247509064211183 0.18830243954351822 0.18600195882523193 0.17465281229202448 0.21737676778423767 0.22235801998814908 0.21138407627672612 0.20344828024913517 0.19275659564458617 0.17962556600043597 0.17826860800526087 0.2161990928266614 0.264526100608165 0.2891387092265882 0.3368068252071206 0.37772012648888065 0.398336107523761 0.4640340276117435 0.4847259078236283 0.5260000203543993 0.5851523696075559 0.6162715140325924 0.6473877679672826 0.6562883313919579 0.6567417598447605 0.7032785386573139 0.6832985931919402 0.7038535988623442 0.6956261734198009 0.7029800973340059 0.6933549102348721 0.6748817783175357 0.6239904373587101 0.6182894250498212 0.5814323860676927 0.5646983226067793 0.547485539773806 0.5568549167097511 0.5741265914289421 0.5933487070134702 0.6039209959121761 0.6071235623673769
0.1993470810845305 0.2042056793467355 0.19067940375489018 0.19951967495812348 0.18199632692673356 0.19178579435422752 0.20431838704839314 0.2103457267783207 0.18887277500140084 0.1886023319451191 0.18815582237377332 0.20480191687308147 0.22149954227894722 0.2575637326986005 0.2807648520274306 0.32493142117337104 0.382037061718806 0.44027899280888516 0.46838158900591054 0.4922964556707836 0.546573721446069 0.5999312718727334 0.6068457928560107 0.6422253061639367 0.6639079630633357 0.6379064888002262 0.6823095236939944 0.705964925390917 0.6805282865993386 0.6932958909228706 0.7140007405500888 0.6888698174859572 0.6396539957486382 0.638858449570133 0.6264178325837934 0.5779691576249705 0.5719673055981993 0.5934808405190513 0.5849811304429853 0.6008506860987767 0.5977081700953661 0.6123217259606317 0.6253000854355103
0.19784121261821946 0.20452181963601168 0.20684981774123323 0.1890693876993306 0.20153612318767652 0.1752003604014394 0.16135445776193408 0.15732574571881552 0.17247194471777827 0.1915753692410405 0.18857907542198474 0.2048200052228724 0.2212872085548294 0.2290662479838431 0.25205697320544385 0.3155835176780954 0.4072896083598162 0.46216196238306423 0.49071817012747143 0.5031879893063452 0.5633021149050038 0.5903190989767437 0.6062042018100811 0.6453987807372059 0.6297270165763922 0.6265116656910024 0.6864519797277255 0.6858839843461672 0.6673680804315262 0.7003529558775974 0.7072169302285218 0.6883398106233107 0.6662421455151951 0.6183852275353838 0.6306128276486148 0.5962878462766991 0.6230766881233467 0.633961750371947 0.6516180834486979 0.660827441667839 0.6493700857272399 0.6457594562390901 0.6110887724683519
0.14051881144866746 0.18325614850026106 0.15071373760923473 0.14662262837561924 0.1699775251630649 0.15140919706500705 0.16929153128167895 0.19284757397976804 0.2055691515962988 0.202848751995129 0.23167766357719188 0.22571272948577076 0.23838356879231481 0.2698388448005008 0.2759720420804372 0.30447617568631996 0.37357929959061936 0.4509917132206394 0.48280669922905967 0.5164518003472588 0.5334640627458589 0.5579791461859857 0.574434484818711 0.5916368682481769 0.6290419732494145 0.6600037203691987 0.6743917265474658 0.6872928691498004 0.689079010460024 0.7147347275311097 0.7056391418731527 0.6712139214969125 0.6729683955433552 0.6351588854069375 0.6233923881069305 0.6383689261564416 0.6408331695703015 0.6710906126076213 0.6511496928680246 0.6839801231597828 0.6770473308093244 0.6718252332057205 0.6172637405715721
0.12268483557658703 0.16340557961013363 0.1292352078125113 0.13529369976153188 0.12061135807776828 0.15288121315797526 0.16499125795631178 0.19391150931032633 0.2126084464669874 0.20055266056509166 0.24861854077710235 0.2555418057743545 0.23830233777428303 0.24781795320424457 0.2909580698767862 0.30500114595487327 0.3554171269703189 0.39715714693516346 0.44665147755759005 0.5134266166738334 0.5595753736804793 0.5459754318285375 0.5579023587838263 0.5986545896684218 0.6256324619216964 0.6773989207113649 0.6620945032075636 0.6689442271128608 0.6943820530136359 0.6685688702789623 0.699061399483693 0.7123361249380714 0.6898891278007644 0.6492259381676284 0.6407541611771247 0.605625253304343 0.6431779221172514 0.6704494782506945 0.6714510365963589 0.6704134720920624 0.6707911949541797 0.676967041919244 0.6260220911962686
0.11517302775090069 0.1554450547371241 0.1349802809968403 0.13058155362474072 0.1148032340867541 0.14194744240493956 0.17250501987865366 0.20031398978364032 0.19111823273854858 0.1767604423595306 0.21093104241627061 0.21219721022482574 0.24113728000491655 0.24231131342745113 0.277981344271805 0.34321322943435384 0.3537631475080219 0.4068507719374125 0.4323637432030084 0.5249842860167201 0.5674150907745609 0.5614025145384844 0.5995985697228435 0.6454490947358544 0.6741288787097497 0.6940305852258928 0.6956239173899903 0.7111885029848641 0.6993677142488531 0.7021644833483416 0.7172663563937047 0.7119436010802208 0.6997941094400808 0.6834976540124214 0.6455497835863527 0.6267527145898651 0.617633025373726 0.6382535533418939 0.6794316737941885 0.6911292055758519 0.6490081623070364 0.6508237049627147 0.6212031878609051
0.07791646698733239 0.12887048068452947 0.13949565672291375 0.12502081346439448 0.11755451081881862 0.11413039123691901 0.17796733718627664 0.1818769789590203 0.209838501478398 0.19496027675372188 0.2256628164497856 0.21941196437558225 0.2424791336439698 0.2983313790668322 0.3104947037569785 0.35183854717976093 0.37132948629950246 0.3789713389570537 0.4361184102185576 0.5255990231041563 0.5528806059379432 0.5897362183577921 0.620931383648661 0.6757509367505198 0.6966370453050824 0.6960370857435977 0.718577636858142 0.7333741959980788 0.7138533592062372 0.7403455078471691 0.711256529168015 0.7062960025333371 0.683583815900979 0.6714479645480634 0.6709245604256244 0.6299710753596842 0.6368186029152988 0.633722260279115 0.6438038638565678 0.6718129033055055 0.6465062662117251 0.645364429970748 0.6045733053611076
0.08858743527106933 0.11076830072228115 0.14726112819109144 0.12874884581737384 0.14197938796982137 0.14283618625376532 0.16965055769378426 0.17306522079368203 0.20250170950806434 0.2067039444267229 0.19812436766133495 0.21531383446869112 0.28427807428490887 0.2971631478998958 0.31928169708485993 0.3391339235885773 0.36025781526279127 0.39457944489881874 0.464592709491137 0.5247322161286863 0.5573247918260418 0.6006443346076313 0.601394853113844 0.6551136370589457 0.6581479576724848 0.655476448420338 0.6934732662795654 0.6920630019617239 0.7054555862554026 0.7050834061242521 0.7270224757572411 0.7267724730695588 0.6978850709987476 0.6989920345949454 0.6517271457012512 0.6213866056372763 0.6414394881381217 0.6228895667835809 0.6408258871698661 0.6511238438005402 0.6245250902215136 0.623685463699574 0.6242447867209071
0.1096531173382255 0.12107650785706756 0.15609623447924564 0.14667159170708383 0.13617445610932738 0.1447182984585213 0.1548187710667993 0.1973766170558884 0.21201967508991468 0.2460307212805378 0.24192786652640488 0.2278106137104195 0.26902336059170956 0.3218906964547644 0.3300372595496116 0.38187685754552836 0.40835068797789287 0.42454415288658526 0.4791690591751367 0.5040393123413219 0.5207964917015505 0.5711249924746378 0.6250852925324099 0.6646142749067897 0.6870931360922164 0.6680239773169191 0.67816806638277 0.6923748618621259 0.6760046999455647 0.6676204170252787 0.7060023596001699 0.7017319668099242 0.6847290490342577 0.7218388942167161 0.6733876348206436 0.6567967916601196 0.6663791404788171 0.6503313459328404 0.6088518759065443 0.5999857975647719 0.5891245080336972 0.6353202900515391 0.5991433611822274
0.09757353778219624 0.10187823851076744 0.12365849005939925 0.12881706435876553 0.15753808440182052 0.16298145387026192 0.18573117954493729 0.21967140807538024 0.23654333958317875 0.23258555092691927 0.22636623063099148 0.2211113312964436 0.25443832431667374 0.3087140752256217 0.3145465634544202 0.3630972493861427 0.40235136783902065 0.4301124178808087 0.465983153619749 0.5197004288277929 0.5409900626216702 0.5706109683130973 0.6270509495084184 0.6768553548600524 0.6829693885144126 0.6784482086422484 0.6872553082648732 0.6919529071281123 0.6972696150211 0.6775938480995728 0.656611263127096 0.6954851305378454 0.7110852473224605 0.7088662668188732 0.7107858799053245 0.7037264182812272 0.6604866294678339 0.6357085242056688 0.6262290234251098 0.5971311058756618 0.5816873949822385 0.6008227550802643 0.5763685098972754
0.05808023022514632 0.09758682427387529 0.11830363615558749 0.12890899713775972 0.15692940887007148 0.21247455150953565 0.21367572120292663 0.23733911564109422 0.259118262507149 0.22783425488000322 0.23715637917481472 0.23561099358579363 0.2512646114734574 0.27942565019320403 0.31867588746663267 0.3551269822883019 0.41956856022301975 0.48426743377252673 0.45858911828013255 0.4796482748118409 0.525701869356784 0.549053165480326 0.5777277820114307 0.6488445299817964 0.6799505588268316 0.6878957914299162 0.6753843770106022 0.6919127497352285 0.6679267076698949 0.6515757300837414 0.6755433454154847 0.7013512431187231 0.7407575424304447 0.723594455273605 0.699501543735246 0.7066514156554307 0.6857460538100304 0.6614545923368549 0.6454077945284903 0.5807366711792481 0.598913434741276 0.5831609438353778 0.5631117238728639
0.07301289050864433 0.08339606525139752 0.08812051851599209 0.12671134516214233 0.15905856863432385 0.20013121846114976 0.18527207349847255 0.19896594220326017 0.2421306156053806 0.24748381876679498 0.2553978889867028 0.2671417728620549 0.2948794392603847 0.3073367594624412 0.3416144058054407 0.38765483945588847 0.46181685741546835 0.4844159889370349 0.49565835992435825 0.5147683499395436 0.5068067325899617 0.5412720711336668 0.5675532912915677 0.61777770926446 0.6770578212532224 0.6658571514238656 0.6764321948878499 0.6743431265025961 0.6427316786528543 0.6797244690912224 0.6935149210416814 0.7317853085065 0.7425109470364374 0.7380041466106191 0.7023094730237102 0.7211562604369464 0.6793765509656446 0.6762635944338757 0.6611907838120082 0.6228269910152089 0.601939572376221 0.5958636991128439 0.552186441609251
0.02038864295405075 0.03755100390556719 0.08765760468430057 0.1213432855116917 0.1469265985089159 0.17802833006868993 0.1929665828613621 0.19901088402242045 0.269558903268502 0.2843926495370506 0.2953979270995909 0.2835673174847539 0.3359100853222632 0.36056051570686587 0.37894481226255333 0.43666048226375265 0.4575998474240531 0.5053327597408364 0.5348598276073254 0.5260761797442272 0.5432710686851262 0.5275733809795424 0.5853295437791134 0.6376273848222972 0.6547099839327855 0.684673533028572 0.6665599943527136 0.6450943932111811 0.6510677143757138 0.6581384456566483 0.7045107494762226 0.7222566433653747 0.7299676015443576 0.7390956396838119 0.7251041277692096 0.7215851416105455 0.6863983988015876 0.679239494217271 0.6380165732053648 0.6273031902081487 0.5862704174515243 0.5734946365144926 0.5555371887957291
0.01943004196853128 0.0032650725166364506 0.04673040032616415 0.1093527851425164 0.15293493175720738 0.16352994905686533 0.21507231107510602 0.2120502478971834 0.26438189916366095 0.2839932581443099 0.3033894736028248 0.3088247245880948 0.3146407859112281 0.3683612138334652 0.3818074171127184 0.4271049645205693 0.46089357307535195 0.502974095209613 0.5213459504034229 0.5194815834172755 0.5215277967372588 0.5396933171878185 0.6090202164011869 0.6122370001224697 0.6327756308864025 0.6796009552574441 0.6557023522367964 0.6641953846642001 0.6464487426526712 0.6765436352381181 0.6758126426095942 0.6837100045559479 0.7065067228019856 0.7053874940902692 0.6981746609932953 0.6780414291279565 0.663268471764907 0.6483609665220348 0.6479047524418052 0.5837228033404321 0.5669777785921185 0.5689063914088972 0.5578389350785418
0.020773671922382195 0.0 0.05585706274295958 0.06777013797755597 0.1337558700338963 0.19340164462769385 0.18643457600420646 0.20508704483019394 0.24235291607577883 0.31959936328966265 0.3456663985190832 0.34604547680288095 0.33525090656161394 0.3515377162257905 0.3870062354643491 0.4465171718729262 0.44661168899553466 0.48564444861901174 0.5035136882172362 0.5517230946028991 0.5535929503524375 0.5590409740219948 0.6060730179778195 0.6234536891670123 0.6335044697859179 0.6728897412109538 0.6574210225784192 0.6489067863102844 0.6667026566918727 0.6465824402928415 0.6753102448496999 0.6621997573767064 0.7012052055945905 0.711510466448211 0.6644969147388979 0.6615917870119993 0.6560668856275285 0.6387344408427308 0.6129110775042862 0.5869733068821208 0.5802286759516717 0.5433847279353278 0.577132807783595
0.01468296411089485 0.03175299803990439 0.059664632605975744 0.06907949806939019 0.1341145848612806 0.18411973124939682 0.22641197520369305 0.24890548881687521 0.2508203366549572 0.31839567756421305 0.31729488424993 0.33578374140766265 0.3466571381832186 0.362438104017972 0.3842324528098498 0.43213064073359064 0.44037630041147885 0.43599014361062255 0.4984938310543363 0.5123631967976024 0.5699528697808582 0.5526951692973174 0.5837166030807489 0.6065456711140924 0.6277499786310726 0.6236609870365352 0.6639263779815351 0.6519013506366876 0.6520862161247344 0.6655511712530549 0.6598003933694349 0.6334083201985229 0.6434788856105828 0.6794339132372329 0.6475562494911237 0.6228875959341909 0.6436709472349403 0.6233481036141363 0.5731745152689731 0.5659896381694841 0.5750370093952012 0.5510303435042435 0.5768958907480595
