Raster_benchmarking/continuous/raster-248.asc
NCOLS 100
NROWS 100
XLLCORNER 1743156.6287686217
YLLCORNER 5469295.777226523
CELLSIZE 10
NODATA_VALUE -9999
[rows 76 to 94 of 100, columns 43 to 85 of 100]
0.8346193642735026 0.8308039541241259 0.8101159582523279 0.8467722562134349 0.8155350396788962 0.7939248965156994 0.7718581789983306 0.8027024500090465 0.8367560734659032 0.8322836852034661 0.8175069472345333 0.774406600560599 0.7205822853668347 0.7050964334262954 0.6773063878564659 0.6757476705094662 0.6866112787288984 0.6788543909658091 0.63971344032422 0.6263221435458748 0.6288409188145273 0.6241899730714446 0.5954972646380047 0.5779166791802195 0.5732596528756696 0.5529630198748952 0.5553915340918057 0.5117989627449477 0.51469972933198 0.4944182141425113 0.5091115466407987 0.5372852918996718 0.5492304375031246 0.5737168934445908 0.5727832113826357 0.5553594618358987 0.5536609802351466 0.5094558230059825 0.5130139208686121 0.48441363970983775 0.47850998003125944 0.4123754658525223 0.40940805613748027
0.8001416464680706 0.819640803389963 0.8037798485925389 0.8029596404215428 0.797560760420731 0.7621279889731712 0.764584999633747 0.7827193313850114 0.8224981383712038 0.8288815771649042 0.8120259126572743 0.7855015228214489 0.7343765318553924 0.7364704822679122 0.7059059981442737 0.6849582956427248 0.6882955520330186 0.7180413191057599 0.6837058350576986 0.6235292368553628 0.5956297609906377 0.5903041569408682 0.5724333120290214 0.5264907847354876 0.5305733028619617 0.5199057273470059 0.5282743665354308 0.5426130377033822 0.5361868371576238 0.5036173851702145 0.518159812274465 0.5061102889783408 0.5438666425473422 0.592559808550254 0.5742357163585016 0.5217874594798573 0.5311135987455927 0.49057044856827847 0.4724923871650315 0.4425580207493512 0.4310629823616333 0.4223537623254635 0.41949988008987077
0.8087028541577387 0.790805068190146 0.7688058388590931 0.7629165798614486 0.7856953629614668 0.7437505414936268 0.7756021972380382 0.8009268573483993 0.8029498040406292 0.8375161757025976 0.8345984027060077 0.7862408195854519 0.7291282533850352 0.7225587034988691 0.715771399605318 0.7227017843940615 0.7160044124408587 0.7217007044056929 0.6787078137190152 0.6270502231256658 0.6025318007666611 0.5763369039706453 0.5899625331859157 0.524038318595913 0.5383640909253447 0.5552383383495577 0.5510677121986565 0.5573725405204732 0.5546885071066375 0.4926809528875019 0.4932850819155283 0.49523065628000174 0.5488829092699478 0.5875924511633172 0.5662419190743359 0.5037381468781283 0.5097324997576641 0.4625794428020957 0.45615743676098763 0.41574073405172873 0.4217728907554403 0.3664796831085893 0.4074300933297328
0.7915618611283829 0.7905034293642621 0.8221441506720232 0.7872112736728795 0.8073292301746513 0.7809516265746465 0.7853108538163301 0.8098210519372173 0.8091488288271717 0.8572127503470195 0.8273947110356374 0.8255501549916765 0.7775316089132114 0.788178487117256 0.7488018365528786 0.7379831856310404 0.7265921891629303 0.7241417350641493 0.7106625206206635 0.6321490477338126 0.6226048262522641 0.5815487690109882 0.583751053316805 0.5351329741451334 0.5132711791194718 0.5071891426833571 0.5392063724438686 0.5128786516438797 0.5297362190068384 0.5026171812128597 0.5303363493217815 0.5153651425781802 0.5389545863927585 0.5526084499426582 0.5501080742786943 0.5431920432959084 0.5124853893873628 0.5112498280539344 0.44277355935948925 0.432715028673354 0.3930142183479874 0.3582784126581203 0.36997352136950484
0.8070976213665174 0.8166297768335149 0.8601865712725101 0.841422696835106 0.8387435386744503 0.827217799281612 0.8426269886754462 0.8308867089764447 0.8341204613012824 0.8594091834037939 0.8210595020107304 0.8162335773536228 0.7858916513185098 0.8063515024065397 0.7611258895547492 0.7741894537249149 0.7354625081057626 0.7743341335334535 0.706763872289257 0.6601599479982696 0.6290957954883909 0.5758575738528419 0.5971939607943257 0.5638922069248987 0.5196797770050245 0.5047414225300095 0.5308135997495691 0.5267577803504111 0.5665086165119805 0.5582598791520185 0.5420110325565076 0.5417804405803777 0.580047992513158 0.5628764345740048 0.5343582893256079 0.5271227370543945 0.4978419031058882 0.5296140943409957 0.4478454113018166 0.4477145968704591 0.43196745177035545 0.3783558394195781 0.3514855405048866
0.8214979261600452 0.8614299203279298 0.8573448135276112 0.8356276172440432 0.8332295911979005 0.8054500000507219 0.8377864791305623 0.8356612405015185 0.8666712615540436 0.8587855251616214 0.8566540789503931 0.8232593994776037 0.8166481306017729 0.8452343691489151 0.7938929053218183 0.7805643396845954 0.7640665323587332 0.7806967320682359 0.7362540606549349 0.7017062361021744 0.6254834934839056 0.5714686466789431 0.5886486944233266 0.5541866691564221 0.5507662206012472 0.5076402745835142 0.5076568382746153 0.5334925356630529 0.5784862848262666 0.5654875020060495 0.5612440426510003 0.5494130221711981 0.5802862673583782 0.566327411735408 0.543376865465692 0.5243172307842958 0.5055422864527814 0.49670939593005 0.4747008376497298 0.4362715431698435 0.4138262183989159 0.39382237527712 0.3732164441126144
0.8090675427402038 0.8527910741309368 0.844145481071125 0.8676848786263145 0.8620472711909539 0.8118002180914561 0.81658844294101 0.8780106169742083 0.8542683649750782 0.8620143916707079 0.8327071561782663 0.814855986122404 0.822759424085528 0.8881899177217637 0.7966884276092906 0.7632709200524295 0.7708184951288708 0.7700893610266109 0.7230986774312019 0.6939304581733974 0.6092782340387587 0.5838321436566173 0.571483168930946 0.5711460485309137 0.5531409793994209 0.5283175788215024 0.5265483450224864 0.5652721247502243 0.5779897751173095 0.5735087750445043 0.5495749255390818 0.565949600049196 0.5877644022601928 0.577115291584114 0.5189871817957474 0.5260442102678112 0.5400113469926405 0.5316705911620069 0.5144959440934785 0.47914915907073163 0.4294748249105231 0.3926538718862003 0.40021105691993564
0.781138189979486 0.7924017276700387 0.8143411920445108 0.8081924653051811 0.8368252242166538 0.8053470832039791 0.8404342794960147 0.8418052609959481 0.8491877088617257 0.8691675809978207 0.8550037285311441 0.8552405749807135 0.8474311894230406 0.8549616303261087 0.8347097504731104 0.7858662467643825 0.7801279753199978 0.749756175865826 0.7037588907433894 0.6926535871777816 0.6389363583467553 0.6399842750112337 0.6070006845106941 0.6028323947453305 0.5420973773993005 0.543852475208098 0.5285373890205576 0.5730517293368498 0.5613347514499181 0.551339046501204 0.5935724838767027 0.59607619345177 0.5593886955548603 0.5176762326224361 0.5351521002720278 0.5451012080408999 0.49888251065223793 0.5076084062235461 0.47017204891626463 0.4708238664999872 0.43316967580096855 0.4082888422864155 0.39388300882509325
0.7673765595661117 0.7757436287816039 0.7935845410604367 0.8039503260440125 0.8313626953974582 0.8359813871956688 0.8658226173472018 0.8373167990193365 0.8118589407688205 0.8285161209474845 0.8154146151081432 0.8356459921680567 0.8140258990091475 0.7901059840710071 0.8202364632423005 0.7905019436310007 0.7753580076667158 0.7090767119019845 0.7062272103761936 0.6860881224008228 0.6323179598512538 0.6566132738035806 0.6260055672007117 0.6179427635553981 0.5965229544018464 0.5486095515111507 0.5323882155427044 0.5454303662670592 0.5440102406497102 0.5768023140190369 0.5933773099797852 0.5647607871276203 0.5439125297731845 0.5050695089842351 0.5420555761232169 0.5255934607685653 0.487947483263389 0.4814993456833031 0.4601483946971608 0.41435212981346486 0.4216362975891299 0.43104660376432047 0.3629943512564057
0.7695588002983548 0.8013187522007161 0.8067677965370678 0.8163419538451326 0.8414942808520093 0.8438286599611156 0.8439653462734849 0.805647082380686 0.8320900464958155 0.8517967935001304 0.8272100746134481 0.8290112212022188 0.8137120438887155 0.7747363059366921 0.7856551435746173 0.7649992991454433 0.7384996365012403 0.7031652664424265 0.6907833168337104 0.6830805752115903 0.6478912380304342 0.6594420531679593 0.6556200166041944 0.6389200595847252 0.5709522763121644 0.52775446702284 0.5336914472363047 0.5079979963063084 0.5370421121441958 0.5477844795407039 0.5627372966136598 0.5256654004958353 0.5289942923231209 0.4972239399596863 0.4986847069481823 0.4823046428665054 0.5117732182192454 0.5074221381623325 0.470817969368502 0.41053481725016444 0.42679379923489713 0.37011995409347215 0.34645693230042846
0.7685313496537313 0.8096329903489013 0.8418133683506513 0.8493229796628041 0.8356687599879868 0.8751772313395559 0.8139868289197573 0.8102796321526281 0.8305373735878415 0.8848462100039783 0.8207221546408828 0.8098092981556584 0.8123714944028974 0.8099354337587052 0.7762358405989503 0.7225748305360894 0.6944281398179931 0.6928520831241308 0.6789992695534659 0.6858782802262062 0.6632191449941427 0.6486859186036416 0.6321098805390649 0.6233300966555334 0.5569801194827179 0.5593282412906712 0.5329685361349631 0.4979245056693088 0.5247694419011448 0.5388906069334561 0.5347026059058175 0.5076242810283184 0.5010719635524619 0.4789459673925286 0.4759078870284215 0.4734843158525502 0.48433287064701264 0.5086797938118343 0.44315969942439865 0.38455483422324127 0.3647193437970853 0.370944400622917 0.35224874939775525
0.7961935899210182 0.8226693098548188 0.7981493940820702 0.7966620602021951 0.8277212253068482 0.8267997921114871 0.8267105247466967 0.8052156507855595 0.8201553542711507 0.8345190889497811 0.8237927969654376 0.7734626549402156 0.7706661621645984 0.7690709794085605 0.7444750152256766 0.6980120740889599 0.7084414413645447 0.6814197728700796 0.7012684465254215 0.6865035941207825 0.6837751490338075 0.6447358737143564 0.6186778686860412 0.6345629059879833 0.5662906822513128 0.5442148050157866 0.4973544313645898 0.4683510288335696 0.5029632372256092 0.4994407812850817 0.4956922876250966 0.5190284161350981 0.5031591123891728 0.4778537004966792 0.49778438448032497 0.4901464419448569 0.5151280574212326 0.501735738247616 0.4523353778739523 0.38963834747641757 0.359755956267748 0.32954625729965165 0.3298398876488245
0.7801000436840855 0.8211943279260095 0.8260451139336887 0.8052317655774935 0.8144617881303119 0.8153467064549242 0.8338359584923627 0.7938607440995289 0.7918012800265875 0.7437065136541154 0.7736979772963569 0.762037184522143 0.7465296822712757 0.6896620127153238 0.6690076233029784 0.6580996142031119 0.6828109361876262 0.6764719711746537 0.6709161512788108 0.651010829710817 0.6481737583072134 0.6785330005187624 0.6212365621969794 0.6294741189281577 0.586960817766245 0.5398293634556638 0.5334726446067122 0.47657534206805063 0.4761455483809726 0.47025466059591914 0.476046096333738 0.49125403424207825 0.5123632515203127 0.4938119056773771 0.4851223550981537 0.5171172479492059 0.5286421564563705 0.4706619921224039 0.42301186793882867 0.41802963688219297 0.36848728423893873 0.3130908662098482 0.3131202404804793
0.7958011248159227 0.8100863783523513 0.8157143388089043 0.8307738605961816 0.8089457099183599 0.7986150072770181 0.8046801365948537 0.75490506934225 0.7199036694960378 0.7403256064639981 0.7470049117719352 0.7271726388385986 0.6950902046390136 0.6635660226054335 0.6613036172449384 0.6515833121483458 0.6644895511262862 0.6733329248973129 0.6458807167789118 0.6262475551718121 0.6331511905135908 0.6332210673363984 0.6059705935399029 0.5893691009996455 0.5417441297999144 0.5340784395009869 0.5203814292228331 0.47968010182094145 0.4531538699467182 0.44603050860454146 0.46479307341997417 0.45581338367775165 0.45671457609821364 0.5103753478438315 0.4983979839225622 0.4933145823563353 0.5152055285371921 0.46941055619066974 0.4502343661819604 0.41827233197554514 0.38217183634500174 0.35886386290352584 0.309563510933992
0.8101555016273879 0.8520236389610703 0.8001370686569155 0.8261713751871731 0.839389743899127 0.8640156673695959 0.8093358283649644 0.7405658909300712 0.7039967243743823 0.6960654632025449 0.7011883355064007 0.7108493390985323 0.6695228389846787 0.677525789762741 0.6681266679412013 0.6572470263987389 0.6307828420823524 0.6197559359215594 0.6590793080126549 0.6684543507318289 0.6460071287697731 0.6290918940028427 0.6264239448197609 0.5781228374519147 0.5550504813168938 0.5136868425702302 0.47868384253948776 0.49093365828664276 0.44970849956001957 0.4577321892082016 0.46010631822414816 0.44780503284010237 0.43012583085515316 0.4866148755617475 0.4855230140164144 0.4974795148161737 0.4920659006258217 0.4744822390370455 0.44384444826924446 0.4146495186027018 0.38838916984058974 0.33940718133954184 0.32486597972886655
0.7896969762106764 0.8241222541200652 0.8115620402558067 0.8157955608964439 0.7804735494507681 0.7986267422712374 0.8094437171432409 0.7456611810503109 0.7364535761083126 0.7152872365348122 0.7142958210858464 0.7069988465846133 0.6974457245131653 0.6929214129695249 0.7007492331168785 0.6963715423346793 0.6792721778950476 0.676059414755306 0.6505379262781237 0.6812720661378182 0.6763941506013313 0.6412131210345263 0.6218576425172221 0.5523255192952888 0.521086206902108 0.5158262558496093 0.4896866818340687 0.4776923307574959 0.4466299318076903 0.4471099390471419 0.44717414147223533 0.4445997749817034 0.4254753384523232 0.4218028409874344 0.4388510327736173 0.4704601710479453 0.4369466027427599 0.4361718010494107 0.45247181299406675 0.40121319515106996 0.38114537837976975 0.39523772596205115 0.3911230946298711
0.775606518950147 0.8012981461103311 0.7747744941444593 0.7479139709298095 0.7343474929432331 0.7902139479045672 0.7895457511484217 0.7651232305447484 0.7291621594612275 0.7353837281257414 0.7184313131568911 0.7152873204502689 0.7119035645831203 0.7008751452540779 0.6784049618331898 0.683694664336583 0.6709280599269323 0.6513171221889222 0.6589540295815869 0.649317824564679 0.6834885030791547 0.6669054134704284 0.6327847790901344 0.5809384840548563 0.5069834097620127 0.5056691699315062 0.49315475486112276 0.4444282376503386 0.4631704321834009 0.41018722044222894 0.45883768027241306 0.4652672203222874 0.40609847355938045 0.3949081247571537 0.4276295608238118 0.4499464799593176 0.43503043209486747 0.4047292122325491 0.42531990654002383 0.42429380866248945 0.4298971818627057 0.42366896501475676 0.36786336054404406
0.7586575438562503 0.735671280864779 0.7531476038704539 0.7488752412262788 0.719557816336258 0.7372204913648017 0.7397728312613651 0.7555786594870504 0.7344978118333735 0.7199472826310693 0.6848825689987031 0.6825993459883036 0.7108224805670197 0.7063906187389968 0.6799776303295959 0.6856143870135412 0.6659616658509039 0.6599137451276843 0.6734787303758699 0.6889260594718177 0.6751809499349402 0.6448204263278584 0.6065686101378974 0.5450327620860635 0.5213279133102507 0.5150108158626094 0.454595262178349 0.43819896001690073 0.44748538717237046 0.41637129383992577 0.4467165333672643 0.43726126270363574 0.4009280652009382 0.3932041208296436 0.38159001901975 0.41028915545197997 0.3934508798495922 0.39265302916677286 0.39554360589419624 0.3937519603569851 0.40356107769910615 0.39760676693196934 0.38060735698085535
0.7422085902466972 0.7022557317609291 0.7126054600904855 0.6958191349291968 0.7083487339841698 0.7409788190611194 0.7463757503329259 0.7089554868912181 0.7228899764564435 0.6556953370096664 0.6723261404934058 0.7130075852215084 0.7052827736263659 0.6927872477480208 0.6791402382660916 0.6712171455352683 0.6529572698713624 0.6690078721264612 0.6954328850035589 0.7088322495907958 0.6834697208373507 0.6891433681332502 0.6338835148924187 0.5623554358353509 0.5226351009337822 0.4972270120467217 0.449670365827151 0.44077054461328996 0.4530233783493051 0.420386900980727 0.42595233495172524 0.4552731411281692 0.4006173276396102 0.34668231803483107 0.37599572654735836 0.34786788962513043 0.33416853725084666 0.3442106130025002 0.336483149265774 0.38308250723307663 0.39192282025375674 0.40326965585975405 0.38105986416791143
