Raster_benchmarking/continuous/raster-320.asc
NCOLS 100
NROWS 100
XLLCORNER 1743157.8308343457
YLLCORNER 5469290.130831783
CELLSIZE 10
NODATA_VALUE -9999
[rows 57 to 75 of 100, columns 43 to 85 of 100]
0.7515873455101222 0.7624300703483352 0.7388122177051725 0.7399151888889918 0.7406709226250906 0.7294994221294697 0.7244524419021351 0.7010504729988017 0.7154140921457948 0.7124918065339372 0.7016038395868154 0.6739171209573387 0.6819903591008213 0.6623844728640614 0.643217389794964 0.6248359240473613 0.6032044849085303 0.6075105123668197 0.637654918828621 0.663324085134833 0.6334682460457068 0.6369841599018045 0.6151398093606159 0.6404170128149751 0.6672859971345448 0.6462212935345889 0.6122072811087783 0.6051493378935093 0.5925656215050107 0.5910298023670081 0.5750250704104788 0.5793912456077436 0.580746802837622 0.5534849588694367 0.5134507037577447 0.4929327088931643 0.4934262461936546 0.4785212195285492 0.4839866999035196 0.4488217264240157 0.41440309256471575 0.4095640627417133 0.4041278960286104
0.6931494968593906 0.7124864032300839 0.7361723952826342 0.7046888524100895 0.7406329500621028 0.7195358517923144 0.7241699918040618 0.7507875828188921 0.7275454614958967 0.7469696694320075 0.7222291407174575 0.6994324209477493 0.7101436795241783 0.6847989312953182 0.6239991754412568 0.6035629731076737 0.6048169202459307 0.6421605150589493 0.6384557623977051 0.640772935274096 0.6225818033836471 0.6083690740812244 0.6137840667480681 0.640548860588851 0.6521440336231419 0.6265403018898122 0.6270569395998828 0.6271262558376988 0.5854523506969875 0.5677547461247787 0.5679359166681849 0.5573112919473153 0.5603458748693858 0.5703284111594619 0.5328682504406085 0.5013897448769965 0.4730227651221171 0.4711713564805667 0.47780331517269076 0.4575871060302996 0.4483964655043778 0.4460020395130066 0.41621349026080184
0.662878810097586 0.6959030486346546 0.7084350174173814 0.7208941363026768 0.7213545574497278 0.7400315229716978 0.7386489627151928 0.7374721317633343 0.7507352616854515 0.7524698372438553 0.7277101803507343 0.7207653987237226 0.7051915886532972 0.6553649349505989 0.6403758442955892 0.6277983600403687 0.602852445396918 0.6267575237454399 0.6149646962957976 0.6331233979617169 0.6452959973170219 0.6173649724980707 0.6329291154544566 0.6125672631272575 0.6355581873932975 0.6320488651101968 0.6018604154233334 0.6289700707116478 0.6173490018653636 0.5900651999781987 0.5757849508291635 0.5742178853730574 0.5415072413221425 0.5442486870469019 0.5354997895488612 0.48997964829156787 0.4895176295660094 0.4852984567886814 0.4909221458290003 0.4771282920836551 0.4641310812066048 0.43723833258443173 0.4381403545977702
0.6535606179062659 0.6444215166291527 0.6729042485802162 0.7005839189000937 0.7100479675866964 0.7359147165959514 0.7371669103681364 0.7075570339790758 0.719213713234536 0.7105607923976226 0.7129595112168918 0.7021430514970188 0.683846231098232 0.6766497554868299 0.6301179269877776 0.6258705916765129 0.6138827090900428 0.5804652708816933 0.5987762427192621 0.6384157351653666 0.6417395478609753 0.6258507143218621 0.6098561398351827 0.5932794685409212 0.6099645237147695 0.5975167748115027 0.6278622001393166 0.6408844505396318 0.616135835778368 0.6115036316719965 0.5639577649840768 0.5428865892544078 0.5574219984724219 0.5457045939327115 0.5080414855940755 0.5102715893623021 0.4953787056233089 0.4841058812403999 0.4907979994942297 0.4796053683819023 0.48648866169362404 0.4650372230697795 0.48356086153215
0.6323527029789332 0.6640611434424082 0.6745128763553865 0.6797139606343036 0.6856014734583749 0.688652140905866 0.6871329061162275 0.7107710279857636 0.7135401336195064 0.7500807975472895 0.7134253891466759 0.688495954109027 0.6874713392769439 0.6653472362586479 0.6495993228139791 0.6609216083832532 0.628903159361441 0.6147061056377657 0.60821078224848 0.6247406784017898 0.6125997187763597 0.618004947990979 0.6249828953957048 0.6267010074828493 0.6123058250560565 0.5938307038874002 0.6018930691153708 0.6149695052390562 0.6069336860262643 0.5687098140498453 0.5472104744841628 0.541102705984597 0.5522546027170832 0.532375897974906 0.5093383708676084 0.5040027518989776 0.4840584946305167 0.4758944072816021 0.476613511998148 0.4708667466698619 0.4521169529284193 0.47959865608985874 0.4641121588410514
0.5901043886609011 0.627203062823605 0.6494663871021039 0.6697706210929792 0.6479808873717392 0.6676291144517177 0.6867720764271809 0.7192238158934946 0.7517034422605995 0.7842298584238907 0.7461170242648306 0.7261380335602621 0.7103307079276817 0.6902405985664664 0.6819761114849379 0.6798783772907854 0.64369049090457 0.6213942845907889 0.5872817520636916 0.5748354927786952 0.5936672170813104 0.6280984881975434 0.6218149009458052 0.6081038678944433 0.6303660844433833 0.6303146067134984 0.587651714260085 0.598589436195358 0.5704940612594144 0.5734179985709614 0.5440258522751769 0.5453323555791626 0.5259746535566645 0.497277884302149 0.49601797980720724 0.4679733631901937 0.48095660819269764 0.4561951177780421 0.4538507776670742 0.469444889637593 0.45919800775308794 0.4797741576548557 0.490245250623459
0.5677983556149253 0.5992941470963552 0.6161989844342652 0.6559889508987551 0.6550607593959742 0.6798609641313926 0.6830109177842416 0.7116575488486419 0.7605414408384475 0.7860553714070742 0.7689985410548917 0.7448639270285571 0.7394092054508793 0.7038666813839882 0.6896073263970872 0.6756144809431631 0.6469728320940601 0.5974225265452803 0.5920063760623744 0.5952722736599265 0.620899944700723 0.5944425459874023 0.6110087881723378 0.6165841152892537 0.6509637190765019 0.633785659935323 0.5990674091790437 0.6033047513272307 0.5774858520004406 0.5398017873174313 0.5147353137090349 0.5143841893347532 0.47081281148392784 0.4752003562048012 0.4555247187907529 0.4499945321607601 0.46696037361486115 0.44065150366488354 0.4454047419218036 0.4615900639709705 0.46241019028765773 0.4444653975268863 0.46804232628140247
0.5648963878251698 0.5826818835779453 0.620687867861994 0.6489280662596825 0.6775551971631765 0.6611200870315032 0.7062077077503423 0.7217360904543677 0.7730965533172879 0.83519298274919 0.7687815739695151 0.7423404257759312 0.767043717911494 0.7537859558936785 0.6893137973208723 0.6735526078488709 0.6373517175264336 0.5905473640313924 0.5923926586435178 0.6022176067574743 0.6275743489333959 0.6047305334097982 0.6036830850181786 0.6218407716625544 0.6215745134870182 0.6620102682371894 0.6111991442896854 0.5867720973395222 0.5709498031760477 0.5260948252520383 0.5205491099508055 0.4725750129348258 0.4697277273414071 0.43225923043091685 0.4311458033436855 0.459089229365435 0.44891646847364974 0.42724213346841683 0.4548058536671843 0.4686346430758368 0.43453342163502023 0.4193274293941712 0.4474704519024452
0.5560412626168011 0.5961070127592745 0.6305668728449684 0.6674952506363458 0.6749573239331019 0.6856405922736508 0.7043094120818771 0.7395800182139086 0.7649744998939593 0.7929816550731075 0.8114110380639857 0.7709327959682326 0.7682319468607433 0.753234681417591 0.7037085573024824 0.6582421103255871 0.6394569668520489 0.6222224582980935 0.6224092058827382 0.5911451974328448 0.6014070445158456 0.6091190845986365 0.5983110381070388 0.6039120688541497 0.6147723208511834 0.6200438003834664 0.6091714847045099 0.5792078729872698 0.5523737826733693 0.5465417356091451 0.48922890325733276 0.49223674140764123 0.4581930283009319 0.4220967584186287 0.44604735087219705 0.453086186996434 0.42000428623720015 0.4087156997953797 0.4467021953501545 0.4532267725696124 0.4139004014951944 0.4145847965310722 0.41704862945019416
0.5457744653318757 0.5690358686096701 0.616634236803142 0.651984500169801 0.6658337906416264 0.6643869588582433 0.7014568541053474 0.7502874193324724 0.7640802995280384 0.7972756066402188 0.785286833669731 0.7897342502283465 0.7514388822767325 0.7514049446508005 0.6957321798532122 0.6511767972568476 0.6680181324977125 0.6635061896859785 0.6285627921072613 0.6181237799435215 0.6258016104734135 0.606418684835075 0.608764925569529 0.578834527107929 0.6013702216958481 0.6170494538608744 0.5899889796132134 0.5707029408346593 0.5380971973947892 0.546372391368062 0.48706913350286846 0.4930074404356609 0.4313705227910395 0.40542000328923344 0.4289798671945331 0.419594565922257 0.4188394065920052 0.41043422899914506 0.4387526739989283 0.4165790534166664 0.40183882342534977 0.41062932932666196 0.4082750001273053
0.5847766697677484 0.5917173330496825 0.6236687257807269 0.6354775404255046 0.6780297744669417 0.6657127325496989 0.6979176761856605 0.7308606050098082 0.7545245699060967 0.7611754569573479 0.7681386607990334 0.7454635325274561 0.7299597746412179 0.7196695090313495 0.7107401903068249 0.6897243037583066 0.6597066318612874 0.6367711557588941 0.6344356425917249 0.6137949911761419 0.6143273886006048 0.616067980544031 0.6171162601655956 0.5836715551163587 0.5818604090185854 0.5644428181190514 0.5728920896214067 0.5477458740460505 0.5352167893815576 0.4999961158820697 0.4852862886261171 0.484482589419425 0.44813659573019626 0.44031519801540053 0.4104530069542648 0.4300107896902496 0.42525784941348027 0.4244425235133524 0.41879957712436505 0.4070161709647373 0.4119806825707335 0.42629032600120126 0.42542779179961737
0.5800431550857201 0.6006075282546796 0.6290109202671827 0.6714155209887764 0.6682400532319079 0.6932750959731475 0.7029484339714174 0.6947078113172301 0.7255891107484467 0.7750654464554106 0.7247425824763636 0.7074639220848055 0.6834772597072276 0.6974171642486501 0.6981736100220305 0.6970106123713196 0.6680083169614477 0.6654860710989993 0.656710186873642 0.6307571792903663 0.6438596067817319 0.6400686348088147 0.6364956567962029 0.6052757984624867 0.5821233343863857 0.5340262716859552 0.5431703707018275 0.5270786378170981 0.5130874469140038 0.4826484288797078 0.49153068556444063 0.48325528238504406 0.43469585194596305 0.42214874211741144 0.4421396404048298 0.4629855117598815 0.4513473813506362 0.46375920071759147 0.44892436661283985 0.4657349629937694 0.4533535116838372 0.4202401387226264 0.4197983494740157
0.5598872162382553 0.5703187448845397 0.6167675763406428 0.6329010432557493 0.6593020251787611 0.6441983959326943 0.6636181868716028 0.7035626026557528 0.7207812986417955 0.7568335766779922 0.7291754792344713 0.6877714141543895 0.6794132744730307 0.7090101760639477 0.6888528299988284 0.7080659253666787 0.6871589970332515 0.6532117144252575 0.6623849872908264 0.6170040274264902 0.6149691571644951 0.60652056443175 0.6097298785535206 0.5761118540561849 0.5603216347646094 0.5287978077340338 0.5422565161244742 0.5457087837055893 0.5136810499817623 0.5111804358556621 0.47215945044389174 0.45859419112509336 0.45759164528135254 0.4392633918632434 0.45413379624504485 0.4353285034323101 0.4581477594565284 0.45973823536994957 0.44655746622671816 0.4512223056203632 0.4437490298527006 0.421971905088326 0.4158451662559923
0.5264574285887151 0.5361847277377559 0.5639124202603454 0.6097471392166119 0.6033566155253379 0.6256732770530765 0.65874391968699 0.7012069112635378 0.7149723337076227 0.7461111655042175 0.7385078954765177 0.687766120811576 0.6930681198746658 0.6998462226451222 0.66735662143506 0.6786474581868069 0.6949026788965065 0.6848867093166228 0.6627204435166708 0.6144119178658557 0.6051934930533694 0.6036208348957571 0.602864368818391 0.6008496632435447 0.5698045045503566 0.5651093643927771 0.5540592767721048 0.5384062788942832 0.5426624012459901 0.5148137915246475 0.466372775848045 0.4444708608352306 0.44583383565216483 0.4729266874705798 0.46021297141156364 0.4429667394724517 0.4422875666224975 0.43428216072541465 0.45906800773475515 0.4373929129873021 0.4391270880323683 0.44055696911953374 0.42061239228874914
0.5247459867381683 0.5297052118511947 0.5607996771842324 0.5559529566943998 0.5919413703675294 0.6046825519554074 0.6245215614096561 0.651712432437523 0.718213067957442 0.7231723160061735 0.7219575625923353 0.7127124842080954 0.6731660655686488 0.6693891809673586 0.6862068028985484 0.6563210106403874 0.667459259699829 0.6676780650082185 0.6652238413916529 0.6224550515148924 0.6427951115166695 0.6192402355541613 0.6350902820862103 0.5945054192708827 0.5914838009130283 0.5725239775630104 0.5629267885418326 0.5500840607440688 0.5204232706316085 0.4944223654278854 0.4811869647683932 0.48037472777519513 0.46016100247720226 0.46688258635844354 0.45766521106668556 0.47931151185036003 0.4642148484803903 0.4550894110671894 0.43509086876575864 0.42274217877877235 0.4255344168835686 0.4088469464163908 0.41615848971112185
0.5221171492034667 0.5367828890559299 0.5582656745229838 0.5477103870145344 0.5719949265396976 0.5752677115787489 0.6140094997916307 0.648876240048988 0.6798685440622474 0.700288796566102 0.6936695951069275 0.6905661700590594 0.6772049988203516 0.6681796686934349 0.6530361894249265 0.6586136054830453 0.6614827564764456 0.6395515447451181 0.6460531308187754 0.643810959532729 0.6414083986665806 0.6365004108830543 0.6541480554128654 0.630581701420619 0.6137954334598498 0.5729541401047795 0.5258498114991829 0.5085958759632251 0.5261039218645843 0.5167944228406599 0.49133531041219136 0.5003317190973765 0.4950010924753335 0.4933475619274307 0.5085894152857385 0.5079002774792473 0.4837006054046168 0.4876736956776397 0.49134529902569773 0.46758070899862797 0.4296958687964467 0.37389437390059493 0.3993095660070062
0.5547976619538997 0.5639609593369189 0.549649975550555 0.5701635393592116 0.5795692449902483 0.5821137422020681 0.6107737024696418 0.6458634328383235 0.6369958178149786 0.6805418439832075 0.687742284379806 0.6817941372897364 0.6891218550694874 0.6857715302418056 0.6426937807493563 0.630316358626195 0.6410934300037986 0.6589077618307192 0.6307147633393956 0.633167299409576 0.6309553549837063 0.6433824034043072 0.6367660360072995 0.6210594419942862 0.6079906570445215 0.5913931337648545 0.5427140441262192 0.5417151519595388 0.5247779108893569 0.5061306846423571 0.5075967428673607 0.4925037686316023 0.4687744275953347 0.46373780117868896 0.5008017371794881 0.48299413395450447 0.5142654448539934 0.5012801888911517 0.4927910510535416 0.4617888323420404 0.43508502694788687 0.3898969256488409 0.38794331542282773
0.5291870117553671 0.5652650823961384 0.5534159315230767 0.5559485865716847 0.5487351991512465 0.5524573089497773 0.5729071081278179 0.6189627364795823 0.6224945985242734 0.6263904542770311 0.6468230611819923 0.6743503513699339 0.6605211873581693 0.6676902851964206 0.6493437984754122 0.6516155296516074 0.6465356739893084 0.6478386375395123 0.616659043016149 0.6057956406023957 0.6167457985898712 0.6433241488224439 0.6256963014251294 0.6201504438951162 0.6135078573110967 0.5869370983421625 0.5398176770837978 0.544249661656697 0.5162105444684663 0.48685018861587515 0.4545662287767773 0.4481571833892901 0.4296431776719127 0.4509414457476521 0.470111327396462 0.4931176385557187 0.49768088075693834 0.4834447111992878 0.4718183311075542 0.4496145329242416 0.45675954578361005 0.43041511791949993 0.4026008225099496
0.5435786712188798 0.5538252190209124 0.5795702284396016 0.57014990305196 0.5500272563796397 0.5634872237450774 0.5723750733974375 0.5897010307102579 0.6168784801704027 0.6263954913381393 0.6240597865670852 0.6250974564616149 0.6374599827037164 0.6283493105577446 0.6189504806163102 0.600318589941733 0.6029425137042831 0.6023837832925 0.6108363123975532 0.6061300921132005 0.6447276589179799 0.644591042773469 0.6348076359421991 0.6171242565696532 0.5896749925047398 0.6076436763379526 0.5689775568623415 0.5436226685181736 0.5357114624626345 0.4866328519295802 0.4387065397549172 0.4227143091658623 0.4292944051664453 0.45106790211105396 0.4578012351468301 0.4572672577239162 0.47268030295570734 0.4378335704598176 0.4548377228080335 0.4489207377927053 0.44345682468162273 0.42640001155080737 0.4274730831509591
