Raster_benchmarking/continuous/raster-384.asc
NCOLS 100
NROWS 100
XLLCORNER 1743156.0964159155
YLLCORNER 5469288.615788278
CELLSIZE 10
NODATA_VALUE -9999
[rows 19 to 37 of 100, columns 43 to 85 of 100]
0.5927157256672857 0.587087107554429 0.5755272404022237 0.5776311859652052 0.5368426838029883 0.5508521921651544 0.5413486078963196 0.5644892415955143 0.5357044564721587 0.55630147478701 0.5625468175173647 0.5499704816142846 0.5495705407839581 0.5796877675593124 0.5578680563611859 0.5819532629171923 0.5880316162473281 0.5929710945832287 0.6062009892056038 0.5814450984994732 0.5877715734678749 0.5698536666344989 0.5829676868734074 0.5656608985038757 0.5552434357550202 0.5309699900924496 0.5386114570882019 0.5583024391413671 0.5761965306019227 0.5933818441091288 0.5667957241060128 0.5775576976138845 0.5757590257533454 0.582627538933662 0.5722947031088516 0.5337774839723317 0.4985140760073315 0.51211487149847 0.5252711525859393 0.5093381182944642 0.5108112623877166 0.5239110145992176 0.521929770185305
0.5925338317392522 0.5704424121191142 0.5542967032796313 0.5441993710466476 0.537693583659627 0.5461711240391055 0.574322671718744 0.556729292884792 0.5711059749061869 0.5622286099266028 0.5636808284274464 0.5651308681819182 0.5623099643584724 0.5681406255786825 0.5709254693698789 0.5887045486595487 0.592703417840509 0.5815482216997462 0.5671872517993856 0.581118513500333 0.5803331806648181 0.5708570244677547 0.5640461530426603 0.5670526714299107 0.5464188864985777 0.5235800702590111 0.5164676303897563 0.5468851324282117 0.5878552928989002 0.5829750523353859 0.561517230423231 0.5531206200249598 0.5573328781930367 0.5679415223518279 0.5727139106599436 0.5206961173466547 0.5197569954544381 0.4929943699861706 0.48149553663749617 0.504709108733919 0.48470665093803306 0.506846138203104 0.5360753449780463
0.5737581446811413 0.5771696198895125 0.5318876612637833 0.5396012217985452 0.5590390778429245 0.5676687757917274 0.581161627151351 0.5681304296542162 0.5542362860233621 0.5635678891579862 0.5407225109008093 0.5406412441449463 0.5421702260484904 0.574946730553322 0.6165376050287573 0.580480702669045 0.6062771048949457 0.5754454307021692 0.5806797963640883 0.5629581506589447 0.5650887563977183 0.5800351591016399 0.5828590236797554 0.5393964491120827 0.5269057636996107 0.5097371152444126 0.5385656604858744 0.5571235920714791 0.5705115085817581 0.5719885108019961 0.5887125684485691 0.5691927838809073 0.5580942973464121 0.5804823473869942 0.5632812291224839 0.5110260520012935 0.48630473398977236 0.49470487970803745 0.4741912991641789 0.4905638459396231 0.4871371800360786 0.5034692564993811 0.546181508342301
0.5817088807405297 0.5753460245582476 0.5553199485533851 0.5714547552411144 0.5603224423860138 0.5492256901960191 0.5824192154659779 0.5830471789198849 0.5403574122322226 0.5376473618592847 0.5297336506376822 0.5467826575968104 0.5806369722813737 0.6101474417990067 0.6201990955704616 0.5934649188565356 0.6097089705207989 0.5824845531813747 0.5770478544477713 0.5808368153383213 0.5931445876130127 0.5754829591277562 0.5577910615594909 0.5393194286617703 0.554903572348784 0.5216968248546066 0.5232924617976916 0.5179978777296079 0.5567787163112358 0.5720016869791202 0.5677141650293258 0.5798201719752343 0.5694957674203438 0.5654801417190572 0.552210772949845 0.5508463050103947 0.5319805706708172 0.4931692708846749 0.4924576750528166 0.5102407388541438 0.5058037477226699 0.5250545346543121 0.5361225209606989
0.5607985454428372 0.5583465122185448 0.5744592641110216 0.5537771586541993 0.5733313982699988 0.5412759115061364 0.5628082627236851 0.5824511234002084 0.5529613457735322 0.5350557045461154 0.5503025124687817 0.563536885712969 0.5896716138814165 0.6175151273812984 0.6332741927811403 0.6267586632572001 0.5932322387748722 0.5694402071698808 0.5676419757119876 0.5913013079765197 0.5875642346698553 0.5822241681616135 0.5571744943093193 0.5504604457443009 0.5491332097891133 0.5282738887856403 0.5158135219718661 0.5221380038921678 0.5191751760362175 0.5436782658133914 0.5705575047167257 0.5614668554412773 0.584065708386813 0.5677815400849281 0.5985396035363331 0.5745217107426612 0.5465210220630109 0.5097219589958703 0.5335558404899203 0.55400947997638 0.5558437559252937 0.5667877382903531 0.5531147182539504
0.5884335616969665 0.5847719048246804 0.5433339560000224 0.5364448799994046 0.5634581387343698 0.5376571073041 0.5353910366384007 0.5739583596208817 0.5756653661378849 0.572857467690462 0.5686623488895506 0.5886727743638913 0.6073529693846756 0.5975855810952799 0.6325901543353751 0.605569215932111 0.5921984439764768 0.6042280293405228 0.5921479844137274 0.5972766042691661 0.5824879117475534 0.575437489731425 0.567627888628237 0.5569240123083993 0.514963667137384 0.5039774692240933 0.49296082041172606 0.49909296030016154 0.48923669815818205 0.5170840548290861 0.5287829016669313 0.5468330507779365 0.5572374126814066 0.5706998403191721 0.5835721877733844 0.583070960022167 0.5790879421496634 0.542361203277757 0.5299741159786725 0.5490069587214925 0.5741081790249788 0.5671075173965084 0.5597842590346935
0.5969810654206577 0.5531133469396727 0.5299910610893175 0.5591574784932815 0.5509963793383488 0.5516754315133754 0.5395147805654159 0.5715108087890195 0.5593406606155873 0.5808642124773404 0.5882439826597988 0.5856804893453214 0.6194066747994653 0.5919455493066427 0.6244064033764691 0.6220525269976915 0.5897927992899951 0.5939360772050537 0.6108139409297395 0.5821942070089874 0.5586621481763085 0.5835217597246196 0.5856079498980794 0.559925699501916 0.533629140131292 0.49532312926513705 0.4684331126384309 0.4625701185794638 0.4593201638949207 0.47878943786184586 0.4802632971453972 0.505886330128052 0.4996253498965566 0.5176239876511073 0.5654616917589924 0.5831781893810577 0.5699921653315057 0.551036758219676 0.574214690833007 0.5692111708793678 0.555473704791317 0.5471656251808581 0.5561922842330278
0.5928661845154655 0.5491569227438033 0.5363467766767168 0.555253351195196 0.5392499574403044 0.5342891804416805 0.5470989786720174 0.5450232187989564 0.5649996140219841 0.5584426858418832 0.5560577149297815 0.5891751698388779 0.6198253606674977 0.6084289965586123 0.6224176772224207 0.6270486556523054 0.6024178608141516 0.6128122788995692 0.6175653862086137 0.5841450427893468 0.5896690166122737 0.5821077131200058 0.5912809456363972 0.572086217693272 0.5199455342987258 0.5080569567278908 0.4638918699819889 0.4505691179379678 0.45854623117695403 0.4861507752101685 0.46663564671387386 0.49311821593833927 0.47148770221672176 0.49538612115622616 0.5378356526732645 0.5363593250008077 0.5537727700661814 0.5227724656342958 0.5451776693721825 0.5224226745836273 0.5529449776585522 0.5544483445463387 0.5519963750757798
0.5516241535545408 0.5439722148861036 0.5367558279499182 0.528134101409354 0.5495233934552969 0.5573720547834976 0.5325123643567231 0.5159870002183691 0.5172391462263605 0.5498729652890686 0.5404639570060553 0.5608398418461508 0.5786739185520008 0.6031841063975676 0.5990360146185217 0.6219080147024222 0.6212915625571924 0.6244450380946609 0.636383875837541 0.5930943451064628 0.58011190845004 0.5788543725077058 0.5740097745919914 0.5461791246147035 0.5255687131296216 0.5058039829902052 0.4726687782698462 0.4619411301145874 0.45791384691027637 0.457006590727553 0.48322941784258966 0.4767051666709563 0.4742438466198878 0.47526354921474046 0.48696001688385204 0.49482629535471284 0.5035864137525912 0.512592244840054 0.49954985692093445 0.49066868760693955 0.5282102444620765 0.5128609613948478 0.5223362888204615
0.5857565354160744 0.5551641156771433 0.546434316668416 0.5414347413349205 0.5529384159166576 0.5415092027064519 0.5377776072914561 0.5348896356800454 0.5380957156027775 0.5464308715552333 0.5406251585095024 0.5458764428065391 0.542694440352067 0.5689634571616404 0.6101244281449266 0.608723678464056 0.6081855196471473 0.6378697105777996 0.6443317360691129 0.6157955885787731 0.5874258512893052 0.5767966850913527 0.5831479800881949 0.5565106420967565 0.5295313861366526 0.4911629570003267 0.504103115041185 0.502237132080869 0.5021176642270743 0.4668096692941785 0.4503447749246126 0.44425255287104104 0.4356667382476239 0.44006371174072456 0.454770509372112 0.4805657726230005 0.4908956490216971 0.49394538982176206 0.5042467673826705 0.4945115946895528 0.5096105207873328 0.5082898963066543 0.5097689287636469
0.574947860297244 0.5617282099956825 0.5312077391132041 0.5524460665573796 0.5541111401231539 0.5331228543864428 0.5558601994046943 0.5467393195282427 0.5368708966367102 0.5500976467198485 0.5208745619825679 0.5337194720573922 0.5397865018596179 0.5795338539310616 0.5988339513051221 0.5908227218642707 0.591331191716224 0.6349132401836528 0.6448665831155952 0.6277982346818908 0.6128515308047071 0.5752402049262136 0.5535625323863123 0.5545830938285902 0.5073680157429094 0.5246664756036704 0.5293623038359111 0.5122847320503301 0.5018157816333003 0.48295855606078236 0.43597940662196266 0.420462440766438 0.412388843586034 0.41643618084540235 0.4210449083126969 0.42391315114862366 0.43536576725576825 0.4504237818026097 0.4882546522234556 0.5188401917543677 0.519476067836359 0.48496577608142843 0.49575997066253613
0.5581617747226819 0.5498951002954678 0.5399124149321665 0.5403667338397021 0.5634616169797907 0.5502898278494369 0.5360475462733022 0.5459611883168596 0.5195131658678023 0.5363041861063887 0.5014581031668423 0.5110477017055258 0.5311941893729905 0.5587344997464297 0.5733472788304376 0.5829255233951138 0.5972836831252918 0.6042335689144357 0.6244566405262586 0.5942517247952288 0.578716334786433 0.5894055415108443 0.5627772192344094 0.5417623563195832 0.5211506794870988 0.5291218789092363 0.5294712337791675 0.5404604192378195 0.5174457142085286 0.45877634774842224 0.43462220142900737 0.4237633855738849 0.41986674627495063 0.43942576162844693 0.4266923083041719 0.4223023775009947 0.44233285690528656 0.4516140605798281 0.49847853383187024 0.5156587184239547 0.4788608008607294 0.47257161424469063 0.4935191452602129
0.5845461364520953 0.589119693272295 0.5638991878663638 0.5829828733490874 0.5744695413126054 0.560221348930462 0.5212625092515091 0.5369708809581992 0.5228744600358165 0.5189064162696865 0.5051594013009416 0.5450028071264705 0.546712034858674 0.5520974791284871 0.5895649051343627 0.6054734639329572 0.6352094802266971 0.6040822726978206 0.5939856752707721 0.5723887820719745 0.576614588893844 0.5752517507112558 0.5584263457641585 0.551799244410951 0.5489876078110768 0.5547621483738039 0.5450216738970217 0.5274371070388579 0.5220829176137143 0.4961715307456015 0.4585564385857811 0.4501277250460245 0.4488237733566997 0.4283239150297879 0.42773909463785936 0.4514007329405131 0.45246947707628454 0.4405913150102171 0.4938643809647608 0.49810112566345544 0.4791195283136081 0.48411140270237546 0.45486283134584826
0.5925825635721165 0.5854634329191625 0.6065279368075007 0.5843365713295682 0.5896357288932047 0.5648117717983104 0.5336609578715142 0.5389643173575734 0.5443418437980543 0.5115955384411625 0.5290299576912051 0.5341980387641168 0.5447093208807909 0.5641398093036167 0.5756316709283804 0.6138329115765586 0.6106892486697251 0.6067296528673547 0.6041593181487229 0.5995549283264956 0.5581348860331131 0.5620048073212746 0.5430921952370092 0.5445450671931172 0.5409696780054294 0.5578099073231305 0.5388463497765044 0.5068276716794863 0.5055391457584918 0.4838082171105072 0.48487259896581086 0.4555692229946443 0.44749634630625645 0.41471523371987035 0.41167620454157666 0.4376553912404647 0.4338000917990873 0.4381942704750565 0.4395936757904471 0.4724189720489725 0.45265243426844315 0.4543037058842751 0.45807286235473965
0.6025983637836019 0.5961080591800028 0.6242666581617023 0.6051441131938721 0.5755303621341588 0.5673303909033738 0.5616099489890365 0.5568024161831195 0.5241686257606188 0.5271304987392418 0.5299431563644157 0.5411975104830887 0.5761599615758636 0.5778417556036095 0.5592076702464449 0.5999175733026471 0.6320330919149731 0.6088165876609355 0.6399392881738313 0.6085946272845012 0.5713309475307351 0.5714593067245434 0.5689063045290991 0.5651680223817653 0.5561238586122212 0.5353652294580863 0.5066508010383622 0.5016654115420133 0.4861758586997167 0.49289076325687664 0.4772219531283931 0.47308746082811814 0.4626222810187367 0.4060824631594708 0.38670280708837695 0.43202050644190726 0.4478119048622393 0.4368160010059625 0.4143827355599962 0.4637748070402418 0.4768901149686924 0.4712681149987969 0.4340248744273604
0.5984054300178537 0.6130246155802428 0.6092475687501624 0.6031987357680231 0.5609850716246438 0.5495035405253309 0.5641775891321325 0.5547620772137155 0.5588979863410454 0.5512875557416229 0.5458109725943645 0.561594867919798 0.5468399574024028 0.5627369820796544 0.5758919419539753 0.5703364002126987 0.5768196664772152 0.599142345684981 0.600680823104853 0.6055523244979499 0.5870143307676191 0.5704499749848304 0.5655398684988633 0.5656055389069609 0.5337879135906014 0.4922407385436841 0.47436528095382197 0.49804205607255614 0.4685921810452588 0.48045194507235467 0.4412874242878749 0.4435539869930162 0.42947365365619394 0.4348062927300831 0.42631294752410687 0.4328950626128055 0.4534468481274651 0.45503465717662067 0.4146148649214129 0.4241194595904979 0.46172728808800306 0.4401486425970811 0.4550623992606544
0.5529216382781103 0.5944574339862715 0.5922035974579984 0.5985382011404281 0.5560892273098801 0.5570065621522421 0.5451539877380085 0.5759068886082783 0.5637839293795559 0.5673815528138112 0.5355044460830041 0.5566340204465607 0.5392409094161391 0.5570525500688862 0.5563452166987884 0.5642936397530747 0.5672572022295276 0.6047552682354744 0.6303859500035782 0.6137099428423846 0.5870925182243049 0.5596867324937626 0.5804217255626488 0.5412412698983851 0.499594601419883 0.5010174968010072 0.4653734754690331 0.47225216267461606 0.4638230836983909 0.45604823273065315 0.4240532972584055 0.4415976537826909 0.41271981217496 0.41074346981347376 0.41798007553949107 0.42372778342981543 0.4490914382498209 0.4207324057712824 0.4369700357646313 0.4242226952217208 0.44699282767297 0.44811723503138945 0.4428569099121837
0.5625467256541938 0.572501048741271 0.5593845988454501 0.5628882624923695 0.5765836173226301 0.5688818977207695 0.5987990409129695 0.5959002510358703 0.5927524160546684 0.5644629467755582 0.5492750981013932 0.5790498506996876 0.5617331894519744 0.5586909820162275 0.5658664691174909 0.5503422375194496 0.5661617260136824 0.6166420730827762 0.6263743555254763 0.5829555837398313 0.5777480960150274 0.575246137609318 0.542164289747032 0.5176502278030144 0.49876865538739695 0.48344101301920916 0.4774068681241993 0.4709342980648278 0.4613403390071585 0.4226865512080604 0.409799874840495 0.41693172599649136 0.4373472197746549 0.44980434474516484 0.4273415900617497 0.44907718662378976 0.4471221623887081 0.42494161735836555 0.4159810389592579 0.460680690466353 0.46528282671912957 0.47624766846824595 0.4649437036400686
0.5693161649115732 0.577138752788146 0.5486132406459249 0.5494903010509078 0.5728287035879547 0.6084668283958488 0.6284161379349732 0.6048095452726746 0.6159594769831712 0.6032841287862594 0.5999205269455548 0.5750938856429714 0.5978248109569221 0.5561147822040446 0.5376137888103186 0.5726561307418927 0.588796775834492 0.5949983461254352 0.6076123263177593 0.5679145515278446 0.5398553645894936 0.5275879044378675 0.5322029634993682 0.5091814430022708 0.5091060837681912 0.4952283056310181 0.5004647382379503 0.47330388256036576 0.43662876738778555 0.43022690914260064 0.430952519281696 0.43045766318419904 0.4678646123116719 0.4717167567452935 0.4644538871773217 0.44886835973287204 0.42871255257947677 0.4257706903325109 0.42328251658523913 0.4373129435583734 0.4993422034503158 0.5054358479684564 0.49009790791928065
