Raster_benchmarking/continuous/raster-155.asc
NCOLS 100
NROWS 100
XLLCORNER 1743157.3719232855
YLLCORNER 5469289.264097283
CELLSIZE 10
NODATA_VALUE -9999
[rows 19 to 37 of 100, columns 43 to 85 of 100]
0.3109799348905116 0.33859961683208295 0.355905768127334 0.36715751667575736 0.36241757660390145 0.357325424842372 0.35927277633139987 0.3639325652160038 0.36206329618388333 0.37768863771845984 0.4051292150821574 0.3762543831447835 0.3716220797838079 0.38786181780386386 0.366701799928222 0.40249490223769235 0.38870525910300135 0.4183270939680029 0.41454388828484995 0.4039573542366948 0.40585194883634096 0.4406876830796321 0.42958102434560286 0.4388356245358018 0.42089771357149935 0.40904007248518937 0.3960103041630077 0.40806294005998256 0.39816312062574694 0.364096868949725 0.3741679856371411 0.37148020481093774 0.3690468991334311 0.3566052560834096 0.3262291284122169 0.3362858364057551 0.3018121353066774 0.2662468058238375 0.24575802955910406 0.18966245214017086 0.16871158753302296 0.19457782678292507 0.18263946309816373
0.34421752576047493 0.33699612453561384 0.38831800864498617 0.3688807653481198 0.3445938757252584 0.3376304599975531 0.354307730244648 0.3877962495087235 0.3980188330216503 0.40081982662764354 0.3861392386779892 0.3601565093603001 0.3422980873686546 0.37138029380863685 0.3680334753573999 0.37125887917741685 0.3833651348326321 0.41998403890848623 0.4198716905789974 0.4436133448308299 0.4152410423433836 0.41092994749302547 0.417033455932801 0.44064762550159997 0.3941529011536678 0.39429620683218464 0.3789467293937189 0.41004228816087784 0.4019254495463565 0.39712994818913555 0.36080403737537553 0.3601087239005998 0.3296477340460659 0.3344451142693595 0.3226536913812664 0.31233494298423836 0.29596703506691385 0.2359771610128543 0.21241571648193422 0.22944141143603253 0.21599906482876724 0.18689079317476556 0.21445726593445036
0.34164610782371196 0.3750751221797948 0.37527982614581623 0.36834129710828056 0.34604843029474225 0.3740016250611676 0.3829960462557698 0.3999760072543188 0.4211117594734983 0.37881507146600774 0.39879898221713067 0.38619332026852365 0.3567610530853824 0.3674876738134456 0.3882096377276308 0.3950975838229924 0.4123867573279732 0.415122530856478 0.40251210933744563 0.4392344120062674 0.4248569221299751 0.42414058700983714 0.437382952141142 0.4188504259920032 0.39917248918116904 0.399449177742196 0.40629598320075494 0.4056662059068486 0.39690344359562096 0.3813937643712788 0.3480016856395226 0.3495857869136183 0.3443569666331378 0.3425264710205345 0.31554500923158785 0.29412998600065204 0.2947505867741542 0.24816740755317535 0.21480715616434962 0.20602840574895073 0.17919909482845145 0.16830057032340354 0.16827380460167754
0.3388909130733109 0.34527167864932895 0.3456560615231412 0.35374768169734394 0.3956048931116121 0.37303417097939867 0.3624001425749383 0.4116469624926994 0.42918102840471123 0.3987750383302897 0.39832990401637536 0.3884740201461117 0.3364102098549879 0.3593459870836948 0.37979857073612716 0.3732356581260516 0.4070121226226494 0.3894001758904909 0.40844766566804536 0.4385501053102576 0.4399846075428282 0.4646240084830596 0.4646902994663308 0.4471115473002397 0.42687212369776595 0.3983911106257822 0.3799849351081529 0.38387675027829177 0.39416044328226474 0.36155392379714313 0.3278854520228302 0.3490405355954546 0.37048351472944446 0.34316239728773706 0.2905739252313061 0.2782394190800456 0.26696389632428863 0.2383060915427862 0.24054821841818735 0.21311952659414243 0.1702576286504657 0.13505934414336415 0.15398846445289538
0.3215983390282235 0.347628345914563 0.36202511765620754 0.3812858562057993 0.3662355136529278 0.3795137708402238 0.3964891196307221 0.4106970606252639 0.44034111669666354 0.4389977855630942 0.4031450900975323 0.3753227117125137 0.35688676154253945 0.37519376205275434 0.3879390865371758 0.3896322769469669 0.4376834236816988 0.40522368045722057 0.41976093566390277 0.4267727734853101 0.43447550573406923 0.449894556144782 0.45571261610005426 0.4511233616427987 0.44285121778875003 0.4295055288986448 0.3923144937575628 0.3592949480372858 0.35235888192708475 0.34613733161113874 0.35899310187939504 0.3306874963449811 0.32916207226001387 0.283556566780982 0.24978395479954763 0.24216096121735886 0.2678651831965991 0.24714498418958705 0.2064252846078648 0.17732552410193186 0.1270315517874502 0.13432285433543684 0.17060339865449753
0.3721604429391988 0.35554964006243506 0.37106347729989775 0.3825633572483226 0.40730268036875156 0.3803795132517358 0.4038559413711131 0.42913449780702634 0.428922442518945 0.41885925731840384 0.42543148794818414 0.40643811217663217 0.3957857664014078 0.38996569748885723 0.41664904200196384 0.43121181531389363 0.4530409666001445 0.4118992209718552 0.4226723917788174 0.445221247388764 0.4256435636688734 0.4489828118834936 0.4112104219187466 0.4215439938968755 0.45337538000020666 0.4324810339250824 0.38869141332509227 0.3516473533871297 0.348022982300885 0.3285903324677009 0.3317402427359202 0.31477400076764317 0.30794159703627083 0.30287395698889985 0.2602544501551317 0.26516994202930694 0.24491704453811786 0.22727053026292252 0.15304374168372717 0.1457655308761804 0.09741988699220783 0.14397458431146368 0.16114765047031007
0.36904258296108794 0.3449785412450827 0.3790874877024438 0.3914396804630922 0.38767470276152166 0.4003766979081787 0.40914162936162035 0.43198837969142306 0.44387793527609676 0.4590160521093386 0.42721497482046705 0.4203040199459539 0.4265428033364862 0.44765084158905555 0.4442709976007312 0.42897265881757574 0.41290559330782095 0.41524287440899155 0.44967828899539897 0.4265039125298272 0.4560453684481098 0.45302541150938774 0.42666569062665416 0.4570919413122705 0.42693867048865575 0.41744717352458155 0.3904299878036954 0.35111352818230884 0.35393695874768305 0.3449391744418282 0.2959436858492824 0.277640376033151 0.26949491969411493 0.2772293543668129 0.2700659112595429 0.21615694688098447 0.22818970500675503 0.18276983501663716 0.17700448668808247 0.11630203166751218 0.11252407606098891 0.12051450372696754 0.11337972992921116
0.3384686187034573 0.34611767734946985 0.35495415515750256 0.38399202452716774 0.38891509176905015 0.426889903184339 0.4233590348558539 0.4400427395654121 0.4701996511914509 0.4574536011520621 0.45865793304916913 0.4446900725883544 0.46964408099484817 0.4344486544131665 0.4272585368598286 0.4246944528319807 0.405160680831492 0.4470132311819414 0.4509350105432972 0.46395753166581866 0.4998093830198139 0.455506284788997 0.45594586341992116 0.44009926635332963 0.42618045591729686 0.4294513248763728 0.3826201020016563 0.37327735176255206 0.3403636475080532 0.32676534911576516 0.2731849357751618 0.26975735475864254 0.237812560701906 0.22643283803641087 0.25471048616958547 0.20420311718966339 0.19532063799019905 0.19337813625827488 0.17779021516986615 0.11447558767167815 0.0679661290905524 0.07042316010309761 0.07680684275116224
0.34202850574091764 0.3325683671943589 0.3745223363862208 0.3988847057891751 0.39962062285323546 0.41110555843385344 0.4749821329704654 0.48199168074127596 0.47505130305742366 0.4981721223608097 0.4575152453753348 0.4648011545873255 0.49332638093633924 0.44646025916373616 0.432093733221721 0.4594717507739669 0.44983899753062095 0.4404236949970764 0.4470793413642961 0.4653843198896907 0.4937811681690845 0.49204471410221856 0.49466843614514383 0.46453126258011623 0.43581721684628255 0.4179025955329147 0.4043894048726235 0.3722087493206618 0.3622193958497367 0.3109963675802542 0.2974154857526745 0.25239204924860487 0.22926408904833623 0.20853728315538406 0.2031491873482797 0.18244769908744662 0.1952245966012138 0.17494792039065085 0.1880993272007857 0.15318671775697984 0.11298280934106718 0.10597223080784161 0.0779636773907447
0.352365187447014 0.3609648509486704 0.35821571087315657 0.38743274848672354 0.41843599022091504 0.44534139235602743 0.48453559557672465 0.47991715986745737 0.48792680983558007 0.48703435405922924 0.49324851609559267 0.4641368493391956 0.493925343627545 0.47834432815865224 0.4557984957172001 0.4409098489206138 0.4500603167606124 0.41937270817169 0.46274559950117017 0.46269303205941215 0.4387631898755659 0.460782284381591 0.479976700565204 0.46383253437456246 0.4237127412127241 0.38104102968572073 0.37680580328495394 0.36319609339787645 0.3538427075215033 0.3121676100826347 0.3012521866286757 0.2540735436455511 0.20710222945428114 0.20431010894657725 0.16759599582419032 0.14118479760201771 0.14199436313530112 0.1452412037800993 0.15610268062571092 0.1212821651303296 0.11959588991683251 0.12057042543549042 0.06923081304976811
0.3454396427191306 0.3532997293942243 0.3567935339154225 0.37895492482654325 0.42947177588027635 0.4491218609799147 0.45941410672374894 0.49228304709173376 0.4720048805903919 0.49750141199802866 0.48860271940624084 0.4541132239479039 0.4345185860871753 0.43578156419402314 0.43793213740082026 0.3997247068007942 0.3988106574100514 0.40443965278366073 0.4282994405068324 0.4495050975031024 0.4393087742267504 0.46572737132413605 0.45959716931215133 0.43055828492643083 0.3958483878833554 0.3861439437348321 0.3871883890375383 0.3348030295154537 0.32378916694967824 0.3092394592420574 0.29257333257963025 0.256181090170075 0.21391127022579648 0.18127773485123186 0.1591047208345908 0.1419164707519556 0.1660699307389812 0.16716698781569891 0.1555476652139434 0.13549316863776384 0.09633524760812748 0.12338067917995099 0.13396744956756343
0.3457819134844031 0.36687435630913257 0.35512983576104157 0.4014125685217329 0.4476274030526994 0.46524272721479526 0.44736590054311065 0.4791447242428418 0.49511435336193005 0.47546082958503216 0.45221511606553655 0.45706936536702947 0.4260905784139625 0.4060400714117499 0.38363222527342694 0.35643267337934714 0.3726277625460244 0.41355948519989083 0.409646355135018 0.45023798101387447 0.466196098286341 0.43049186286113883 0.39510864137804635 0.39636882470745516 0.3654981878977145 0.33360423862308813 0.3514871771263919 0.3486374647307705 0.3435491989924388 0.3071486275687479 0.26021675524734617 0.24526674546420746 0.1740918109513653 0.1468984811074755 0.12017075493595414 0.15941973903219075 0.1709649311025176 0.15242735008156888 0.13654937391218144 0.13119683650225172 0.1007598844590909 0.09446855516848936 0.12420717728646664
0.3633620232990951 0.36696137404646784 0.38384910258664917 0.43887688818967885 0.4421305062741719 0.44023661281253457 0.4377643921452864 0.44783573944239297 0.47823124361275604 0.4836585530649044 0.4338761690363941 0.42954692505141656 0.41066637890466406 0.4165987370671353 0.41397599005875324 0.36774398138987374 0.3786583584724037 0.37558973693234454 0.39687032253593474 0.4262630874345335 0.419135269622432 0.3890381020197134 0.3719085640661656 0.36602931516770026 0.3548272619755613 0.3224174335482318 0.331899238433909 0.3506880266799645 0.31827218471196494 0.2887628082726684 0.2571539123204985 0.2236924285226323 0.18275026854860937 0.14664473483693521 0.15696485314149997 0.14694951165624487 0.1764467905246888 0.14373629270071706 0.1274963654695925 0.12355052228038643 0.10634921496835428 0.12628238714768367 0.1304870924179779
0.36923533336123165 0.3790592244634608 0.42307770699539177 0.43199537602490456 0.4796084637871193 0.4635236467820786 0.4429154757349671 0.4794042844359268 0.49067889166395595 0.4700687505316239 0.46470884155396147 0.4608805675544136 0.42324713720758855 0.4250122089267569 0.38852196365281333 0.4158311070596896 0.381941824150901 0.41988835799119145 0.4125312877107554 0.4007532307207384 0.3984010461849923 0.3725341142798106 0.36990524132803587 0.32718896799096164 0.3235803967931898 0.31163942371711384 0.3331992938071486 0.3196163539011452 0.3155783859926804 0.28982536497567396 0.24083783805674805 0.19082910751294233 0.1344719623268095 0.12764427154492747 0.13312793734779668 0.14260699868344454 0.16546396072841557 0.14819432162381457 0.17231741301104436 0.1346133697431968 0.12740114082421383 0.13914706822477613 0.18666150156853428
0.3917481068608 0.4244477992110076 0.44432472803228656 0.4693635937521197 0.4509859479813721 0.44611957329930124 0.468958485959268 0.4525960533620101 0.44732562950589655 0.4420501373937086 0.46168089802109896 0.45611313425656363 0.3942257907537567 0.40077889778927817 0.4082988685621081 0.43014224693567216 0.44416412723565185 0.4340383708223714 0.4487899951454202 0.41569244283182333 0.4106758084967469 0.37021066280333337 0.3529712989472491 0.3392244455106965 0.3689190159436789 0.3484465038578686 0.327096317280594 0.2836834718280398 0.24898781515651594 0.23338873314496603 0.2036179463284027 0.15714885027242714 0.14739752410828533 0.14829131883140473 0.12393320038831836 0.12838315616976861 0.13894699555558923 0.15254983148266482 0.1467880703476925 0.15615863426553456 0.17399913127094768 0.18792923690394148 0.20873838488233248
0.36634530153463685 0.4496836344101622 0.455706979021479 0.4740637345131759 0.4880677480273545 0.49012165957816267 0.4380290351152362 0.4552625407663217 0.4277428953549359 0.4411703218194519 0.4574151823666084 0.4568910733242376 0.38769646302314387 0.4438720499159945 0.45424978149014195 0.4626007435373013 0.4422735509796558 0.44202492437377794 0.4712528617943099 0.42721478559434856 0.4248958010454105 0.3935348354475488 0.35210894721040276 0.34230064147836214 0.3805699528926899 0.3318266532335732 0.26116792909996744 0.27651881367275916 0.21325814343148547 0.2078684623386068 0.18447759058619645 0.14618226994880892 0.15519196174408423 0.14467167168748288 0.11567512845060132 0.12961623483899198 0.15527108703215942 0.1608577602661087 0.18009704616293695 0.1924321361306778 0.21471808799641076 0.2387282549187592 0.23700539604387658
0.44471344573030325 0.4812194286711475 0.45836414535492603 0.478120968422308 0.4780733037593357 0.49303646459064304 0.4491344830196059 0.4421114643949166 0.42813487737155603 0.44178161723857223 0.4387605229190576 0.44819006790134347 0.417342291958391 0.4335638006707061 0.4277418531567135 0.45874061660598703 0.4254526297784511 0.43753449388308313 0.46931271810521746 0.44038124011814284 0.42320620739909665 0.4035726643838655 0.36599366598638616 0.3384114446439775 0.34580376618877673 0.3122905405883021 0.2799718674678859 0.2561827595252134 0.24402259094204348 0.21409377838871121 0.15439530035524965 0.14059455312882563 0.15009786567864644 0.15848664160031323 0.14161281550393182 0.16145017966332895 0.1541338150693027 0.15169990416525922 0.18862735527994554 0.1981713780947821 0.23446876348148094 0.2289000639373402 0.23471409765161058
0.5144835315938869 0.524992676714445 0.4914337683328787 0.4888820919085652 0.49490511325943615 0.5155793585289313 0.48935799379367 0.49379712642830564 0.4650581297631432 0.4755915669433929 0.4427422220756336 0.4451793091549483 0.4796957822212471 0.4453992933293473 0.44436410815157373 0.46387013612565686 0.41832372594451434 0.45836140712916934 0.443734310073994 0.4619554209532231 0.45578346265778014 0.40539463985869023 0.3857009557704781 0.3668518670385214 0.3028529606751941 0.269878483299325 0.25059257414096325 0.25797777180312953 0.23988703653554722 0.2088777509648684 0.13942664848881461 0.14851281140985145 0.16120825040159456 0.13271356378906687 0.15661717091521127 0.1606989525043582 0.16397247322460898 0.16377657961197148 0.19313747628512393 0.23683768819751372 0.2336356597576532 0.21644538871292768 0.22954594816982438
0.5289206137281213 0.539674627472601 0.49779950503762666 0.48286024200218713 0.5098793024676396 0.5350853179005804 0.5556871653159894 0.5440771254330746 0.5090455463873558 0.4805758234964773 0.49414434199549734 0.4787040049748332 0.46140303801801774 0.4837440848211787 0.49566468150716936 0.48231571616717234 0.4798717524335044 0.48003516174978794 0.4547771913447592 0.4587620047000309 0.41688858934650314 0.40518157305676283 0.3805199273774954 0.3741130819445944 0.3009987409454763 0.28580010076272144 0.24486510693274174 0.23548971738579563 0.19706382741341183 0.20206186659020176 0.1774140566537864 0.15077509257182128 0.13625090724652003 0.10169960890807425 0.1166397987708019 0.12170613208336352 0.14642677889628306 0.1816154050782777 0.21136606128156862 0.22663815292159378 0.25246643003722585 0.2330335971023175 0.22854886746551906
