Raster_benchmarking/continuous/raster-224.asc
NCOLS 100
NROWS 100
XLLCORNER 1743153.7429765423
YLLCORNER 5469279.677463895
CELLSIZE 10
NODATA_VALUE -9999
[rows 0 to 18 of 100, columns 43 to 85 of 100]
0.5324119255066141 0.5109814745974043 0.5112735715880323 0.5100220834605363 0.48283759795082654 0.4502349129510728 0.4159079452944863 0.4023285303693745 0.41261628482149276 0.3670079224372332 0.36051203126762377 0.34593440738130266 0.3208852724943279 0.33079269139865575 0.3110978934438759 0.30368980417367375 0.30128634509833807 0.29582221348465637 0.30252334282885 0.27687940500966474 0.253756702648775 0.24447525290629585 0.27846079191639295 0.26594787223720356 0.23368479359795322 0.22045295050894706 0.20940094046565652 0.22248662730653956 0.245926549962299 0.2474153888366219 0.18587033753575544 0.20073786810955327 0.16791055753584966 0.1787562897210067 0.21749012737571224 0.22168655756064867 0.23387797855226963 0.22495338366882361 0.19843289166460873 0.18892831611183789 0.1755551334237607 0.15856983849400308 0.1481919518182834
0.5405258985594408 0.5250882582382709 0.49802640630463846 0.4989187348034283 0.5004813651858973 0.44815807646858435 0.4238763051401633 0.40755607636846247 0.38058482065332455 0.360576899734443 0.31658032661031354 0.33788602671505885 0.33306419552819044 0.30959767116169923 0.29331226328940435 0.3094226828140251 0.33030103943865385 0.3122614346014428 0.315430310769677 0.3067615234495266 0.2722812306055585 0.28666059119549214 0.2763295681423772 0.2878178962336638 0.29200760696583306 0.28253645877270206 0.2473818143998228 0.2603446352630651 0.27505605250277354 0.22780061826624562 0.20364778774358847 0.1821744205618182 0.19948874941956857 0.22697863717843136 0.24377407867534756 0.23297306133200305 0.2152831134092158 0.2484885257166156 0.21395254046753445 0.19986897321889668 0.1510651661205601 0.1366371104794424 0.13171498127508494
0.5590338022321502 0.5534948234703936 0.48980534388456154 0.4881195729514991 0.48696065817195533 0.42921106774489043 0.3985961199523136 0.40404258400289594 0.3637274559466477 0.3582783924349071 0.3248637369050384 0.33328644304804794 0.3488517074968214 0.32409178741252287 0.306303927227659 0.29327352496522474 0.29427396902017317 0.32771143404242714 0.3292894957504509 0.3160299616465066 0.2892240983796798 0.28114640383824246 0.27494762109605536 0.2742735313245334 0.2638527516850544 0.3014321201970643 0.27443057863526354 0.3017442050475626 0.2793334092129776 0.2783628297896143 0.2314862777708161 0.21136314649961055 0.20606649943803904 0.22074952265057318 0.230096054694837 0.25036881643192493 0.27287932185578856 0.26076522063156493 0.24602100251269124 0.2174246263436792 0.17489815123313396 0.15402396610013627 0.14995157226574624
0.5903127660136844 0.5554711587848793 0.5046168043235486 0.46928928572988526 0.4476676970174648 0.42457199742025914 0.38798092023910286 0.3895652101496194 0.3795548345161261 0.3374951000436781 0.3189667479194027 0.35927444485131005 0.3565869341993194 0.34814599716573935 0.3141351159650391 0.3276310214010514 0.31653732120103767 0.3356747668398748 0.34644060247747455 0.29340121628298976 0.2580948900167623 0.27463004529209856 0.23509811701652022 0.2600355216392641 0.262037890864426 0.27892311186732244 0.3165888425987964 0.3197426927413977 0.3002643137937708 0.2827131668043626 0.2619321959257903 0.2560790155504902 0.22430411552663657 0.23781708357211012 0.27039426789648713 0.2809891859416454 0.2965460432856998 0.28876483201558695 0.26754492649000494 0.2429325881104033 0.18683380128745786 0.1571062338066208 0.1358119026091611
0.5718371077855589 0.5417248849767019 0.5132595445934928 0.47901269576937433 0.45908933744173 0.4412475740591467 0.41424214540262866 0.38267678816846995 0.3620734220492309 0.3803497134852964 0.34595711991828887 0.360548560785026 0.334447001620714 0.34581953924498154 0.3206497635506715 0.3300040294304004 0.31572473124747635 0.2933516850799258 0.29423849421425613 0.30564854822359727 0.2592402883980045 0.23318036470677017 0.22749220904794304 0.23985612961864072 0.29111256687514614 0.2878230006570299 0.3206357000041222 0.3010111418182295 0.28236049609876707 0.26146745409064803 0.26127898929676113 0.26737735668493956 0.279565177742802 0.2592062041496969 0.2935312797022521 0.2950382215853211 0.27372342042247805 0.29209660779484764 0.25368242410374137 0.2484279426403838 0.21339899569890314 0.15847733143410653 0.16457939784482084
0.5544077247491523 0.5510823758446225 0.5297257011046984 0.5015985464084969 0.4826078778619845 0.4430529804638746 0.42366501714292226 0.3759611867788112 0.35462677527683173 0.38271610201175527 0.3839435165757275 0.36574704420060433 0.3291638974812762 0.36162459133987734 0.3531139591331744 0.29807069178633 0.27323083918596963 0.2805602391708849 0.2916385748212193 0.29414464419248404 0.2417081186786344 0.21968550763444802 0.22053196551543242 0.2412717766580937 0.3124968897196154 0.29575888678151624 0.28693076085306507 0.289956789899549 0.2674526191862423 0.2749319317560848 0.2530361228101576 0.24820831080791195 0.28123801526413383 0.28334436181333716 0.26571565062593705 0.2896210477546524 0.30161755602309603 0.29415638053812204 0.2731562054242782 0.24154365196639282 0.17995862778628047 0.15026120819345679 0.16805728276065354
0.5203397138292195 0.5206237492827851 0.5365035398203051 0.5144747040074901 0.45910844693452046 0.43840165084963495 0.4199144956637339 0.3944100181373623 0.38944652604453484 0.3798628968726052 0.37607040636365446 0.349049454684969 0.33179048870675104 0.3355508603810617 0.345782555264029 0.31664683607078564 0.2725008988493111 0.260367661509851 0.2725765411799897 0.26226702676004415 0.23334264212018338 0.24064813832489354 0.2246715529564155 0.28058314435660847 0.3098436256247253 0.28650794215622677 0.28551288841820005 0.28380447622044797 0.27979023100052103 0.2735636769966522 0.2315825665620602 0.2457885214346529 0.282878682383566 0.27131766183458905 0.2842253229050986 0.29320156105009515 0.31469681295039387 0.29170713312681495 0.2504726555060827 0.22530294902986212 0.19069057934791628 0.175120982848811 0.1772789030262226
0.538301705178093 0.4981754036751971 0.5336545253627207 0.49803100698058517 0.4824345407272875 0.4474746493539757 0.446010545494673 0.41952117837295233 0.4159609027982995 0.41399093149881866 0.401466785535347 0.3618338801792119 0.3694399080597274 0.3644741591311834 0.34782102623129496 0.33287103784123495 0.27145742662201144 0.23008560562909364 0.2331642639473007 0.2618311899210907 0.2528294273574572 0.22900612218679592 0.2433937911627143 0.27497917391882065 0.28560630616102406 0.28363257157547517 0.30603583015820973 0.2611173643560977 0.2671177416670605 0.24318671150684473 0.2315467478016548 0.266659070832789 0.2814021004168368 0.28436128762809143 0.3151497381092297 0.3270730206430238 0.2954251118113171 0.29063659312622714 0.2538551052811981 0.2551113335772447 0.2271045104781835 0.1749311130609004 0.16556120468246038
0.49686733404384253 0.49297350212926855 0.48000728139339466 0.49627130699900146 0.4628607333381114 0.43610638124152545 0.43441744593765425 0.445036611554762 0.43634083778394017 0.42470143839257235 0.4249117607637415 0.3932938572254691 0.3588718653080777 0.3486140225537736 0.3227315404666776 0.30266360116776225 0.25289384884231425 0.23689667898170888 0.2569827292116756 0.2727702742014025 0.2670182351154633 0.24094563459647 0.2777088402365439 0.28858631201348706 0.2901241029208577 0.2929080939985245 0.2815513370437141 0.2765864622273754 0.28751112746151786 0.257765141530717 0.28581424826583446 0.2980905694096189 0.26852571853455864 0.2917148534860155 0.31267843919767824 0.3164818094275951 0.3003406818200917 0.2952565209640375 0.2755404750309278 0.23864096850879335 0.23561625865462305 0.21412135000595564 0.1778802032722195
0.5112206246558525 0.4975091680576172 0.47765201113102657 0.4600045482271281 0.48457819229404486 0.43993887678032345 0.4196010237130818 0.4529746834837478 0.4473132590354344 0.4178243659884577 0.42450267318709295 0.39327379386360506 0.37171182610145775 0.3583744169312292 0.33431847425705724 0.28103801024947406 0.25129962063693884 0.260849879232191 0.26732879666097725 0.27338620610913683 0.26697808928675953 0.2490767823988014 0.28916396726410815 0.2661239858442522 0.2825387034890619 0.24447478577190107 0.2462158746503555 0.2369713145755224 0.25739458157677236 0.2712717689726137 0.29588250081293843 0.3091795175989349 0.293834775877841 0.28985898772066704 0.3253292129603669 0.33578620272953313 0.3066054119592914 0.30944091413213715 0.29773420004672146 0.24584069436337144 0.24303712449904183 0.24305778124208527 0.22772911066104073
0.4603099663789304 0.48453767864876807 0.4818282595168267 0.47365972008529833 0.43739941399132987 0.43050427143854497 0.43517509110559116 0.43962386461716396 0.44609020050452913 0.43581191879839437 0.4080407441443645 0.3969534648295185 0.3722356786893975 0.3310584526210207 0.3082265484265673 0.31032935433134917 0.2698443235825285 0.23707399513921557 0.22338601144061332 0.2546698275736111 0.2843071577382929 0.2799049073160185 0.29410790121217223 0.2747715272930357 0.26536540163846983 0.2320223873222861 0.2297213380087054 0.22928490858271935 0.27745908843935907 0.29121615306130855 0.307724641857684 0.27845210892143535 0.3137716953081447 0.32094326457527406 0.3368260276136939 0.3119687294923906 0.3251025406954768 0.30765439386067717 0.28158173131539793 0.25620981747059135 0.2200801090258002 0.2318294504447489 0.2143386586739763
0.45733428372524965 0.4448157108541498 0.4577178247655719 0.4325559172407626 0.4133693807825136 0.3965540457442116 0.3845875525484364 0.42698578080574684 0.44109392767467565 0.41442248965009587 0.4184010598498944 0.3974440336635165 0.36577113887163193 0.3534876145998375 0.34144696080032055 0.3060683035446667 0.27279914812006617 0.2640190618459603 0.19355695663506103 0.22538814220580392 0.28303142095945816 0.2861358059170212 0.29464127582834415 0.2918370021268931 0.2568714187621903 0.22989678697551122 0.19722734524616356 0.24225617611333367 0.25037902007545143 0.2603633107376357 0.30345160749163075 0.269984487376345 0.2788943417293505 0.3178234540262721 0.31438619395240053 0.32052942854442656 0.29199488099342835 0.264900649940284 0.26789725667667963 0.23950584999970134 0.23976822295839934 0.26442189454049436 0.24854685025396964
0.4567810392608316 0.4711009575304311 0.45377098171892094 0.4254625981646817 0.39562366737293864 0.40845949129800563 0.3971346738123895 0.4060898636432572 0.43130839406703075 0.4151143621090015 0.4077930765683467 0.3788143672916357 0.37521023397991843 0.3637709511412086 0.3338953596743688 0.31581005432513337 0.30408823063719614 0.27625295398025956 0.27212678763834985 0.2554259707384527 0.2517897839079794 0.2828120820540262 0.2919580113246882 0.27747292527217726 0.25291294456693597 0.2549494249383363 0.19612074425706638 0.20289127200048085 0.2257570882964417 0.27609341252158237 0.2766964281099921 0.29323133052913813 0.3109372169551358 0.28967223845623274 0.3188929958082603 0.31464350067373115 0.2809125056105902 0.2761966609695824 0.27881753475516724 0.258568855396183 0.27707911415353326 0.26886958720897186 0.22792824559467914
0.47388426184202453 0.42439450019298264 0.4111884559124626 0.41997811526914436 0.41266298632114673 0.3808081569547344 0.41415374234656177 0.39558185065863416 0.3807867658392031 0.369034173583081 0.37218777351870275 0.32663152503239784 0.31694277356638484 0.3300843575640709 0.35796947083991987 0.35034336672560024 0.30235900229496293 0.29349587783576425 0.29771835997979423 0.28364904571560096 0.26908035128957425 0.2744356369389179 0.30224733706305945 0.28453797379146556 0.2923452674200813 0.22789147376943666 0.19787939109239028 0.2059228874411978 0.23695543207606268 0.25254059600383005 0.29102604267214877 0.3299078596733895 0.3330651569519953 0.3281993230697377 0.3044377374627109 0.3282250184284607 0.315603294577848 0.30045655054174636 0.2859403520480689 0.27517888847938926 0.28456017361706665 0.269264379458204 0.24992719298860644
0.4699370400279587 0.39942763491598093 0.3995897128060434 0.39772337626459964 0.4135462220122184 0.3701064857260059 0.3657684010738847 0.3926184172969723 0.37322496151285905 0.3752443077962036 0.36159249495553253 0.33137647587935 0.3365428140636989 0.3511322292173645 0.32909098197269543 0.3351575653858745 0.3094855292724905 0.30728544457135626 0.29152658818195487 0.2866413954561299 0.293428354770481 0.3034501859710269 0.31256364820344107 0.2681050046045562 0.29148148865548457 0.25096970784037365 0.2346816130456298 0.20903484654633617 0.2310796935303574 0.2942282548932041 0.31073193405647903 0.3304861480772443 0.2986408189847988 0.3135226190740226 0.3190602847892086 0.30268136059196277 0.3072759479193683 0.2855174748429362 0.28009094953414937 0.26241432438764234 0.28899553598741257 0.2491285288512194 0.2650758793341354
0.4413325905749962 0.38788090586107543 0.36148659234204333 0.3933360891503831 0.3808575740531075 0.3786978798913878 0.35669362316365677 0.3678421618621204 0.3458519870365147 0.3513681082224219 0.3166123329074586 0.3248654704044828 0.35387085548246044 0.3585694970133707 0.3323177752520973 0.35922439748709434 0.35922723764059156 0.3439872512980788 0.32810699741478183 0.30444335226242086 0.31394368487249025 0.2941797371182811 0.30641695751834885 0.27603589317576605 0.2635116661541785 0.2482459126115358 0.21652064880045818 0.22735162735595763 0.274566242997715 0.31773190031852655 0.32551064812651753 0.2941474738867356 0.2972203819736478 0.2708917499933006 0.28099621326379504 0.30016758396172594 0.2847360193956463 0.28585307468019705 0.29129738900501695 0.2661820253898612 0.2774851894614408 0.2553250169048987 0.24566430990137478
0.4411699177388729 0.3885684984339301 0.36720936590498177 0.3837434552028938 0.38376715015160556 0.38853864587508613 0.37761983263327564 0.3687440609813197 0.36569193743566636 0.35952580677067164 0.33043064472693295 0.33783997226137097 0.3130801516879281 0.32257957100783496 0.3509154579669548 0.3549471065029272 0.33913541973631556 0.3463824181944718 0.3156641889312835 0.31759040109088177 0.3066664342937171 0.2958227717947461 0.2951241178470875 0.2615631521023352 0.25383276655188086 0.25851904179935886 0.23114457684386255 0.2425291858063211 0.2730186745730606 0.3125815288178135 0.3208715541055181 0.2758816068798374 0.27033033406433404 0.260666417111787 0.2748677097562105 0.28810260710281843 0.27320793101361984 0.2994131281117974 0.2630165534363464 0.25757725033640266 0.2535760189101946 0.25651483431916455 0.24458596400707452
0.4223572412701651 0.4088016972351651 0.4097575698664855 0.38181756922355825 0.3576675830074055 0.3561090696848531 0.3659316974763933 0.3887552397796213 0.3632026724934315 0.3675671310776901 0.34191079945887404 0.3199104938462336 0.32768427410519946 0.34943616927848636 0.35624114941367085 0.3494622332527882 0.3610509312400872 0.3619497464736043 0.32397352744465924 0.33767640234870633 0.33172073983937067 0.31013173018264845 0.2744989877140934 0.2654918122935717 0.264415299953298 0.2509931579592485 0.27259453167264586 0.2800470750743039 0.2835986790456785 0.293613964899433 0.2852020632749959 0.26448187661746503 0.26214963699368626 0.2821258452449315 0.27848827281336175 0.3014449014886816 0.27566444683874675 0.2741451089972495 0.2634609369673443 0.2382707739828096 0.20241523705751527 0.2327744129254359 0.21903885146839402
0.423416015826344 0.3909641812914622 0.37232569144270244 0.34719185736215774 0.37524742972046926 0.3823998625362078 0.37154707331073467 0.36753434272314733 0.3669246915688854 0.3753010355633263 0.36440890866478476 0.3564769481912421 0.3332531467425163 0.32771269438292794 0.34842877527972327 0.3507563092607868 0.36525585436531693 0.36361155424690544 0.35117261575389697 0.3379140112223579 0.3486306535450623 0.3095562115879103 0.2925036446798142 0.266844940213574 0.24587255705839373 0.26881860594481966 0.27825382027926715 0.28337480563913076 0.29658386492980143 0.298405052502353 0.28619849337560327 0.2881158447837348 0.2867087062609508 0.25454664085964307 0.2891599686503896 0.2864567906749701 0.2836480365213434 0.2466075810346315 0.2332202516956966 0.19441716084173044 0.19055772179873254 0.19824234966838394 0.1700389224904629
