Raster_benchmarking/continuous/raster-59.asc
NCOLS 100
NROWS 100
XLLCORNER 1743165.6251974523
YLLCORNER 5469278.329424466
CELLSIZE 10
NODATA_VALUE -9999
[rows 0 to 18 of 100, columns 0 to 42 of 100]
0.12161883057279411 0.0891649607966408 0.12179593261658056 0.10943550437229449 0.09294963520017586 0.07510656279132946 0.08472787041409804 0.08609021337620883 0.10927466413097967 0.07898838040275795 0.07572800877642534 0.06445964742296759 0.07094994620431902 0.07192669443257639 0.033844165340520906 0.0413062449250631 0.028264227457181375 0.06565656999623064 0.05219632627709089 0.04467384865834129 0.0324622948670593 0.07376388340550387 0.06564372905604339 0.08664652567090808 0.11995916675255472 0.10039595727378399 0.11876632265361807 0.15140570500419048 0.1313899848408379 0.1555400621917335 0.18031041298100992 0.20542067701477976 0.22618216290772622 0.2315394831408405 0.2688389098690646 0.2680116605774367 0.2727946236767897 0.27560886257515793 0.2944502016085289 0.25686991820264266 0.2750280966814155 0.3167022182643412 0.31538695857868015
0.124645554925196 0.08218476280017685 0.09061987129159338 0.09936957598364729 0.10431627780627199 0.11811594626558629 0.12643335090015828 0.09732923916471369 0.10721344071946369 0.07657329001245808 0.04132860212706046 0.02444089143332886 0.05195623910001854 0.04917941342849693 0.02735028938688566 0.007188225269403269 0.04518100961708487 0.061769743016019174 0.06263388383339512 0.034380852471681905 0.016443278426171937 0.04773504547846877 0.0765605056993088 0.05416560453623973 0.07625986118049662 0.0859584151004198 0.08735877302653418 0.11633059125138338 0.1344105940146193 0.12914146975956753 0.15532922118137452 0.18543440523980367 0.1907785916795965 0.22229315513984046 0.25006630109417977 0.2455265131757918 0.25187340490482135 0.2693301480375912 0.28498335293394655 0.2526498834765263 0.2578412297744562 0.31057708014205 0.30500362831645256
0.09854568692392157 0.09584345864735312 0.1185818550803341 0.09841773709468726 0.1268416582963908 0.12855142351568266 0.13437600502031763 0.11788737534930728 0.07645752040434695 0.0617353284235216 0.06175206360699484 0.04235222695068232 0.02661539486760926 0.0406682561105146 0.01545478949896459 0.031171301801201205 0.013738834159125133 0.06353592284749296 0.048682136961314536 0.03929047667026299 0.03945544768700759 0.042640466796631235 0.06307363186908432 0.043682167196304876 0.07156471080445258 0.06302745935059217 0.08752599671459163 0.10993109464884183 0.1141642632442277 0.11749696276793486 0.16264364582148297 0.1949861987533508 0.19380908116988144 0.2532505111462423 0.2662364581494313 0.28289854663388786 0.2945898241101007 0.3112844746837305 0.2864817567683245 0.28921420515946117 0.26706402045802285 0.3078678320070846 0.31965109722845286
0.08826639375771263 0.10104286980178227 0.12189493815638681 0.13057923445361366 0.10618238471118309 0.1273896810393398 0.15154904180484907 0.1250127302068854 0.0691988309131278 0.04862042013370796 0.07463890803916663 0.053686873586655096 0.027065379314943676 0.02073619142338699 0.02042236109497847 0.023361114353289227 0.056214082244759635 0.045385992319876195 0.06724819901044012 0.041605944670222106 0.05411480848701226 0.08173749708079868 0.05653634270056206 0.043935038720681725 0.06882792447149708 0.06346662663399574 0.07203249787828309 0.08711598022057382 0.14363315824001532 0.14639455835215381 0.16773912311147693 0.197951283106598 0.2119340565295587 0.25488679722874963 0.3045835605645437 0.3220312431234652 0.3228228356022778 0.31475015528333394 0.2752983597288402 0.2652151225903083 0.29159300936013927 0.29441083385416394 0.2848674443456936
0.08834277129289322 0.08516640341815561 0.1268121636294841 0.11071543496188468 0.11398624422518344 0.1364014704353917 0.14476098877174962 0.12995413849109438 0.09362596170279155 0.0694450150397968 0.07019804104877017 0.03221733066950921 0.018995953528288402 0.03274702881343267 0.012477926818463124 0.025186448764373093 0.05345100824867723 0.07000898752839374 0.05813746686690053 0.07850080994459287 0.06692763522030502 0.06749762240486491 0.08059065307595602 0.06951327260050623 0.07593605373633838 0.07323266760727845 0.08287342435486222 0.1328884069851909 0.15930539981383182 0.18471804476735518 0.18862624131292152 0.2102624291661643 0.2710104227366866 0.27415626280379574 0.3004118359453961 0.3114149330635735 0.33646900003640967 0.34304621080595826 0.3108982393579692 0.2952465340679066 0.323309690081261 0.31223955208762894 0.32795930433617865
0.07434023383965051 0.09206181036163869 0.11990609009454069 0.14842584025538477 0.14040832169015605 0.13507371451576625 0.12664126244725452 0.10551608198295664 0.0868493846155055 0.05808837283166179 0.05871232431546339 0.035370451959979426 0.043742561035876024 0.04608622712150005 0.048491917123669154 0.017477775595538956 0.04547072868367718 0.06471960149059894 0.09820126662780199 0.10416430051973888 0.10020426238493814 0.09840471074334191 0.06686839873026114 0.06686057150324659 0.07906208453293527 0.07672215292188482 0.09922759062318393 0.1570626895514152 0.1685371853096284 0.21648142499098222 0.23364570803409732 0.24287864284086222 0.28465730045202114 0.302174715684479 0.32045719743128515 0.3517730551738672 0.36718648679313676 0.35622984777763317 0.3530255320991792 0.334927977143189 0.33095751793578915 0.3336980094392772 0.32598840999655
0.12401677460196711 0.11897175674266985 0.12782051560843077 0.14788529721564694 0.15229877031421865 0.11211559861826219 0.1358639399498755 0.0955030128857834 0.07775294689461866 0.06560343431105543 0.04329814388329723 0.06441180482405344 0.04762635774549201 0.040384821331299496 0.04823024156242426 0.027661536381613464 0.07039876803195365 0.07032075589346294 0.08193665463428913 0.12279720534282634 0.11890752446138284 0.11458558704613868 0.10285375702042793 0.0920898936481327 0.10910730186214969 0.10751951177013634 0.14265698508779623 0.1867829808846753 0.20756299609464712 0.20138374968116599 0.2264823668016264 0.27374274130840787 0.3040894847149472 0.3449578676181777 0.35564320038794456 0.3494310678447562 0.3552651539115763 0.34051562171240884 0.32237477925310465 0.3379582950137987 0.34114096629934254 0.3370581233873972 0.34299785112367065
0.15372539706219052 0.15431729996006202 0.12147896597721818 0.13102422508270967 0.10877845647773648 0.11421128906118522 0.09923583734520054 0.10130233377164173 0.06756575014061975 0.09791852087081733 0.05846922311841782 0.06101498395716198 0.07052133108470351 0.04847766942662003 0.06374938967137296 0.05536513882727618 0.05462420452477147 0.08557943088403487 0.09046565827505434 0.1330466895667126 0.11968943675003048 0.12311331514226555 0.12587232962673922 0.16127399679064489 0.13432906277999865 0.1377776879017247 0.1555740501939164 0.1764820153651609 0.20510480861501706 0.22402009596625602 0.2334045773342987 0.2944072100489398 0.3066478933898014 0.3326635828488582 0.36103136147654563 0.3849454442436086 0.3628084058827561 0.3627045038279295 0.3187673573626299 0.3244375288538945 0.34487413933801064 0.31813795269877587 0.3567733176129997
0.13160525818772675 0.142769328627089 0.14150295654776382 0.11915765936477268 0.10729757993911539 0.11323517330274332 0.09143610302653288 0.08642126360292691 0.07799699250240252 0.11383587722400823 0.11652551504917306 0.11877264448699988 0.10332780516290359 0.07462604632482144 0.06985817711191994 0.050724748892943546 0.07489944971595072 0.10568077162927968 0.10700844634049263 0.13532666202391322 0.13816080456164787 0.1450926377551695 0.19069632665874106 0.17201379013581305 0.19427543217178103 0.17448473727626895 0.1901394768361898 0.2130615762898831 0.21237758174487636 0.2465557053513653 0.26193955826016624 0.2647303907396457 0.30724766757653443 0.33612853003521026 0.36567098739456794 0.3688807721465429 0.38517693813595344 0.369188958169365 0.34147524464877643 0.34761308337041463 0.3401985742150161 0.36801041044186644 0.34706082715562014
0.1482793062526777 0.12981882776972425 0.1535036076840135 0.14433954936555626 0.1002088680450404 0.07874030881885113 0.07797508866481843 0.07550717441528489 0.09278941020373684 0.08445907201834672 0.11891294069965908 0.1541079734023611 0.11420357924217137 0.07234979721136688 0.05780120782663249 0.059804306273803336 0.09184109595517888 0.11713506339290246 0.10939111395000321 0.11739834066621185 0.15424023632488018 0.20273296780992037 0.21868530592061683 0.22329024766357472 0.23699814345624468 0.24145715847499571 0.2637727575847904 0.25118503434847145 0.2410923291326207 0.23734244257013168 0.24326959529818198 0.23699824712757123 0.3002605521153003 0.3326635908300671 0.3414079720717036 0.36607150506972835 0.37459040632631396 0.34234778601866805 0.35006770933268827 0.39796454901161693 0.36210700864965295 0.38404545227285103 0.34370714399347774
0.15921678034913392 0.16948047862793159 0.13980865361919462 0.11252972365633097 0.10698529550548837 0.09766023975849158 0.07399840465739424 0.11151712718962928 0.11496293874450521 0.08358557092443096 0.12123731891922501 0.13925665734633097 0.11547966956154736 0.09329822677002367 0.08407565035423122 0.10382854153699575 0.08104036968240748 0.09355654382775024 0.11593122828427364 0.13531646416917703 0.16836740537050732 0.2209358839367943 0.22131798406189643 0.23527595150642464 0.26792630547285995 0.26531522993708445 0.28582443940281327 0.27463588868159394 0.2489192652458457 0.23317150799863595 0.26917667580736987 0.2578685893809525 0.31534341778742936 0.3192311694890573 0.34501007747527324 0.36355703127094585 0.33594781199477797 0.3547789885271394 0.3640029913019406 0.3889680381450986 0.3896587215203092 0.3695981757864498 0.3776740436837019
0.17213591627124838 0.16571035616938531 0.13973376157995793 0.13227745374747213 0.1020103951133224 0.08708565783014724 0.11671223357549249 0.12863440242832916 0.11137563161883036 0.0940467300918803 0.12454268927377991 0.13786676508809728 0.12273252463522016 0.10436015756639619 0.12193354578194693 0.10908856277813361 0.10509758141931344 0.11916367529650823 0.15279004515388556 0.15217088392962191 0.16054671487927502 0.21477179256512832 0.2167250318295398 0.26912381503793026 0.2937198812925334 0.2884984081458728 0.30783071596457057 0.285107519192839 0.2725157531867218 0.2612355552585036 0.2969912640589607 0.2791570715422673 0.3486193232400485 0.35483188139907196 0.35728078258972845 0.3382298566860624 0.36296947777327837 0.35971525397304815 0.3731817111593608 0.3445452167061366 0.34854746792967045 0.3461462457405473 0.3520342491437733
0.16341746488332012 0.14589932797703378 0.11366440365214986 0.11309072849664138 0.1328399688418045 0.12426613387224499 0.11825775196583613 0.12121530454837999 0.11564990777892029 0.12748385124864578 0.0894727638504571 0.10409915776629602 0.13148281256865915 0.12538168222997703 0.14024711626685699 0.12843866896603734 0.14545497687076953 0.15519104126745573 0.16380411689602098 0.1437196184714549 0.16726194422850788 0.21691782525141623 0.21733090652521198 0.22953115618422976 0.28400074821055127 0.2975288083320261 0.3098772426695854 0.29647069679321253 0.29703027736594084 0.31367849635307843 0.301238500137928 0.2986915433540049 0.3603534362675567 0.38451689120195953 0.34888352569889886 0.3568250563987378 0.35385894765152415 0.38729881057818777 0.3650488163321825 0.35306696988982006 0.3609568731357966 0.35268590968301233 0.3515953740290197
0.1661191851370358 0.12704526622700454 0.12564780556508576 0.11128264035588538 0.11674490608627497 0.11677770315892651 0.1429493655762618 0.13800024280303935 0.1308736085519795 0.12971399843886144 0.11043071493607667 0.08417188321358972 0.09422082490945927 0.14128775427714343 0.14573700662134056 0.14497648843624414 0.15725702582869194 0.18070500190870997 0.15914212688738635 0.16740730437590207 0.186928707667277 0.20960555005686182 0.23463158287712244 0.22683585767672798 0.2531680722004117 0.2789533881477893 0.29087396332457 0.3220300794094708 0.3063006061675637 0.3368019659598534 0.33611371241857396 0.33325725517365057 0.3513684061838717 0.3959607438190481 0.37987357753798034 0.38845856364584397 0.36691618292117983 0.39526038352059006 0.3800701752365749 0.33091683678706746 0.3354993732546433 0.3471546001560296 0.3888298790487069
0.13452963996756998 0.14628606028765018 0.14397162858615187 0.14425001691259368 0.1424785164475865 0.12229274868106464 0.15561949681049328 0.12882522562549822 0.12076793014537304 0.10437298569416893 0.0903156117734271 0.11597658774081988 0.10196837304163638 0.14957639936060751 0.14897854626050147 0.17035183021259287 0.1761913936575179 0.1917701470203702 0.16582780888138407 0.16715590866227578 0.20769394695352592 0.201156304017796 0.2037916319767347 0.1999892216656761 0.22690026540209968 0.25271954629828064 0.3070596566561165 0.30679181083078844 0.3139886213066168 0.3416125064527409 0.3491115694170341 0.34831546391146345 0.3765561318317513 0.40318765556512676 0.3792724961319006 0.41107946556426544 0.403055585997442 0.3874476704248605 0.38278447367417884 0.3521492319622338 0.34456568583359587 0.39023178244034773 0.3791580238293607
0.16601438638023566 0.18287405531541523 0.1978189136349445 0.19529379726538024 0.19285268656941373 0.15399143740147675 0.13372683126541152 0.15614791260252928 0.11695906448688126 0.11182734662264548 0.10761809902783552 0.10981029157516817 0.14324312307366624 0.14742402653404474 0.13674570738804742 0.14903517628880047 0.18553449167930472 0.1905936368684902 0.19094480380376186 0.18548458371247645 0.1912778587015864 0.1890974891846718 0.21058435624940183 0.20678163442680147 0.20277180620823626 0.24363043935294262 0.28121712539077254 0.30230397673279646 0.3253976739595806 0.3639275221341466 0.35673754174149214 0.3838052699698663 0.4054101512097886 0.3953810482412752 0.41764886898850234 0.4242309482016087 0.3998837656976365 0.3811390639002535 0.37795026021679523 0.3685019921495606 0.3486734744308455 0.40752256491027855 0.4035437475190462
0.18344674989170107 0.20476584133879883 0.19529848020247356 0.20800377562063505 0.2136562494928864 0.16654110881992823 0.14984585652761453 0.15922826277119784 0.14779561753375625 0.1410090363523494 0.11388695719430539 0.10553517532975651 0.14291767124190752 0.1359128996375532 0.15707433889685896 0.19873511005613478 0.20154718515247852 0.17895678459824702 0.18532075989974306 0.20618979668098278 0.17830757970824204 0.1731228960748442 0.2058846940289673 0.20248352028091537 0.22270929701851536 0.261655435235846 0.29573873199909834 0.3382600183038669 0.3539219956117523 0.3694990156499833 0.3415081553427867 0.3532912885544462 0.3807684454159819 0.39990367748218353 0.4146037571059312 0.4262319747685191 0.37935008688928057 0.36470056465811473 0.3441014050793746 0.3640550252252363 0.36007416980364976 0.38560625848442937 0.40715327416812985
0.16580447972174334 0.19296426027107183 0.22045893159067223 0.22198243737289078 0.2012510433878373 0.2044186191334538 0.17737136490776667 0.16945003789702548 0.1432304436047521 0.11641299067658255 0.13267604025267318 0.1373061032472552 0.16614716065784657 0.14259645438629437 0.1716578572236538 0.23463685836344694 0.2306267951556493 0.2212979868789883 0.2261821343245563 0.2167896963836141 0.18695620213118008 0.20288120578733476 0.19911060082530713 0.21394366056856942 0.23671282423722886 0.2858825478728902 0.31368314459321195 0.3460264320979894 0.3621432641926615 0.34973215856931167 0.3347548019510998 0.319602235896503 0.3540320213160448 0.350818956317239 0.3971894479056805 0.4085422588616255 0.38822163787267006 0.37417105437800663 0.36573819774157446 0.32942003340769066 0.36500111195800605 0.34906428686735036 0.3976703731933542
0.1762104965412624 0.18428325143358765 0.19843714363513593 0.1948849262370551 0.2343454909814576 0.24810783405847636 0.20913928816410549 0.21227214772952835 0.18425835328656848 0.14040677027252327 0.16386550192569382 0.15862402623198815 0.172467689566104 0.17197878476662687 0.1772357544240334 0.21119609373910528 0.23173283286052843 0.23228094937760163 0.23722305888169123 0.21529334994412963 0.21612620655211093 0.24119008480553764 0.22830831016469832 0.21453377534501944 0.24839546285115055 0.2705568967460362 0.2874573375029782 0.33378323570769547 0.33715393626666973 0.36935248833207734 0.3513576596464388 0.3498137394476206 0.33974873842582703 0.38483526875770346 0.4016570876295901 0.4078331285095231 0.38633925748440656 0.4039863529820021 0.3773719667610847 0.3798877740055929 0.3587434085318455 0.3794702357079009 0.38964935753620383
