Raster_benchmarking/continuous/raster-326.asc
NCOLS 100
NROWS 100
XLLCORNER 1743150.0208402607
YLLCORNER 5469280.143389074
CELLSIZE 10
NODATA_VALUE -9999
[rows 0 to 18 of 100, columns 43 to 85 of 100]
0.29556538093411405 0.2837096347740986 0.27740441822905787 0.31888934029515253 0.31845899611090034 0.29081065804075773 0.25065744879682644 0.2541806591604956 0.24774660310707425 0.23590370778438655 0.21059732921108557 0.1922680340600669 0.11513623346989757 0.06063886649090009 0.07389555967536049 0.05037427570740023 0.06474372092911017 0.023456938325996764 0.04941888392030246 0.024583726876525817 0.06851459844474864 0.09386141730331328 0.09673734869787348 0.13674099192706995 0.20435006983731352 0.24222642814685444 0.30032931318701517 0.32186887159237426 0.3142084863941564 0.3375587152468374 0.3476087153394415 0.40863107642813634 0.39656070131697907 0.39257173042976007 0.43844401826346363 0.46296987496311837 0.5597558847401541 0.6067654392805678 0.5841927755532352 0.5966011483310442 0.6073947260324626 0.5661197897305191 0.5703414522215285
0.3142072757701153 0.3108159207135052 0.3083071177184845 0.3295619870114918 0.2987575881086093 0.2840174141652172 0.27587471495523075 0.2616212882527297 0.2299582278362495 0.23952664274966626 0.23179741241959145 0.19095737664346715 0.1410539339549004 0.09678698866084587 0.06195044910118663 0.058612206402573905 0.04505424919142349 0.04633295379208219 0.07198477433401594 0.04486033141217787 0.05649940564118559 0.10864967786471175 0.10649660270835945 0.1462181696890669 0.2051059831945611 0.21679271911071055 0.2758156370039396 0.3127347660386653 0.36364967661504116 0.3775531452339029 0.36496649587126334 0.41795852287650664 0.40252726232353825 0.42259201879799285 0.4546011754373708 0.4949427020383073 0.5243895057377773 0.5349105640928739 0.5617099690259764 0.5553847826140735 0.6056572370555916 0.6032518376483148 0.5710247056341801
0.3035710030318909 0.31990551364395475 0.3087815635117104 0.2843150505617075 0.23655248587722028 0.21646290277491742 0.23998829734236077 0.24591602408430993 0.24028530227412337 0.24068275280404836 0.19588552275692084 0.15478542908034465 0.1511349703588084 0.09568340718472047 0.11166033918868064 0.0933342868971781 0.0661966943022979 0.07804729937529342 0.0918939654274001 0.06467194107263324 0.08742263730511025 0.1049766522384642 0.11330003385817479 0.18223823619121546 0.19634605259735993 0.2313810819048037 0.26685614091807264 0.31552258323052834 0.34256843551042526 0.3807786104986197 0.35885273438375886 0.3846243312725772 0.4124668631451227 0.40287817752521815 0.4392028288601424 0.4918740557515862 0.5103864051416781 0.5302623863985587 0.5640443213977375 0.5604927654460106 0.553982048223548 0.6031498905667806 0.5428693019652846
0.2623279030025146 0.28220972644951237 0.2901787027327884 0.3050280201348998 0.24311016858800166 0.20945806292620797 0.22150353152319965 0.18734093476921346 0.21233982026560108 0.17171086619594467 0.18767676459269578 0.16301842665003435 0.15356353610297427 0.1472001958122439 0.09226732582548924 0.08036002139676632 0.0688337825127005 0.08261624600669043 0.0633296531668416 0.06685347430251938 0.05790002072683501 0.08952192263213728 0.12211116061126602 0.14196871801296962 0.20893223192490123 0.2622725911610113 0.24817443646501616 0.2803169943395703 0.3061198771624472 0.35805737851802955 0.3710753021980418 0.3665042666698342 0.4042172798810187 0.413675222432736 0.4498554772665917 0.48632714508861796 0.5052663367178513 0.5021965547195476 0.5058177581297453 0.5317391549732133 0.5512839999767224 0.5877117495332016 0.5381962840220039
0.2354013003041105 0.301501352574453 0.2775120143532245 0.28966020765057154 0.22309276839334152 0.19875347618751513 0.15879761730929048 0.1604880405795092 0.16966560323940402 0.14644322533385096 0.13611848459673973 0.15730970877515035 0.12584874007105654 0.14840378097559048 0.14148392196584716 0.1353910414211968 0.07504581094634785 0.06186416697411751 0.07273825111908151 0.06759992735727074 0.0610290866359599 0.07232897224998211 0.0955647523752826 0.14044389045056704 0.18867028103074254 0.25664267156306375 0.24039407837703433 0.2746527421414907 0.3134493876569504 0.3423584054973933 0.3785698953992025 0.3977855220409254 0.40330300889136744 0.42930088737003974 0.47941495371090875 0.4929490337564942 0.4879959100909392 0.4711568926491914 0.5401975951053333 0.5630516292714185 0.5315478784066741 0.5612451337241021 0.5418196265616405
0.24246188956212894 0.23478966142756302 0.24194141384825693 0.20932956623528343 0.20745167167727382 0.18447766282554542 0.15897802768235825 0.15744851083551878 0.18781157171691526 0.16821893972615343 0.14945545695848134 0.13514107694922295 0.1470140240889078 0.176986889282401 0.1481208300080071 0.11018678294183276 0.06017515758189108 0.0718418124010675 0.06739635911647267 0.0841431688481219 0.07302789945024489 0.06227644990427033 0.0898504934686328 0.15671268677347075 0.19268827915300615 0.2405971278900713 0.2357415445882963 0.24346445281760176 0.28366039986207325 0.3063798531723722 0.3637416243049014 0.37748266689194987 0.3827151992134094 0.4413952688677065 0.4849840684134389 0.4687025851314741 0.4904596310337858 0.4632308276727826 0.5266469081447169 0.5540011907143223 0.5306778687491266 0.5421613798325391 0.5544636664246526
0.25026278284650555 0.21390831560621157 0.22180462261977194 0.18830407641415184 0.18101335668035257 0.2105192934192455 0.20658361853976048 0.16524878997854905 0.1513342856914038 0.17784631311525814 0.1621322470390729 0.12393211986778577 0.16550129996208435 0.15309926776444824 0.12902280982089587 0.05974077034886149 0.06600947307781493 0.09031890821634023 0.050405187207422784 0.029486652281254355 0.056933146389184106 0.07311223621585505 0.06701624240562525 0.13092675619378014 0.2030593529210012 0.23001198265415837 0.22505418276848424 0.28811719906866706 0.2965313174482397 0.31880283837727674 0.34945495311481767 0.3507205740374755 0.4027265331306631 0.4496563932670043 0.47594460756982543 0.48844300516048794 0.48972029813548157 0.47535154474265545 0.5064930123191105 0.5255613586259622 0.5130949935828499 0.5132561648737233 0.5474870531046921
0.18310764973166307 0.1702292877153043 0.19924388823496048 0.20371806706556822 0.1815592806556811 0.23429033305084052 0.20446000397787292 0.19056760564964229 0.1745285589155772 0.13852735083958073 0.14939826869811315 0.141292181627712 0.13653390245533525 0.126858260014623 0.08052496016382713 0.06342383683874496 0.07216465945242435 0.06766641605287257 0.02866396642154984 0.04654180236381281 0.06955760559047244 0.10567787940748818 0.08602130519604234 0.1553418287698224 0.19231903165973735 0.2219131421305255 0.2188519028590131 0.24582239029842512 0.3023915271426576 0.2870284550112941 0.3005888821803144 0.3459357218983035 0.3834711882702436 0.45658022175602914 0.4475683408284498 0.49264788070985366 0.49543126348807337 0.5217811703678154 0.5392486593574939 0.5453066810027072 0.5141298722430022 0.5333391116113896 0.574660367724659
0.1901550276239002 0.16358810988174127 0.19516306980912626 0.15767469242122162 0.18372607961194085 0.24488019766730793 0.23001577622424887 0.14671090023328776 0.14421071330695012 0.13570894118005378 0.12964548267196743 0.14585876795498387 0.15155649535853974 0.1341307233563472 0.10784486048919524 0.05214563465305356 0.029303996928709466 0.038605495022606545 0.008299455309925062 0.03552686062256184 0.043882431067766285 0.11209318963827988 0.09643461222925803 0.1274787399251991 0.18837766680163778 0.1695710335239692 0.201139174592262 0.27081828522894225 0.26965299537923837 0.24097799932532338 0.27143280995574737 0.35441630179524375 0.3636413830818212 0.4437354353712791 0.4344514529083583 0.44709480210173974 0.5177528098990981 0.5688216818184472 0.5812163889851415 0.5810337712876763 0.5389036682857056 0.5359288584332832 0.5851317350348162
0.1826232519473409 0.21836719720374895 0.1851991667393746 0.19267894522540818 0.21025516207225317 0.1992844079346151 0.22509782566329156 0.21428874163820272 0.16997329659398933 0.1538838259633786 0.14591645682555085 0.12341069041429557 0.15379158196881745 0.13941020121998055 0.08527708948045533 0.09202580129873668 0.05862296093429172 0.031358044115691645 0.03174303001016526 0.04244207767831438 0.063791230358062 0.06609066838512985 0.08470605651252729 0.11610401506807622 0.1621366385538757 0.14855877666526143 0.18746579536567196 0.23868954828621158 0.23998262311135843 0.2348510811847895 0.2790901827089563 0.33088312782994567 0.3670906936688425 0.3977555170631726 0.4110844964767847 0.4730525790005831 0.4923818780187552 0.520673652822862 0.5549860888079267 0.5636972057440959 0.5647641378804661 0.5891060904262266 0.556217611380432
0.18621045352201926 0.2286165228368556 0.21212861118369344 0.19801171117898259 0.1928419620030623 0.22311736357985473 0.23498984399233808 0.22128744230141545 0.21176273115536093 0.1838409857804332 0.13730661939902933 0.1239464161450279 0.14019130307545505 0.16027144382676914 0.10560369358338335 0.07966890674738875 0.09569354306930183 0.07901444825029807 0.07012832845314557 0.06516159541739021 0.042225100585100206 0.0720002426288626 0.10393431938696049 0.12094480610049362 0.11273132056783101 0.1312576296216228 0.19296303981126384 0.25239952854127945 0.2565218994087436 0.2927788609277329 0.33120809366219767 0.32078057995595266 0.3769453959921491 0.3937528799740629 0.4431100260610832 0.45125247596673884 0.4880673759548208 0.5181177631142592 0.5507662444646936 0.5208020367693813 0.5501850024695578 0.5877622477851544 0.5852421286449998
0.23505523264593584 0.21280746811812656 0.21342158222281907 0.20853966341937585 0.2236279071383457 0.21135652729502558 0.21157066805831395 0.22231078509208835 0.19346957187494399 0.17069238080664903 0.15329960309596688 0.1297530978232482 0.15939503374060576 0.12080664356115654 0.09110197988439271 0.08174039151819835 0.08400208907638063 0.08055572372218425 0.04607138578087244 0.05464013742123852 0.03335381557396805 0.07008406096563213 0.07594876794731098 0.10310360347143976 0.10071421246579255 0.13955448695365555 0.23317526494253482 0.3017487229305746 0.32334773354441737 0.34041977748562763 0.32746427389655103 0.3711761055045319 0.37130320824131396 0.42840285204533096 0.45046021216668364 0.47676619097687467 0.47087135285486564 0.5212124986671606 0.5339643783495489 0.5618621444092532 0.544825020514957 0.5831145399272938 0.5452877354511807
0.21382668441652183 0.21718689910093425 0.20611507974868287 0.16764208356068017 0.22706605813613495 0.24101671957157397 0.2397585548254404 0.1940795234878211 0.19121944597080298 0.17947578040073175 0.173936017475849 0.17337159557202203 0.15630982141840474 0.11503145115886726 0.10589087926083011 0.09032177844979376 0.06272708903561858 0.07301523120755646 0.06865225029825357 0.0515879126153133 0.07528377518051785 0.05282411512467706 0.06193995436296852 0.07999029359758533 0.13983880713129435 0.1583700298331314 0.23324860699252398 0.29254515334569775 0.3138204231040844 0.354968602349884 0.36167894687765273 0.4071765966847222 0.38987434384944497 0.42033638593113215 0.452745006109322 0.4711950643435112 0.488159363905895 0.5357504116296986 0.5085972456451942 0.5414760366948175 0.5375130507571353 0.5700465280454888 0.5389666624201302
0.21990814646140855 0.18574751776778822 0.17757815574899638 0.16704187320636796 0.1725401363805721 0.19871718654880483 0.1997998207072724 0.19628718190482 0.15245080450549608 0.1686352767832781 0.17003918100471413 0.15865314196605956 0.12319478771403554 0.09157710441957537 0.08528326161513766 0.06999126104566541 0.0904923846631823 0.11108014314509887 0.08178890596182481 0.0806991931646918 0.08090646072726956 0.06600428642723392 0.11244353162636755 0.10301346960756734 0.14530180024386058 0.15324527363749194 0.24850084836802108 0.2820599360768075 0.3129671873505603 0.3091095863140153 0.35379780375464404 0.41127405940633915 0.3927679205840649 0.4196183474278435 0.3974922881822123 0.4010179543017058 0.4360638812393117 0.4764209600272466 0.48935643050416167 0.5329177901377922 0.5625754831946951 0.5524001003080311 0.5491470795417221
0.19658590074487656 0.20788133879239934 0.16713690828335823 0.17469070647976803 0.18488939125305687 0.20887945868815933 0.15847444844254552 0.14991686800792578 0.14639387087081046 0.1179821634251339 0.11658919924170086 0.1383826067775279 0.1311629507495829 0.11775653008772244 0.08456247606278057 0.09859545339714713 0.09727708375186905 0.0896417982099344 0.10634101428121916 0.07292206042366704 0.06317028350454414 0.0539631084470348 0.11233007257856331 0.16328162792469428 0.17167360274057325 0.1684506742954407 0.25420855527167735 0.2689976682699249 0.28920387550520554 0.31569291950106965 0.3412584986021363 0.4002051862548894 0.41259434206708606 0.39687753165932305 0.38728388185197155 0.3937120162328626 0.41689035671724683 0.4556358835474897 0.4815589794160173 0.5220506289730575 0.5092641450381687 0.5219167565704894 0.5520416034682492
0.23759649382164433 0.21018446908454141 0.2132646323679263 0.2032641032442165 0.23438817606964102 0.22157727206805386 0.15605309856666447 0.13298474860824094 0.1494866212849895 0.09016411419850269 0.08509903985226044 0.0959047820105165 0.04998484473082426 0.04140757176156091 0.06904017058044547 0.09159686334846359 0.09667018897231741 0.11690348775088362 0.10237128566934443 0.08473102965459504 0.051612944961180254 0.04607184001180822 0.09083149899950699 0.1347331596921014 0.1715148985164899 0.2168785898440808 0.2274656722481494 0.2582988158249445 0.28633879123379363 0.30514275491249176 0.33860746512209783 0.3753467129084488 0.3892837277956684 0.3901845500441741 0.3619243032068608 0.41327939018752413 0.43757598452363106 0.422678752817838 0.42333916255462933 0.4760226317213125 0.5089551665223666 0.5431166605257223 0.5506166580182904
0.22758883584857414 0.22206474296417922 0.2032520570240152 0.23801890449202145 0.2388782111429503 0.20919665787226646 0.20107875454891033 0.15803392652444895 0.1404603745163065 0.08126215595060765 0.078677220179357 0.03656520289563479 0.03828777419418873 0.0 0.03393260787598688 0.066950921903512 0.09592777929029196 0.12450800165674307 0.11240085254502694 0.11586073442796503 0.07444982117492961 0.05467048153114745 0.09818353527914674 0.18818728929460074 0.18783589542358015 0.2400339209929414 0.24311559121570522 0.2669943002615646 0.3175984410654144 0.332700308159692 0.38229811093394334 0.3898241156169613 0.3751652023262206 0.32640839010705575 0.361415297037766 0.4231068236484459 0.4138172995419921 0.3645291462204968 0.4290519310580881 0.4386740232212698 0.503278752575319 0.5021972752760978 0.5360203152552143
0.21352698719288388 0.2332728781529445 0.23879223203923802 0.2711804659560535 0.24644210434175381 0.22449920364926235 0.1855688410543476 0.14395191933236434 0.13957787445381925 0.0889450782414911 0.0661699301981984 0.04334321088176604 0.04102867668170504 0.028612388666076478 0.055102876973926705 0.048802762777401004 0.08646033577340112 0.09938386562691535 0.15656742170085017 0.14318674573110632 0.13099150660496672 0.13106707379462654 0.13514668314071043 0.1739673363400814 0.19793524995570938 0.2015118147421543 0.25022854359019375 0.247516251344952 0.3208592894267647 0.31516989478475804 0.37902581974610317 0.3905344879354817 0.3359254971413713 0.3720928119960293 0.39832627012412547 0.38839536844776357 0.3826034787322332 0.40429868814662717 0.3851431034488826 0.43575061745682436 0.5017823016734576 0.5219258568748566 0.4925227637201594
0.2735166820093335 0.23500415484943585 0.25823772171590986 0.2502486553543411 0.258240218077465 0.22088509702213185 0.20739343374404076 0.17987363037619933 0.11691289358395117 0.07205363582549837 0.09827536870314162 0.07191505311469544 0.05427655630664308 0.09729110346717755 0.062040956761395864 0.06408792639970748 0.10394266456910618 0.11479124298607896 0.11501394800242995 0.15997718094862823 0.1551755028704699 0.11160103316056201 0.12665668071765313 0.158430892406316 0.16125233140307593 0.16350171189676946 0.2030942825610152 0.26510320798506515 0.29042992145691193 0.3335493834994104 0.3511899679241817 0.3762356420070461 0.3426072891004813 0.35840241617682034 0.42664988784239966 0.43685870394187887 0.3912583115711167 0.39136426382031847 0.4109014552545666 0.43404775066319323 0.4937784009158391 0.5237984254558041 0.5003480318106301
