Raster_benchmarking/continuous/raster-447.asc
NCOLS 100
NROWS 100
XLLCORNER 1743149.383055934
YLLCORNER 5469293.960722601
CELLSIZE 10
NODATA_VALUE -9999
[rows 0 to 18 of 100, columns 0 to 41 of 100]
0.986617385238712 0.9680875174353164 0.9559210114515252 0.949199629384555 0.9089818458605381 0.9028969661101031 0.895500396654682 0.9058228388609437 0.8931944321796148 0.9327792125337968 0.94185696002377 0.9494651002914235 0.9370785174013829 0.9174977643109552 0.8842766184651508 0.8800127596642227 0.865458158248508 0.888811762650614 0.8775700397394935 0.8504833682697136 0.8104290505359362 0.8216336487397286 0.8225490817038607 0.7926338290913738 0.806545075896633 0.7881892963599455 0.7462307183950643 0.7597139890527358 0.7297735432734586 0.7106033064140728 0.689645932427103 0.7166285206445968 0.7111123853969963 0.7050685220445324 0.7252088024084397 0.7188704721326611 0.668808680746955 0.6622182790981157 0.6649161811528792 0.6966679102762732 0.7135830865714154 0.7280093461870417
0.9511797527667111 0.9334830754911818 0.914659408804876 0.9194741006448419 0.9239176928430437 0.8991922071966745 0.914344367161828 0.8873648645290072 0.9036914645393853 0.9125196013350579 0.933737054962221 0.9337031544463684 0.9083006025673207 0.9038125879871528 0.8790850664963153 0.9044057890508987 0.8806661872893988 0.8984220647912821 0.8635482253691503 0.8382866557033185 0.8412312675413185 0.8063999284113018 0.7793070611800341 0.7749174079555112 0.7864473453812953 0.7747395652964462 0.7535813769883785 0.7516142216074193 0.7580078818139271 0.7271214141500925 0.6926168975665428 0.6678166136296106 0.6894081647413031 0.7109201027026488 0.6898567592910526 0.7059652141338476 0.6750115725067498 0.6638137558561343 0.6782424587158116 0.6979713999353966 0.703267320262934 0.7286434515500713
0.8951130791562624 0.9104827884359287 0.9296262504341395 0.9243109333027267 0.9475306984375875 0.9164741068195401 0.9211954754990089 0.8910380947302032 0.9130659193752156 0.9393482848808947 0.9486801060104447 0.9586419938604832 0.9365181502237149 0.9179529857573072 0.9031682928589743 0.8947584074330331 0.9163971145030332 0.8896283196653604 0.86821966933219 0.8364075482955311 0.8375128136843866 0.8164273660162173 0.7716063612234605 0.7676043249314158 0.7588519098467563 0.7497125397993134 0.7306784109224123 0.718371495973613 0.7470795667033692 0.7153973506811623 0.6782910495315668 0.6767767772311597 0.6584579061532785 0.675611117280928 0.6811534550567363 0.6908827670180768 0.6702749016642716 0.6637207158674341 0.688638218427661 0.7206497769236422 0.7238527169141583 0.7440721327191323
0.9064311437500349 0.9090419274531697 0.9261352129528537 0.9308340866283039 0.9428279291117385 0.9126139136917021 0.9169726811577869 0.9101941497581268 0.9283425463355676 0.9480437482873358 0.9561112570925956 0.9659549189364652 0.9622519593883457 0.9235274434901803 0.9319705616487587 0.9133704082343762 0.8955128567469377 0.8959605916022505 0.8415582544525012 0.8179053741660295 0.8335851056888247 0.8092058228234822 0.778831408608366 0.7702074254980071 0.7445068123696755 0.7587791543684523 0.747823020362591 0.7137425534463425 0.7266950581089235 0.7153626012148984 0.71706391113569 0.6814362061428302 0.6521288503884957 0.6663330163952867 0.6852260732399054 0.671330783585395 0.6489746655480017 0.6810829216430578 0.6862058239981339 0.7189750428137676 0.7461947096624049 0.7342062731659476
0.8522549786731163 0.8985074384168402 0.8921095424576215 0.9112713112240363 0.9152067623697504 0.9171746120618282 0.916048667496171 0.9439140857153805 0.970418818960821 0.9740730036354129 0.9934118158137845 0.9810664485847613 0.9591745322999966 0.9583359332473311 0.9429735574028035 0.9265003882061513 0.9105950984554784 0.8721973486060822 0.8296616217842713 0.8053883026789229 0.810915658793153 0.7701433144031322 0.7507795956498339 0.7769366879347612 0.7646488678570896 0.7595010191283974 0.7245263513143002 0.7291832868246947 0.7264436882480146 0.7268783426448473 0.7157947187990741 0.6776076678276545 0.6767867207139991 0.6642590873965821 0.6571719904482864 0.6595213803901592 0.6434296862537872 0.6680184324894579 0.6954659661433006 0.7183549631841295 0.7379748383246749 0.7347992242914538
0.8639833393451727 0.8618769681107986 0.8958914397422231 0.9034901602946185 0.8798668685553044 0.8889323066050198 0.9285924455555716 0.9475799346524064 0.9612053460205514 0.9834374010154036 1.0 0.9751830070562143 0.9436911478064702 0.9503487340779566 0.9151191167999891 0.9104819322389732 0.882018648135683 0.8750616904791538 0.8253733969046428 0.8117887576923434 0.8107960314827488 0.7778899910490503 0.7555403725243164 0.7651317872380528 0.7546536079789514 0.762290768377111 0.7345419239446959 0.701658746167124 0.684727622640345 0.6886210500889128 0.6830043569952852 0.6923471845655915 0.6732040443995686 0.6661164485135885 0.6826323478778783 0.6616843060267482 0.6636802717870032 0.6710980384170616 0.6806977329821591 0.7121515971181931 0.7150733940247384 0.7146263719634599
0.8389611026237238 0.852876620684392 0.8852138900576839 0.8956150976723162 0.85941755221603 0.8859744150299164 0.9023119093162897 0.9225712388382384 0.9261866804570481 0.9327556458708723 0.9782655494999729 0.9671881310115478 0.9376370263780884 0.9322872195480906 0.8823867875855073 0.8684816228647014 0.8478661489723072 0.8331976501568163 0.8326658539012635 0.808621279185247 0.8078496394885957 0.7836345256547309 0.747453314393431 0.7521080221629366 0.7489629545468106 0.7616742968510729 0.73303113788367 0.6917007089778773 0.6977200907342627 0.698558180964187 0.6860063726475861 0.700836762834591 0.6597973871268453 0.6492380144245773 0.6723830392584678 0.6852488512476481 0.6660994231822284 0.664582697264957 0.6980541315477024 0.7007170209846315 0.7021244772950609 0.7166410803397103
0.850256967286434 0.8770664149355532 0.8674667692652714 0.8845268234913216 0.8855448690729092 0.8611450113848473 0.9088038269278007 0.9243766124298168 0.9417965245647251 0.9218371342626515 0.9454574278957362 0.9157752717333225 0.9127147754607918 0.901097741370577 0.8706668295974342 0.8506994100263365 0.8349723227980137 0.826983559459741 0.807811598079622 0.8185082373078091 0.7949475242751247 0.7755767546817679 0.7637821196486618 0.7331961108365797 0.7365540321511989 0.7595462550763693 0.732660518617112 0.7126335649967132 0.714807123078837 0.68092548550667 0.6826563122754242 0.6948910623238659 0.6598809174012764 0.6671150122515285 0.6582728974815423 0.6667322335385106 0.6591370545568772 0.6709232143020286 0.7074784353097516 0.6925708418351576 0.6964489880247634 0.6887772319571099
0.8654153140362714 0.8503952246388486 0.8469949707788686 0.8887815406742556 0.8695391138199092 0.8820972844398501 0.8875254388579764 0.9000189048857088 0.9438340176314425 0.9338041396716155 0.918024485693648 0.904277679512084 0.9081885591104305 0.8852789879618008 0.8515210714414864 0.853037289828166 0.8156667388038545 0.8189902675037455 0.8194949093114994 0.799756946107366 0.7915733531622654 0.78245769654742 0.7262656736206448 0.7238816988920428 0.7505676282203608 0.7490174661736688 0.7285515215394348 0.7069011714972668 0.7023527893410966 0.6982443354691028 0.6771314731977158 0.6626070088676347 0.6823197038934757 0.6889675841927566 0.6677009981827385 0.6705430337637357 0.676323493521511 0.6891844242896781 0.7046924746304126 0.7070213780492686 0.7293317909728708 0.6843076685359182
0.8556643840855149 0.8391890580085082 0.8399210114358606 0.8772509243218619 0.8765311125644308 0.8828041311584223 0.9011398799081702 0.8953064113864885 0.9125466938100617 0.9282215186894753 0.9037177958363733 0.8866445016321749 0.9021917699877371 0.8737638009043616 0.8568025986369321 0.8285799505782674 0.8301663323903488 0.8072836423305707 0.8006089113358318 0.7884287889674534 0.7759397471051622 0.778605405904974 0.7527577192164889 0.7118785589193478 0.7091994958826537 0.7084563888852027 0.6837716422140753 0.7035761570805882 0.6920171338734625 0.6910033244495963 0.6870247620807881 0.6606849956583831 0.6532524337224109 0.684119587280836 0.6954864841524365 0.7016658313303183 0.6904185220305832 0.6949159119267405 0.7288922035215508 0.7225085393510111 0.7353186626216675 0.695355437111793
0.8605764985517216 0.8432541301132598 0.8397540097503621 0.881704851646272 0.8824228109095168 0.8968375529956533 0.9219956987317411 0.9191816476840712 0.902393238001448 0.8914078561366421 0.9039921136774158 0.8826906075008554 0.8940957404286531 0.8659776325467683 0.8750850190225342 0.8288226938506672 0.8124790962798852 0.8027706811414385 0.7998603268208524 0.7911859714410946 0.7874181191584289 0.761158236429275 0.7425470275326764 0.723115491798814 0.6949572960010866 0.670090232604595 0.6522772872828138 0.6899959874398922 0.696829320091497 0.6912847261319653 0.6869450207611361 0.6562708024460641 0.6648691758477308 0.6730257733304028 0.7061364629858361 0.6951948381549554 0.7196387070154081 0.697155668731517 0.7215418978133156 0.7325054729027494 0.7181169794589364 0.6791900954580521
0.8311149981690994 0.8377595531452778 0.8301149511891442 0.8640005861085757 0.8890666377070304 0.9049354358454431 0.9109721913630627 0.8989779746019314 0.877163988512901 0.879850715722322 0.8965027469658594 0.8864333132523113 0.8733539550425823 0.8358527599992126 0.8471475127072992 0.8320316977778175 0.8199537847095065 0.8156009726392426 0.7934452708675077 0.7742050363791241 0.7720533763822003 0.7510168210998855 0.7144540261294646 0.698562402829448 0.6677995650139359 0.6463527723090962 0.6588334556861833 0.6446010851450265 0.6738281826421209 0.6902190727930423 0.6982399904987722 0.6674244923023754 0.6637317077219265 0.6721845090784526 0.7085461780451748 0.7261400556427777 0.7400218600444776 0.721387253286074 0.7225655939199946 0.7014398797796959 0.6806850981177582 0.6726316320791358
0.8522325563547417 0.8225367257996329 0.8267134041448293 0.8437592720095825 0.8576771236155388 0.8851653791804707 0.8778754859865536 0.8939507080310161 0.8827122341396525 0.8823473111697898 0.8533029393152729 0.8677142583918903 0.8530913755110726 0.8255658851704715 0.7894787004376463 0.8169400949344497 0.8191194490667861 0.7856833649123549 0.7777427976038045 0.7397606937356171 0.725323717522373 0.7271528838063444 0.6967425630417079 0.686244932025364 0.6450476676504251 0.6578220303756941 0.635167153873576 0.6455314054700313 0.6272547618995397 0.6655322378476721 0.6805124520777528 0.6759580502154943 0.6512665063688521 0.6774003158317594 0.7122478077452806 0.7446417288662545 0.7456875217641816 0.7107085096750099 0.7255837729429513 0.694261371557789 0.6819761632816452 0.6534846382549869
0.8164869884314929 0.7940633093077495 0.7877082080164667 0.8148420408657673 0.8407518376607157 0.8473303626593784 0.8474716543746342 0.8407443406350547 0.8444720083653695 0.8456218521520107 0.8395073564335928 0.8318448557761057 0.8031983644738276 0.8061936135551515 0.7735005333781427 0.7646585826403749 0.7896228571852119 0.7931823833094621 0.7478256362509825 0.7303651552981436 0.7277910647403163 0.7033839618426493 0.6824297889861318 0.686727240171267 0.6802930514214685 0.6584358828886239 0.6441930278146848 0.6369664073843115 0.6137104539778818 0.645646924806236 0.66058255575126 0.64594760436318 0.675276466360145 0.6931041956582311 0.6930208169721717 0.7270137539173638 0.704220830215835 0.7244341256031736 0.6941733497993248 0.697949289412121 0.6533214731955178 0.6473510367733337
0.7651785385250469 0.7942916954759102 0.7824651119040843 0.7816856014663154 0.820289419668722 0.7953643108859723 0.794037761413364 0.8144415850823132 0.8266290583531307 0.8046672794439074 0.8166241009925738 0.8003686673411794 0.8000881006001246 0.768216848233922 0.7437278765650571 0.7379483235735943 0.7800037922409233 0.7435401451351789 0.7360866078012812 0.708923666452959 0.7051366423954404 0.6658388386705308 0.6581785894087105 0.674253204936064 0.6739427551289362 0.6611721256809542 0.6474656374536473 0.6517400408837744 0.6211905987190228 0.6156338607039663 0.6389304380987736 0.6281983217360867 0.6358242478168218 0.6571166463194017 0.6967212722561364 0.685663567536631 0.6998805096168447 0.6974057981097245 0.6726836766215063 0.6432929231840078 0.6369768444429423 0.620643499923722
0.7459823351091966 0.7683737973875487 0.7437175992499426 0.7555947590344241 0.7455297179458135 0.7627506164797386 0.7605655302190738 0.7455148510876464 0.7460184933864062 0.7759713235469294 0.7494590627191124 0.7519522941893445 0.7311353900101697 0.7261219769085213 0.7286900339259031 0.7382527445624111 0.7390510859068592 0.7311449068149639 0.6913182547632224 0.7007937350406489 0.7018536271788433 0.673993911849354 0.6506009217440382 0.640968678996653 0.6715033617304786 0.6685892808497105 0.659741847220396 0.6262485580254277 0.6180044244478632 0.6274296988588581 0.624153582561834 0.6519688169923913 0.6499291375669458 0.6640224601536422 0.644214819919006 0.6565417322904172 0.6733235495089024 0.64294501565922 0.6345314496733644 0.6310701679275086 0.6286193450696678 0.623190843305031
0.7066692211304506 0.7406788305236728 0.746178529166142 0.7094180835304091 0.7234294343021906 0.737845566983526 0.7218734596062898 0.6902135246390214 0.6800938883039068 0.7129748289098679 0.7309765129234435 0.7081725252212353 0.7256628816237345 0.713025083197556 0.701923141871979 0.7179984468348368 0.6974785927296098 0.6942569643828823 0.6719035353923197 0.6838047068920626 0.658763730348823 0.646209415943408 0.6376912147279084 0.625959316420195 0.6707756420969173 0.64077499126376 0.6204456992818009 0.6069633289830542 0.6152662093227648 0.625251071131221 0.6107118058609761 0.6518456300041471 0.6442034556546696 0.6299577547688995 0.6209391501007882 0.6166319684644547 0.6177603308795692 0.6348464407566241 0.6204804903913674 0.62608091875982 0.6012846860530364 0.6275801123915166
0.7047979826573276 0.7125817172549025 0.7068591991298432 0.6902120011365661 0.7080001792536154 0.703007003623417 0.6895678307577949 0.6925751570271957 0.677440426393609 0.6766111654896324 0.6758346808885428 0.6738021154982154 0.6638759490452822 0.6899645723022835 0.662071986541487 0.6627473915793112 0.6792172679607307 0.6719659504909383 0.6640621718603842 0.626983631971428 0.6147092289682593 0.6238405645898762 0.6368473718495105 0.6228140234764864 0.6498127726344414 0.6464244319149187 0.6456381685682199 0.6385877735189124 0.630469335532551 0.6046671982766263 0.6099021054398914 0.6467675083058685 0.6411337234923844 0.6100593222197528 0.6024079134806748 0.604934340983561 0.602952355539869 0.5866993452215291 0.5804277747521547 0.5925272010553788 0.5978492598460599 0.5986990718326191
0.7112460531510585 0.7012925774003279 0.6977031484079566 0.6681347387983428 0.6459982925670018 0.6580332669075891 0.6741707574573266 0.660018777679446 0.6256900772867238 0.6128688380912611 0.6221555300884131 0.6384479986640414 0.6319875245613704 0.6623108352415548 0.6442798369647262 0.6328142812783969 0.6560101844631993 0.6512250491178149 0.6087039200929046 0.6237115449763264 0.6202463984778546 0.5998006692480632 0.5985397060587491 0.6186517609065505 0.6477453222776293 0.628309288740572 0.6236116363696295 0.6409928676126964 0.623282726301981 0.637853420838875 0.6345371245851248 0.6233362633203121 0.6211153952048849 0.6048402638537718 0.588575121664929 0.6101840768821896 0.605580150454795 0.5626396866682735 0.5630692160928151 0.5546060998557278 0.5833556343272402 0.6068024686455906
