Raster_benchmarking/continuous/raster-119.asc
NCOLS 100
NROWS 100
XLLCORNER 1743150.0333711186
YLLCORNER 5469282.265809801
CELLSIZE 10
NODATA_VALUE -9999
[rows 0 to 18 of 100, columns 43 to 85 of 100]
0.7816814840306275 0.7822968817251418 0.7758835403719436 0.7788117761801147 0.8001138954869399 0.8220844824842488 0.7848717511666586 0.7808096362578614 0.7915867005984831 0.7568568923876416 0.7410348912137975 0.7215211374747936 0.7209248314472704 0.7291823391618252 0.7122062611631276 0.7461685477887315 0.7099085687058697 0.7058609297513353 0.6956701004733818 0.6633468631205619 0.602627610007903 0.5775394848080319 0.5774258847391613 0.6027336044003413 0.5707232816744948 0.5298771084046069 0.49220402717918527 0.45670947192447936 0.47599002807690505 0.4344061636210988 0.4346481279350222 0.42636178558337395 0.4129975781759154 0.43748046049735245 0.429379943056624 0.45959788450144395 0.4079320755761823 0.3972627107275017 0.4194453538983089 0.43006667756730477 0.4289447803888846 0.3856258023965738 0.4012758792828661
0.7310602358118243 0.7752026640293257 0.7864716448486246 0.7982842801080796 0.8102106252975488 0.7973357386982771 0.7936532410541803 0.7997970489069558 0.8020931380712027 0.7724779350069545 0.7655816707056923 0.7381243593484096 0.7737931456394839 0.733946632914729 0.7199806805270428 0.725453062396586 0.6985856365754494 0.7069057811012133 0.6959821025720653 0.6507690198398526 0.5976154759227946 0.5875979431102034 0.6015834051505283 0.5751499053267751 0.55883898519347 0.5322259546548078 0.5049190534870678 0.46736201221879464 0.46610656459524596 0.4530417464182034 0.4210156560792089 0.4247199024819206 0.412083943990432 0.4460003575197473 0.43920972602304204 0.4153056142046124 0.39245204161078623 0.39730311109836186 0.3923777365291578 0.40018669890397707 0.4236033017891469 0.44434336389592527 0.4446227615264068
0.7252158558105498 0.7562641516645112 0.7688480359942846 0.75531615427606 0.7753885736364279 0.831019693028432 0.8327346654911527 0.8154545547184339 0.788896620678044 0.8260277067020201 0.7923162223330951 0.7891065445958988 0.7707610333718183 0.7607338363889072 0.7270499504529885 0.705848238061917 0.6963050799354825 0.7106184431968163 0.6791301883237756 0.6234968909422651 0.6098851849930761 0.6220537583552308 0.5911491872373986 0.6084845393587593 0.5771871385026425 0.5391690279388504 0.5198659796839775 0.4672109289524159 0.46486188319857136 0.4661521003885556 0.4397590589749738 0.3965268013008699 0.42769419785237694 0.4279923683509791 0.43092196885705847 0.3899593482957429 0.3843130990501642 0.38821807880658626 0.3894565588884469 0.3888864116014736 0.422508173147512 0.4563167774469691 0.4442494337349996
0.7185981557980134 0.7297713448460745 0.7364216292959607 0.7369267040146358 0.7784836520978583 0.8047591378895235 0.827589518270646 0.8251272419741297 0.8028390423999543 0.8066702113749686 0.8052912404743556 0.8052273109729982 0.7684271691687222 0.7627886119027589 0.7498240239894822 0.7260679051565729 0.7117035437878976 0.6859304006349428 0.6656077896396722 0.6488556588409705 0.6429395145725573 0.6240264199656279 0.6094400526525492 0.5790909705822604 0.5536706611608354 0.5092618762231563 0.5220641916510491 0.481867138690025 0.4541359216177117 0.4230288128368129 0.4143539006061657 0.40674969352940854 0.38637545596455397 0.4146184857567698 0.38782198550996233 0.3687045897349271 0.37961192833000096 0.3770510119906202 0.3838436402801357 0.4013300819104466 0.4347533761583974 0.4436154468946331 0.47577742687873975
0.7310258050380685 0.7263952909272855 0.7265998754087984 0.7546949147227504 0.8025985588191884 0.8207978501324062 0.8015484006119806 0.8165349083281306 0.789235329739581 0.8163321631097459 0.8337714350975535 0.8096304351397966 0.801983803532449 0.7872649091347486 0.7660349517872505 0.677845013627926 0.6841380488354214 0.6637809680915961 0.6721378688161929 0.6474479362025731 0.6605416070917828 0.6266936843134001 0.6049521091606738 0.6188805125246453 0.5745460029749687 0.5205400140530014 0.4890107489371001 0.47099921108767967 0.44691226040347243 0.41545350867238307 0.41016612848248235 0.39883815047874693 0.3755617747372718 0.36690928563460745 0.41443103216574373 0.4157643768035199 0.42032860060551364 0.3963478280153036 0.42468916343053426 0.4173511177889669 0.4423227320974721 0.4637218424186036 0.4828777980343626
0.7314795123829723 0.7299638280377007 0.7583845059054978 0.7863013342596967 0.8146655346913972 0.8001497554650627 0.7964702062963037 0.7949764219971518 0.8167747718043077 0.8032016789119075 0.8257150441519968 0.8259992045137495 0.8195244606086839 0.7920372541106743 0.7540959821370035 0.7101908585446034 0.7127362013115495 0.6714883932772217 0.6534099990623878 0.6687215137147233 0.6370018715614022 0.620770295944885 0.6032124747704689 0.5960522162214739 0.5624666299952106 0.5558549129206372 0.5127245907430951 0.47945949541300636 0.44695786845180424 0.39833250878096504 0.39793099550457917 0.36364908420484204 0.3851931825162819 0.38061888051041987 0.39467271386931596 0.40997261280815733 0.411894366369577 0.43615311083135594 0.43486640746079674 0.4212375386333779 0.4469102518336076 0.460845774725357 0.4593610806639125
0.723716293852084 0.7588917709361153 0.7595822316999306 0.8024434166154553 0.8274007588723865 0.8346516207415794 0.7858058734785441 0.7787913924335449 0.7750839554441449 0.7825370222103815 0.7787828131947274 0.8097119790567409 0.8094599565523718 0.775198142218012 0.7644506706012248 0.7078005180513169 0.700751383636932 0.7135592143438633 0.6990330982795836 0.6598533255021442 0.651305008031324 0.5990568005974174 0.5780973091574505 0.5926989196692762 0.5494052882886825 0.5439059975777466 0.5076959228119884 0.4533161150275775 0.44006630241042377 0.3827470709809919 0.38242119209613723 0.3652834599804959 0.36852990362596444 0.4031501279476105 0.4092159685535246 0.3679922175968706 0.3992103854977911 0.427572763449963 0.41308645800876753 0.42161532581159683 0.4440980351742244 0.42171973162401377 0.43638725172911264
0.7416992609897126 0.7479894531450794 0.7228334080287565 0.772519078353991 0.7628883072373769 0.7919939139554475 0.8107521267448266 0.7824757919361622 0.776286732202378 0.7886810541094634 0.7598038180795242 0.7817628334288625 0.7603981273379453 0.7759958913857073 0.7557387336820236 0.7486677956504117 0.7291170462787031 0.7022601228669303 0.6965410779116893 0.6698091163341076 0.651066754992338 0.6075238876822623 0.5995886522523836 0.6141160185859144 0.5702431756502224 0.5550181991548014 0.4935471342310933 0.4281612910864961 0.4214853727245831 0.40432018004051923 0.36705476548784743 0.39746603470980296 0.4099220642774955 0.38232705779104365 0.3964746318431879 0.4239748806747187 0.4324551179341166 0.46033308300491926 0.4436995115747659 0.43325062471981607 0.42598167345913857 0.4642325562684469 0.45388818196417047
0.7255598671772291 0.7064047448235644 0.7014136721272303 0.7180722106184964 0.7555702024236558 0.7933353096336377 0.7856579156887465 0.7664701392653587 0.7562481664088238 0.755369341152471 0.76092634221208 0.7706890571326573 0.7512592151543888 0.7365109337201445 0.7404796285993802 0.7621624123051699 0.7458395377712917 0.7319738179335626 0.6757934971443118 0.6327723828503456 0.6151706753190818 0.6275953945150131 0.6332404183197767 0.6162315124358417 0.591598438020489 0.5573273945006834 0.5090216093302208 0.4420919829298183 0.4490779273014614 0.39572907249032874 0.4083379446626373 0.3964157309724182 0.39997735244685445 0.4100113237705336 0.3996018000271124 0.4235591889361338 0.43425187055434833 0.4588661955246955 0.45327687899168134 0.42874796041184315 0.45063374025373015 0.4590528221355486 0.4938128285620181
0.7497324685603992 0.7197800932061301 0.7122097001725873 0.705626765463481 0.7557397587096442 0.7471795014176009 0.7589147527386851 0.7489538661852689 0.7485297842197121 0.7352871114046591 0.7796948725456136 0.7665703879049175 0.7779507878522649 0.7647216899269312 0.7678935520147975 0.7649553214863074 0.7546962769806155 0.7281933280681796 0.6667438576929683 0.62312085568587 0.6348670185857752 0.6026658354446234 0.6228971953156804 0.5817359399935765 0.5390093525729356 0.5380155122423887 0.47589376625371993 0.46087684554237074 0.465525480907463 0.46516454382206107 0.43803417033471975 0.41605026899425573 0.4401344868469444 0.41641611515488514 0.4072161014281831 0.43075631423022603 0.4686434177856421 0.45591299408160874 0.4434497076564649 0.469931684442711 0.47812706561252555 0.47902593378814295 0.49164803365819126
0.7574888373599138 0.7189219780133211 0.7285931400608204 0.720293590875742 0.750966609572549 0.7441723855318646 0.7593110267573879 0.7494326019812994 0.7752685151975516 0.7428091561719294 0.7505193009399205 0.8115055194231207 0.7866524426787566 0.7385852334347544 0.7641189338466419 0.7740308164012866 0.7493196433469141 0.6885207993010809 0.6430486074358572 0.6547721925074377 0.6117750511870444 0.6004775258485184 0.6086673294956645 0.5583028513286434 0.5554405491432131 0.5199855756264468 0.510844482879514 0.4658743000699757 0.48959788454362685 0.46445021745389387 0.44190049903544665 0.44397674620400446 0.4522130689334337 0.43023187740058216 0.45289194652052794 0.4599317390622971 0.4655374455286865 0.46502610440612935 0.48095340371534273 0.5093128953701361 0.4918317902480525 0.49659948386211566 0.49807244391868416
0.7267571707935616 0.7115377474476101 0.7465232373408334 0.7272762448451036 0.7423647556102043 0.7786798196581748 0.7730272666182391 0.7827388633047856 0.7650255850212478 0.7671128785748632 0.7590874955403444 0.7553782226220748 0.7780152075760409 0.7536146283890708 0.7503641045814777 0.7610978334675292 0.7381013319446169 0.6678884433475223 0.6559825655720564 0.671700957277957 0.639278000246971 0.6157652583357133 0.5647411707026128 0.5500674962829362 0.544156638373339 0.553630106618187 0.5158252742426269 0.49112944225017396 0.4805061909939379 0.47548539741993207 0.46477970352738873 0.47123016726013534 0.45428034604346595 0.47566034119099954 0.4572629316712009 0.4820292723056727 0.4776673987936938 0.48753926702717076 0.48166737241219687 0.5067082863931579 0.5208671748905946 0.48497195324127446 0.4990247315764012
0.7443779319523384 0.7134499676086136 0.7165249460837606 0.7485034862925997 0.7551928779988872 0.7986178163964158 0.7652732587698251 0.7513039291930012 0.7568013474554832 0.7790667003276468 0.7770504242695202 0.7545510966331015 0.7410919488166551 0.7574149843804092 0.7512599130796938 0.7264333484076698 0.7029375895239807 0.675220589525928 0.6719313816202075 0.6972860821651046 0.6477382048317706 0.5956956292480017 0.5684536690607619 0.5853099818949418 0.5476792738764165 0.5580749012212796 0.5472505659543683 0.5041258461354795 0.5121994088458404 0.4858956736264421 0.5230495582772989 0.5312429293560998 0.49317937995468253 0.4820477834970346 0.49293421955698535 0.47654970828651233 0.48368360144622713 0.4740436475273745 0.4715796844527402 0.5023397124046447 0.48790767790302003 0.49990531143993633 0.5216821587462747
0.7183342328131626 0.7011599689210491 0.7363697809313162 0.7918757819208866 0.7895901059840589 0.7723937641222166 0.7956146394797236 0.8123954305236814 0.796153236383117 0.804587330936458 0.7600929344252485 0.7410797770833142 0.751576837557872 0.7331676729431186 0.7485496315364744 0.7328985948652242 0.7052900764372042 0.6810612846187203 0.7084535354655933 0.682054155994541 0.6709793262491848 0.6188532607318374 0.5672164758046213 0.577342678278198 0.5716495677022796 0.5636945568481431 0.5434856072167465 0.5425069752707572 0.5053265207795593 0.5233400135262116 0.5220562023659172 0.5188008088451502 0.5086356884494082 0.47995671334139584 0.47867158306450774 0.4940713023491712 0.5004942349533015 0.4885002125458692 0.4955274765631199 0.4968800205439643 0.5197396046849582 0.510054654482885 0.4859047847742864
0.7329687436516976 0.730724623213857 0.745119556372298 0.7952573382342673 0.7891641785689156 0.7912773793315662 0.7902474493687244 0.8111853526681316 0.8109274917602124 0.7842272858206059 0.7478507953781542 0.7420222417965299 0.7536211334354004 0.7006229306444158 0.7254891644701349 0.7231738472489667 0.7207501454767054 0.7183274682511979 0.7159891893546678 0.7067405067831656 0.6818239212490405 0.6248810706782515 0.6035285864093095 0.5355357116499293 0.531754508308895 0.5394856313977234 0.5291659409332158 0.5688111350757269 0.5308993844715826 0.5516953079644209 0.5220734009468515 0.550430959688074 0.48935896874715107 0.46716170456527817 0.45561174292092166 0.45637736858747036 0.5008363580508146 0.5138622174693225 0.5092326037280704 0.5327304786859899 0.5169934420805445 0.48284657227632777 0.4867045753375026
0.7481468205214714 0.7902165837000715 0.7967109402252849 0.7998377671258308 0.8050471056394006 0.7856456385021403 0.7749340841209377 0.7500852363185734 0.7573273830730126 0.7294104106917839 0.7476553111568349 0.7513524140876965 0.7342698543261454 0.6814236534645257 0.6779363670127457 0.6808754958490733 0.692689512688762 0.7074224467117411 0.6872230593802522 0.6596460764526447 0.6523835590857464 0.5927647545465685 0.59803964637334 0.5878534942433002 0.5593103990032042 0.5393042749339262 0.5219089229883179 0.5150750119613678 0.5405570582618255 0.5620683928663207 0.5446866295842814 0.555203239678198 0.5086106824193324 0.5210969997740714 0.5044904881336065 0.5043511647889047 0.5085139204323176 0.4933035053410769 0.5095396630517989 0.4732055487351663 0.47918094343218726 0.4840584550430528 0.4682275624260214
0.7473202312978846 0.7932077666202192 0.8017019991393942 0.8247709777777684 0.7735166337876477 0.7605444506743174 0.7342261584185786 0.746977574539285 0.7411273663540708 0.7148709035527202 0.7091797729263453 0.7149387356723368 0.715599830806334 0.6950061970059418 0.681588612713376 0.6603086555765633 0.6613030309596167 0.6376033416567192 0.6329292106674687 0.6569192168892887 0.6151946702079752 0.5925116908335704 0.6163108763127012 0.5982671553442002 0.5549831155644475 0.5332388281714502 0.5452948695918162 0.5135443535108069 0.5273699602593456 0.5452821834108205 0.5409535658109866 0.5674043883015197 0.5177167676785888 0.5068253109351848 0.4925163371502246 0.518758498744853 0.5031314603477033 0.48983908850921254 0.4820633598777624 0.45852032538427334 0.4598488385798357 0.4837780736480471 0.45270628284740594
0.7454129479015253 0.7792612039440999 0.7989389490877429 0.7919353951558359 0.7962357229233152 0.7496803309647485 0.7296043627260382 0.7499929543035158 0.7543323561457977 0.7423948065380368 0.7143029844514796 0.7232342845417524 0.6902531161717897 0.6925766822371638 0.6548390039980717 0.6344142400905454 0.6135602280750228 0.605002168912115 0.6121605155433617 0.6146074464147486 0.5896377268986099 0.608317079928042 0.5801765335867435 0.5662079463500292 0.5934908594238565 0.5553992173752058 0.5376729585581758 0.5029418274064144 0.50495605806901 0.5487417335933207 0.5406533725289947 0.5357358925354699 0.5016121185809242 0.5105845874748954 0.517189624670767 0.49244734452646366 0.4846382490668316 0.4979001619656145 0.4653231810683858 0.4326056229387896 0.43609185044368914 0.44393447935465685 0.4282189586711595
0.745855015276665 0.7588160202116827 0.7632849284877464 0.785559610506545 0.7423812122311185 0.7237136540443998 0.7303052473073511 0.763123795746381 0.7299086465397321 0.7407632554170727 0.7042924936654816 0.7008045491484326 0.6623911537150522 0.6343041875208556 0.6312230890301669 0.6397643713193368 0.6257274271866281 0.6142711697155291 0.6063877511205378 0.6138029905163981 0.5879428933881072 0.578008847502128 0.5989140274660857 0.5791768937193582 0.5996598744956686 0.5707778536162014 0.5471569347151218 0.5432820658938173 0.5325139147204913 0.5095527360876391 0.5006823880848144 0.5181962662715067 0.5360423372066685 0.5004981446067249 0.47357120628691846 0.46531135641754057 0.46566722489155155 0.4593590372640705 0.43263291787889446 0.43485328795362066 0.41892332569534324 0.4478754092109336 0.40425291189828805
