Raster_benchmarking/continuous/raster-175.asc
NCOLS 100
NROWS 100
XLLCORNER 1743166.787439761
YLLCORNER 5469292.177565371
CELLSIZE 10
NODATA_VALUE -9999
[rows 19 to 37 of 100, columns 43 to 85 of 100]
0.2187015591633043 0.2244581730920887 0.24523051877770816 0.23365053815956713 0.22108761588906992 0.23111914292130425 0.2451488966502692 0.25626342451592976 0.2554350095285587 0.2784909467716901 0.2761416163685568 0.2531022129470484 0.2705565114309923 0.3091107721687617 0.30320149850101136 0.27515450276325654 0.2773995898461982 0.2742068854822962 0.26297500423806947 0.27024594785732287 0.23254809452528752 0.24865740636166947 0.2631134599088688 0.23499455159148325 0.19406050553140475 0.2052644619555197 0.23074926714967167 0.25761345167595356 0.268640919458726 0.32022118372685826 0.34022494689557675 0.3078256747339126 0.3343449097182795 0.34034295065741776 0.3430382240334625 0.33339210321008517 0.3002593757528292 0.2831089587484551 0.3032994274249371 0.3196807754178149 0.37738160103717916 0.387450184233821 0.3897040170220474
0.219855117256583 0.2182590539508162 0.24451631519217967 0.22910596843304787 0.24104659778624457 0.2210663469158014 0.2509195756022005 0.2369853729472833 0.24522583148064428 0.2585008096721572 0.28785201449311515 0.27852138576512253 0.2901019209170311 0.2911498166213087 0.2687739335933378 0.2746601192987227 0.26651105057897106 0.2714881870324832 0.2515235782362391 0.24302326362627527 0.24247143107926467 0.23496629310325262 0.23254771717251868 0.25615580466493615 0.22462404200948347 0.22235564879110464 0.24207181121646867 0.2794884095108524 0.3034826778411051 0.3125787415082915 0.34178073359195027 0.33715450560280463 0.3497225764102627 0.3614549574198982 0.35732411550595505 0.33877091833550504 0.32623283493687943 0.32600220602625046 0.3568172175790665 0.361021723329132 0.3863286593616283 0.4099049698624624 0.44819202056333735
0.22631322002878307 0.22438554928699944 0.1898419985888754 0.21596621169616853 0.20360469028522732 0.23935597825927163 0.22292949278126228 0.21677769138870823 0.23135182692998052 0.27430617833817517 0.30264629191980297 0.2584854413631983 0.2756053638737307 0.2543012718592103 0.28340598617164153 0.2723770404237486 0.28584913960836345 0.26514212927919667 0.2965509857631732 0.2640190242822361 0.2604332652061342 0.241714335864849 0.2615595755251591 0.28363225751006643 0.2204084170485026 0.22467260688903495 0.25609011889598277 0.306439104325222 0.2889604055702852 0.33523431115711555 0.3525561108465843 0.3497864029056555 0.3779829044646313 0.36335934780926665 0.3477842166352465 0.3793074340344228 0.3821160194328711 0.3816094418216055 0.37912632785832207 0.40261988148720296 0.4371841116561886 0.41934797611766833 0.4409251683020564
0.18371990596151974 0.2082930065075793 0.22327315750291685 0.18973219116591877 0.1901572345258622 0.20702172628002974 0.2371137921547783 0.24426545014741377 0.24595805158324113 0.2487973352438959 0.2674343281298455 0.2505173943684553 0.2728307982158607 0.2558686126831266 0.2743370485564265 0.273919958230297 0.2989139858995484 0.30178887324203557 0.3153458811589832 0.30980977757334893 0.2856951937167527 0.2845339826041541 0.27327072839532424 0.2972873502952129 0.28402314835842296 0.2675322498339251 0.2988213733785703 0.33972865115722145 0.33803918035741104 0.32456611500176435 0.36452195503663226 0.3430004421425032 0.33079777794341114 0.3697059465707098 0.33875568870018924 0.38549590737909895 0.3701272934450044 0.41381304257772467 0.41176086579139826 0.43571007878113066 0.480508307201565 0.48432583097954107 0.4827224335847289
0.18241554354236061 0.23293693810268362 0.20831232847767683 0.20378473722471024 0.20401334287241502 0.23924645968486527 0.2572693506752438 0.2736362661016557 0.2969759185713502 0.2827730730837057 0.24157785550134847 0.2658129649436679 0.2293900084001402 0.25036864794479985 0.2775837093217411 0.2736164939228217 0.3141947083991152 0.31082134305757264 0.29527458949832214 0.28502834653881626 0.3048547260125873 0.33041581510174545 0.35084371452117175 0.34341827270931885 0.30355907349559297 0.2843284023942221 0.33340985575338167 0.37798435555610654 0.38326559487263395 0.36723328638163266 0.34472600340063786 0.33105451180831863 0.3333189009559976 0.37866323834025867 0.3392415788541385 0.35900954959388043 0.3806664944298156 0.42724581352133406 0.4523504113385226 0.49362184055216973 0.512047516230667 0.5142932857742525 0.508138480269742
0.2198807788054711 0.23874306544244356 0.21692355601962127 0.23389205898445828 0.2094163393191334 0.24851672472391031 0.26245536724419555 0.2899867961288351 0.3059563665845828 0.2586419840331825 0.2481695481541034 0.24289031938701003 0.2158647746617061 0.25110861733085577 0.2678285463470806 0.25927319928874176 0.2958875417336312 0.3237807271420813 0.3128285049640644 0.3106629817740355 0.3130567351019494 0.34531439078449905 0.3659828836015346 0.3522593197709784 0.32588169687604057 0.3260193889355326 0.3705908001074054 0.35624027921593765 0.396823133384808 0.37839622698413555 0.359808538524995 0.37248852672300947 0.3900804220650673 0.3793738330389755 0.4054631987635241 0.40847078649720175 0.3924318382426878 0.4338605828619698 0.4671920918858522 0.47848648087769136 0.5168596544446246 0.5705440107281324 0.5648967078128504
0.2269701019615571 0.23561383284612503 0.24175325904734787 0.2170354863028565 0.2235345806339896 0.24692630940744928 0.2817355295488073 0.3023292811864354 0.27556674295664846 0.26337827406301223 0.23137602906098384 0.2647796478673256 0.22083488325743672 0.21084645861689144 0.20764722620437537 0.2429987479522763 0.3048416698868654 0.3355844243461125 0.2969663794080489 0.29887850601420635 0.34206469663705624 0.34958889603562404 0.3826470912180754 0.34975122298337374 0.33651868896886744 0.32731402171648544 0.36842632005432785 0.35353859794110026 0.4049968374518481 0.3849676555494083 0.3925871437518951 0.4059501615003568 0.3995524792331379 0.3949521583997074 0.4002589733584577 0.4499828695832853 0.44584499162195934 0.47479992330966697 0.47811197926817783 0.4981680049440833 0.5676765861815364 0.5715313951544493 0.617314219287848
0.25123139248463405 0.2563327220794564 0.26223559017110554 0.23199709070982225 0.2188118692498548 0.2423283595452731 0.29440139621070105 0.27455786408042454 0.24472240550393437 0.27702139585791685 0.2572452164879348 0.2674563953988913 0.2212725516885864 0.2217999875728153 0.21938651117716332 0.2481329062508063 0.2756976535132608 0.324402041573733 0.2856322723916198 0.2916866335974339 0.32369313881947287 0.3748899203016008 0.3593301201246689 0.3779863006273887 0.35934390017019024 0.34109702754008114 0.374360619649655 0.3742624963447363 0.40011046265979455 0.3918323386438283 0.4230345105978394 0.42630990927216805 0.4437326885937091 0.45353888496808525 0.4647517990707807 0.4557041796428609 0.4819651724625485 0.4649459456810568 0.4961237984647969 0.5192642891129444 0.571299966253011 0.5911137003370788 0.5769098611600612
0.24261027294004686 0.24257676593410257 0.2395526194002924 0.2567625241227024 0.25815529959759953 0.27549371035726156 0.28031673284525344 0.2280116718377821 0.21715478544370775 0.2532335899917661 0.28824326169035813 0.27514643648447684 0.2631724418423966 0.2513546656389423 0.2736447782746993 0.30940728104161097 0.2995457861739536 0.33314637750796366 0.3005753464613609 0.3088673243373186 0.3244959934860432 0.3530266977844756 0.37073070615742726 0.37524742937239225 0.3621077928566939 0.3629422541163805 0.36416247996374074 0.37623249182611274 0.39955618469372983 0.3963993114096855 0.41662044633260287 0.45704118326641624 0.4722214372382257 0.47738785048126287 0.4468171191113869 0.4776190775094664 0.4737718884019415 0.4721109364912488 0.49256075352034684 0.5405221710346522 0.5266977715544946 0.5455669348219659 0.5708023823109022
0.2777562808713087 0.24922234003606658 0.22623827254688106 0.2437966889132922 0.22188138930266937 0.24469632824913026 0.26293351965110334 0.23294859600954881 0.2550229297415242 0.2724277955747936 0.28637363505134333 0.25439840157859317 0.2709792565244902 0.25698768159177265 0.2692511774888676 0.3184550663109147 0.29480577891694515 0.3263080737462319 0.2976350789723088 0.34099633491855014 0.31913659451375803 0.32762859497622404 0.3380362672567409 0.3634505692988008 0.37974527059606883 0.4085806188159384 0.3860715475490801 0.40496304310185344 0.4002857360596847 0.435669617324621 0.47198082853540263 0.469730133315998 0.4886125467661331 0.472948080842724 0.4491633373316948 0.44205300316446855 0.4551690790378194 0.4824957016615444 0.5119116728688411 0.536168195023347 0.5806840846313298 0.5812783601083501 0.5994660588900151
0.28572042751835086 0.25893199068338346 0.1857589736919465 0.1997115385360981 0.2207031021081395 0.24111708158692277 0.19248653915661 0.1994061899136264 0.1994578812672567 0.27015546275597996 0.28435007354044933 0.26849431196195267 0.265777271747057 0.28960692108173575 0.30457536646109146 0.31091272119464136 0.32343377896832926 0.3006167475120898 0.3163851262850135 0.3071595090351258 0.32641187138855704 0.33486699704512857 0.38248764393536616 0.38005037132147285 0.3954692515036806 0.3884990015239869 0.4257145401981289 0.444437872960364 0.45827808652796564 0.4599189867165449 0.5113689466867446 0.51808117953741 0.4970958310986205 0.49030809601900005 0.4379874078643602 0.47117247651958194 0.4746576276749945 0.512826766577977 0.5648816599977521 0.5329169726210009 0.5774757480971723 0.6009161608179616 0.5823445470454436
0.28507796744703273 0.2504166155189313 0.24488202248133004 0.20419447548294312 0.22778354993201427 0.20798402113799466 0.2005147676129571 0.2215552129635877 0.24129957768519664 0.25597598770483954 0.2772451990983795 0.3215880144439817 0.29059101191210146 0.29260369171895206 0.3148110287773155 0.30763211926721845 0.28683101090723895 0.31291867322826356 0.28854721022590996 0.302854684266664 0.36131402364612025 0.3860898123147477 0.39382644624458546 0.4071533095206481 0.4418828767887421 0.42360528676151804 0.4520908778524134 0.47344726482382843 0.48722339829091854 0.48487089200985456 0.48065282174292373 0.4972190373255324 0.4635805224312738 0.4651109727070656 0.4932748994666404 0.4743516234542453 0.4971955985219454 0.5187864186763355 0.54717756755404 0.5555470251088579 0.5680116401748501 0.5825303159991781 0.5996730016672608
0.2800739511662161 0.25367112340253906 0.2519990360948782 0.21346725758234567 0.23178881289385458 0.25043842953110895 0.24278952344391266 0.24142005630712252 0.21981554441769147 0.27120084303870023 0.31135991234594435 0.31471556312607546 0.3313036863840052 0.2707011973286035 0.2577419905741983 0.2564978010693389 0.27015368055971684 0.2776507612025684 0.28351782575362805 0.30326189432675416 0.365953287914588 0.40817845810285547 0.3892450671568401 0.41219916213284175 0.4380364485375492 0.4773753765878786 0.5063039602449559 0.52455030154165 0.5205053822850907 0.49387946966003854 0.5197086152808087 0.5015575379994269 0.4850738114613449 0.5021724405947858 0.5354651383550548 0.5383531343103157 0.5229993611819496 0.5414561237044178 0.5020350834321562 0.5423199837747772 0.5280320493761156 0.528766921985516 0.5579320927909177
0.29401585847448497 0.24333782186506767 0.22110430398141956 0.2314673378164361 0.23134228948744154 0.25489750633826425 0.2632062428857437 0.2617632254794645 0.230030941897869 0.2792567561971679 0.31356632230996456 0.29363196927880564 0.3321180183626353 0.2992041282842816 0.2658687113943286 0.24266578358314198 0.23772629793195027 0.2596479377466303 0.29111684184033515 0.34547277415833033 0.3643767341353088 0.40296028863998856 0.41801708906039964 0.4331940755429307 0.4334714665000484 0.47137705397952645 0.49918604763850033 0.5218723104717202 0.5272650812123844 0.5080786101993895 0.5314982294274692 0.48325590866719403 0.5040003762744842 0.5129619046791171 0.5114346083708102 0.5359362320648583 0.5332995963751838 0.5193389098537377 0.5083010558181549 0.523631626960704 0.5445416946174135 0.5469319032030695 0.5645926810780743
0.2675596490739865 0.24517870205826844 0.22623673339488806 0.22378852525238144 0.2235385622096153 0.270221348732649 0.27194306969432974 0.28713929791562554 0.2601255936239472 0.28257707155905176 0.30334357670921913 0.2912669306978869 0.31779531104885184 0.28055585942946676 0.26350313630382133 0.23450569377974725 0.23792606117458281 0.2852505908535822 0.2871447890937126 0.31511438542214304 0.370091160349414 0.41112916722918735 0.41235386777104177 0.4423232087308147 0.48383067683776 0.4654973167932045 0.4798190353609727 0.5083056013464895 0.5460736588200272 0.5075048645905383 0.5192984976796541 0.5107207541898079 0.5019830763703068 0.5156649909521278 0.5275831226183268 0.5413424883836949 0.48834298246228036 0.5141853071333156 0.484667832861315 0.495913151575877 0.4844447722421534 0.5321553188451245 0.5211459005824519
0.2854609283602671 0.24820194546630675 0.2420293065842251 0.2562371861408572 0.23611581188944264 0.2483410694783337 0.24082124757021245 0.27847771012647266 0.31241129156491 0.31879605967644836 0.3236799370168952 0.3225768370522052 0.29053379814571506 0.31343540289480726 0.29943639461303717 0.28172920944579416 0.2957531210236562 0.2922027983512143 0.28349845622284237 0.3366708789215067 0.3619301462583722 0.4102376702872941 0.40437238506919976 0.43522128051932807 0.4528117532537176 0.4507162041701653 0.4916591172616582 0.4954334009449449 0.48476219692659056 0.4910820060858471 0.5046337208908708 0.5190648351404018 0.5185959275140986 0.5333216924576318 0.541951847335074 0.5195343510521923 0.47563572385094954 0.47330205202110287 0.4686550412599196 0.475425471236397 0.4764620009114102 0.5279859515844381 0.5528910747263016
0.305734681645544 0.29740574128519726 0.25559159261934844 0.2889803662490041 0.27849505379668493 0.261959310550439 0.2485773597446887 0.27225220104986236 0.3294127387199465 0.34261282041251406 0.3342317038406376 0.3464347162096507 0.30965380258942565 0.3091702770342395 0.3095646474448813 0.28968799890750413 0.2791192211837852 0.31139179383798216 0.31257254892519376 0.3384903019515861 0.37714909436528526 0.3865830453879957 0.41753581265017414 0.45125030547972916 0.4705780905240735 0.4844533942520214 0.46570829543899367 0.501727704464825 0.4927772178512117 0.49306643404554384 0.47292352566654433 0.4850116678823763 0.48277538472499687 0.4933824114361346 0.5277525398882398 0.4968995256582052 0.48736393181727206 0.48614523357818534 0.49068208224306803 0.48402638920039015 0.48432985168729453 0.5156257507572751 0.5609721963251859
0.31253802462882213 0.2782703240541663 0.2993376640395835 0.270838577688158 0.29346321930127856 0.27408474632755875 0.2601711625262625 0.3053483894357243 0.31633303222876147 0.31426150964251515 0.3452171344845234 0.32364297326674296 0.3074201060988312 0.3188644254123222 0.31419059877509675 0.3179237583718592 0.3162143370630993 0.3421023273414319 0.35213346316845817 0.38062020771855576 0.3652672418908751 0.3975399415245825 0.41738276460909596 0.4128335729187533 0.47386260672175223 0.47671074722513956 0.4735444960868996 0.4762587462404586 0.4419362021700154 0.4255054413562554 0.4467950598777483 0.45975195081093717 0.45950565396078374 0.5051286901203416 0.5252928114717833 0.5323319187854794 0.4914564820262941 0.4978569147784994 0.508015961550687 0.5350313257730694 0.5267436387631826 0.5548173822414602 0.5686503971065244
0.3173532456851565 0.31096386822326144 0.29083418730493865 0.27169109716998063 0.27429978023435464 0.2866890645151964 0.2751860832881079 0.30307275029612096 0.2912474266680937 0.3310821342451472 0.34504700906088476 0.36581324442906754 0.3701817778410654 0.3540251777044265 0.29244094966950934 0.2971449308851918 0.30928959207036216 0.33908509369638984 0.3806021950992681 0.4030636496734685 0.402301120785795 0.3845511005155768 0.36354368234798473 0.426937406707038 0.4433772470345547 0.4468902103772526 0.5000422429047291 0.4535463858243175 0.4145855978221813 0.3911630206490647 0.38825865541085686 0.4482320300232586 0.4556665328902071 0.4757437569088657 0.5168702792752876 0.4994117029819254 0.5223172950048335 0.49863992347998076 0.5385768085799458 0.5770479080137734 0.575016273403254 0.5862513667411742 0.5660733050775851
