Raster_benchmarking/continuous/raster-358.asc
NCOLS 100
NROWS 100
XLLCORNER 1743153.5405702803
YLLCORNER 5469285.141225947
CELLSIZE 10
NODATA_VALUE -9999
[rows 19 to 37 of 100, columns 43 to 85 of 100]
0.5331632691512428 0.5370368099373456 0.4795433724585146 0.4679071223248988 0.4461774169914921 0.4366511232876647 0.4266750774627255 0.4100109269991347 0.40111954622948803 0.4065265185384145 0.39554541250975195 0.3777265927240906 0.38530478030196663 0.37899635864779363 0.3237821633716414 0.3391963376590489 0.2941956352084833 0.3280806353438882 0.3308090623184396 0.3688972970239092 0.3755636249625017 0.3682984448824606 0.37686705214620747 0.40672926509886576 0.4129935793773211 0.3866474808493053 0.3314031530617238 0.3361522108853034 0.3047902048767169 0.342561462114694 0.352622275821863 0.34142245739196453 0.31308142241640485 0.31631661010701373 0.3085095113008067 0.2987611546672338 0.33547533583257605 0.3493576277077285 0.33802414209595766 0.3382524226752795 0.3490546895089431 0.34640071892598767 0.38051079910288665
0.5628779268616028 0.5387107553931483 0.5172388721257657 0.4811438316165602 0.46820855468992534 0.44786652058184734 0.4104908258356166 0.3974508909066517 0.3746443727562119 0.3870503544752332 0.40405929626444304 0.4066363001571024 0.3968208608128548 0.3951852007933213 0.35962654760700125 0.3453910492589646 0.3189887975303627 0.3542933358757857 0.3626700779976411 0.37029330939545385 0.3771648749064411 0.380417096968661 0.3907102871956539 0.3807398601013383 0.40870209944373737 0.39728046441129833 0.3837774261487523 0.3715444562395716 0.3286998256238484 0.3365771572603946 0.3556657126121471 0.3640965983027975 0.3512108865473519 0.329267325803751 0.303996453936137 0.29958990868282387 0.32169643142837595 0.31941751570694865 0.3255340923012403 0.33432964556754413 0.3390818105149952 0.34543739807204354 0.3575322078763191
0.5449369844372987 0.5217777994775995 0.5133592463286873 0.4984017460816972 0.5178705719733092 0.495158953686105 0.4477003793945773 0.4079732487085377 0.38284745949830185 0.39311135792879787 0.4104069994585376 0.40809589331595153 0.4247659289886719 0.39540312646735404 0.37164929881962067 0.35463651011283576 0.3351135578590891 0.368133707311767 0.3799257943207047 0.4153177961293809 0.4203049738490414 0.3983078809963241 0.3867572805790458 0.4101505635639901 0.38921726697465475 0.4090578705202132 0.4072453536281944 0.37438126323362464 0.35890158840273717 0.3558042333401575 0.3638407869905936 0.36468051658031325 0.3669719605554373 0.3486021711062575 0.3139789348640563 0.32219901506734683 0.3151993458231973 0.307306024479723 0.30885472445710893 0.32552776552739665 0.33858572847530327 0.34916517787601337 0.3480012822128818
0.5877946593726123 0.5484390240179543 0.5649545779418617 0.5274653884972461 0.509989772503146 0.5133705715639854 0.4720646646654618 0.42671275659096364 0.41505446577928373 0.419782598974658 0.4352124584071774 0.41113749677888267 0.43918061879426695 0.416586667900124 0.37402432910361855 0.37428263428031633 0.38292889148122083 0.37275357417860905 0.40455177962677513 0.41976657387018124 0.41595244940413173 0.3992529349065049 0.4025662790294354 0.41262457903010935 0.43923256472644495 0.44294993235858343 0.42536767013620685 0.40600994579361177 0.3965438556826231 0.3872493070317188 0.39569265616858873 0.36693615009551733 0.359710224067165 0.3551779268290281 0.35912956016056347 0.32761712114155905 0.3301883155369526 0.31196728728080564 0.33681447642593965 0.3398862667985173 0.3449425383777164 0.36834232976499093 0.3558720079954892
0.5974293993936757 0.6093465091428992 0.587858838071986 0.5392459166945444 0.5398517500915984 0.5261107578763154 0.5085966426429709 0.4724899736930646 0.4067065445128516 0.4357838973648873 0.45101451616003824 0.45456932391318916 0.425233119725914 0.4221456473227192 0.3795207735455172 0.38466904262384416 0.36550645388858405 0.390489714192799 0.42357798316026335 0.43653627940788675 0.42854981142025567 0.42869581350746316 0.4431528784550208 0.4191654749456537 0.45946235609401587 0.44280435054858114 0.4588663970577878 0.437475005415009 0.39382293945281294 0.3817902864739087 0.3953196263113459 0.39111638527592457 0.35965357318732655 0.37670139619133164 0.3708916521077398 0.3398054260501395 0.3509237360540577 0.342332602179464 0.32945325660478914 0.3243140375753514 0.33878042090875865 0.3517473940312337 0.37800030608701096
0.6379233308547902 0.6296582959781009 0.6095559044478521 0.5798208693549496 0.5523358298302841 0.5357476711506685 0.4989758668264293 0.48552394767111035 0.449683696774365 0.4614344697434722 0.47869598515030526 0.4560474766258229 0.43132837008926456 0.43719217716922304 0.4081399081174377 0.3863048316933397 0.3858548192552908 0.3790563990647946 0.39636218021014336 0.4358683483444483 0.442791741516473 0.45658193307017225 0.4506731357213634 0.4350726963035121 0.4738938395943273 0.4638340458255342 0.4366494149197245 0.4086394585696932 0.38806314276539794 0.38801693097949724 0.3715024057368032 0.3737005110384852 0.3793360693895256 0.37900526296191855 0.3860367945150342 0.37527152242484146 0.37460333178371247 0.3447008481972967 0.3594619943586277 0.3523998045718598 0.3553933984682516 0.3340234775910843 0.3750577438657193
0.6725973103959144 0.6355854759177793 0.6077721293698973 0.5771030453115316 0.5294691665723608 0.5389824240308079 0.5322581705060061 0.4958630493707149 0.4839337601134654 0.4665245460702693 0.46415370304964454 0.49074801218240643 0.4638785027142482 0.433901054769136 0.4220831281901623 0.3995298385916626 0.3834745338997159 0.403461270954639 0.4150198185387888 0.4345346513256774 0.444811912788819 0.4526433041066147 0.4443385739628919 0.4505202364143385 0.4712666889099732 0.45327703067999525 0.44855502520745133 0.4381837812991996 0.41658563952246425 0.39333923160762396 0.3717857707753389 0.37505667849136215 0.3554399879554043 0.36706826703020345 0.3692925736222513 0.3732005589171685 0.36073457094598466 0.360314151072099 0.3424653304322861 0.31457878793133376 0.3174475133639648 0.3227221089562161 0.37903915290769313
0.6498702289050272 0.626637377611561 0.6173983266125489 0.5558026450086153 0.5443676198646301 0.562553222460952 0.5568004667490505 0.5647191467741485 0.5326906058199656 0.5105769266287565 0.5083626193554289 0.5220883763775936 0.4972847693576167 0.46911419122459397 0.4538082591699186 0.41946216397806113 0.4378061853419291 0.4188108815101801 0.4373333738394481 0.45531925178405436 0.44670851149836827 0.4593166909427507 0.46060694297547905 0.48961874692627033 0.4590966245840137 0.4548245640973525 0.430287126732856 0.42621148310286455 0.412987780530131 0.425192834958141 0.4020846295587105 0.37559354908760056 0.3837032668928373 0.35355358121204 0.37306635243877767 0.3578646918397424 0.3448372407027482 0.3490913188661781 0.329461039201106 0.3233658838827173 0.33930638667619395 0.335545752579189 0.3461762949292993
0.6788455800776244 0.6357537307216218 0.6010739609788144 0.5752808026262848 0.5477149914836275 0.5871541087459068 0.5998256056312501 0.6083981028973624 0.5831930547585623 0.558661266716976 0.5601629145988463 0.5315574583009565 0.5225460200629128 0.5177898394613173 0.48065549073125924 0.4592634104691752 0.45152455933968966 0.436063346875607 0.45279401172848044 0.4309553747615209 0.45004352046416035 0.44368705935865294 0.46729614308103246 0.5082500444327097 0.4938287639301488 0.46832088870859906 0.4403919536832939 0.4375399126582095 0.43514305899043626 0.44207808560884576 0.4108369556687739 0.42175940125363814 0.40245643808233733 0.36548169626145344 0.34703371140198436 0.3442679956259456 0.3743002023509186 0.3707332817569579 0.3623882100678318 0.3573266393666237 0.3250220664197234 0.3365218644264739 0.3527960748992851
0.6826331139131501 0.6789758318459672 0.6442014127310776 0.6279040900693853 0.6013851856113159 0.6236690355216756 0.6113181884613602 0.6077991640350142 0.6225868851813586 0.6022189559925669 0.5936517178924222 0.5742655369092051 0.5307476893680616 0.5465711955863704 0.5298035005112708 0.4904682916897685 0.46692748392833283 0.4582603962250373 0.47406831250863724 0.44789940820133123 0.47699961710644334 0.47863316164107955 0.509863689332794 0.5136612178967118 0.5250870911042842 0.48493887615878256 0.468364184170987 0.46392657544793864 0.4661036504279954 0.4533249742592213 0.4489950409786055 0.41458138053294036 0.4038259541093167 0.3705066591928171 0.3520742392550397 0.37689324971763977 0.36515074368628714 0.35471428116706394 0.35850298110061685 0.33751289380303146 0.35380255171156694 0.35935906207871315 0.3369828800977098
0.6910424155299362 0.6718447018251837 0.6629283271377241 0.6657487302693788 0.6549183674253263 0.6514121126673833 0.6518553608093662 0.612496910464424 0.6127260352202467 0.6198279668941015 0.6184216327781511 0.6042804091768255 0.560756903027211 0.5472459893340129 0.5526775222013557 0.5323884442139035 0.5161780799542944 0.48400600853384895 0.4854316337837666 0.4918568370187271 0.4847360917744864 0.5111587273670608 0.51943707865719 0.5029228021230887 0.5305900841103625 0.49986974628220837 0.5164757995874075 0.48740473248718025 0.49054538425975613 0.4691506091755457 0.4565825025400502 0.4208657055747652 0.41944975153600517 0.4053687594736088 0.3683445187993663 0.3867819154540494 0.39541436472774605 0.37782654466623145 0.34901055909591255 0.33196303038219327 0.3652406885361861 0.3465625318493938 0.3239622213173125
0.7145470730658843 0.6771213429312778 0.6570838804686563 0.6685369759174608 0.6683354965640596 0.65920710641233 0.6830116266266079 0.6384260064369507 0.6134198649095252 0.6129260057464083 0.6408691631859216 0.636020719883693 0.6011155220715421 0.5855985511806474 0.5981538332951469 0.5707040307174911 0.5691638771340543 0.5468058635533009 0.5163053391989865 0.5255099244051679 0.5358271844664316 0.5400725429001082 0.5329189473216349 0.5256761708035559 0.5163503862420633 0.5276471149866554 0.5022206424356394 0.4727758344467525 0.4899373584384546 0.4515559557713404 0.45073405489145696 0.42950080562909 0.4319658802178827 0.4046334627222048 0.3836082025258217 0.38243470379806915 0.3771265887534 0.35898071974325846 0.3464750143074768 0.3594305275198264 0.34886807276842763 0.31553542731351675 0.33716056414987744
0.7375995972124737 0.7109891492778088 0.6999164144365149 0.6712497621944251 0.6942114212337159 0.6840417165472309 0.7019110190493717 0.6820273156085449 0.6590716595784122 0.6437224710902391 0.626635684611657 0.6486514637136518 0.6586317181134932 0.6326893934623178 0.6409294096735619 0.6147067852498607 0.6200338918604703 0.5723526130528696 0.5777163772063164 0.5535736203696214 0.5151790499392387 0.516528234470573 0.5579171461131928 0.53661042013413 0.5486043144725796 0.5312879732157908 0.4998735877156231 0.4896397045871341 0.4614042205969132 0.4717580618893724 0.44482258214551856 0.435441712367051 0.44431403992310925 0.4132207874036283 0.3762850554564912 0.3679767966070743 0.3790484957138258 0.37851247837950935 0.3715774216955499 0.3676085406386217 0.32900756321365876 0.34479343535042206 0.308913309778049
0.7063621164804181 0.6973579502262188 0.7074332363596534 0.6997553079830027 0.6708951562188122 0.6718708918554538 0.6999148898237878 0.6910109252189287 0.662963920565441 0.6779263198415096 0.6740243164993099 0.6549113826209249 0.6547322885322105 0.6282637128941407 0.6361792601800553 0.6084777751540191 0.6064298053218781 0.5762830685203465 0.589003972701283 0.5450415149593385 0.5076495658637901 0.5183191620254652 0.5484805437994107 0.5176810606637596 0.4949372886662413 0.4906922333153599 0.4634611855996011 0.4638954877644273 0.43813511338031536 0.44886597207381046 0.4459182471928522 0.4473419961176989 0.4335403873937145 0.4163564018729509 0.38965563100211154 0.38558133983861415 0.3806656366651944 0.38247067439818166 0.3648650999318393 0.3559188831991784 0.3357597081472216 0.3415970912781845 0.3504860333341238
0.732059655874593 0.7276020078433149 0.6917680816363921 0.6767085238465835 0.66512770144034 0.6995414547572125 0.6854847826539483 0.6951742912715346 0.6851457320326649 0.6980926248018255 0.7084026375364024 0.6579921319585321 0.6687143668788388 0.6287197073332906 0.6155040606270327 0.5896112513778795 0.5893283730523514 0.584187674340503 0.5766570228378693 0.5209609745532545 0.49932968960948965 0.5024183696597793 0.5176434146115395 0.4929377666667473 0.4623346451829759 0.44300201940832373 0.4416259611677404 0.4255745954465229 0.42446885639229004 0.4298821791873188 0.43331837417700586 0.43738509426277894 0.46290505025131806 0.41719307988508475 0.4046146193934905 0.4060426347900765 0.3978708510004034 0.3631778432606404 0.38604560982536773 0.35175085350340685 0.3535856212504305 0.33290146704264534 0.3399157269554402
0.70112384379467 0.7165903473973197 0.7099527604842553 0.7148958316410605 0.7189784014262892 0.695765596396885 0.7103672931628359 0.713687232835146 0.7032503463629673 0.6932640980279573 0.6698035661094731 0.6655293238892962 0.6789780300076285 0.6565406199991582 0.6327910889558633 0.5988040110138466 0.5956282104039861 0.5820800486628156 0.5576312799785812 0.5134105353377185 0.511571498558777 0.48945715642548054 0.5156641559275078 0.4755922597955101 0.45522772442832043 0.44074085792155643 0.42976648486189606 0.4059939972508664 0.4041641289849171 0.41433213426926935 0.42354545780439673 0.42979227135703846 0.4286462134182618 0.4454977575176772 0.4380051000485131 0.41167246616324715 0.3714259420801427 0.3616206033295943 0.34777475724821943 0.35102906666845674 0.34814969011167407 0.33210918652089894 0.34829979875954376
0.6894258539286453 0.7210772788976658 0.7269136171590477 0.7364732524772115 0.721981537956 0.6941023682292079 0.7206933378598491 0.7268409389817392 0.7300293045547386 0.6983262694380552 0.689995223321105 0.6820588313988144 0.6753071705093232 0.6699551319577862 0.6651247776951886 0.6238835212324104 0.5988382725103581 0.5843110251304561 0.5272923918092706 0.5158562205736286 0.5104548060187927 0.4932035079852717 0.514060568577208 0.48592590858450874 0.4830188050336669 0.4462490224538165 0.4149290992796052 0.4243047133546284 0.41111027078217344 0.41695729215017274 0.437524920301502 0.44221027173433186 0.4486252984430104 0.42166524716859716 0.4068316152451845 0.3880797766738089 0.3840326578277758 0.37037739161460265 0.34369674213877865 0.3219264572327684 0.338846240639994 0.336113172361784 0.3622994861963077
0.6878241147527647 0.7103677660583276 0.7071146985330762 0.7009300125619934 0.7224669374855462 0.7086468903267026 0.7136426402846157 0.7470678364943876 0.7571718295660185 0.7428504164899163 0.7170405137533025 0.7055374490251783 0.671788333484271 0.6570635345344799 0.6546371491292856 0.6572757948291088 0.617788603728122 0.5705458701456585 0.52486194029657 0.5125652284128057 0.4985881593503039 0.504969276285453 0.4783299360475712 0.4681089907212805 0.4458030237708686 0.4370016383047697 0.4302868657559927 0.42063750065386796 0.4258801031642134 0.43436107673629315 0.44512399791079915 0.42154214769006615 0.4162794776417343 0.42715562010132063 0.39273501471274097 0.3691188058292056 0.37730858278766743 0.3677030165997443 0.34458422579837816 0.3358787796617495 0.3196233173971799 0.3487980670600956 0.37796991829881793
0.7100260695370787 0.7154232371299352 0.7081992639656313 0.7040001067868987 0.6849849424766895 0.6885064556147323 0.7325125267647912 0.7484083272178007 0.7521868632560017 0.7522791451995126 0.7484487780842757 0.7319972666386527 0.6823843103803128 0.6816718113685473 0.6889699013938066 0.6799713209228416 0.6453372483674774 0.5933844211876695 0.5381800826330208 0.5109110265767361 0.48173499789450147 0.4745930344617687 0.47523372891095456 0.46061223994387157 0.4380576704176422 0.4546667181256061 0.4486311518633334 0.4249905517391616 0.4433990219419184 0.46092993998151927 0.4461185044884551 0.42899661212415185 0.4343603118623762 0.39175561322795155 0.3649343539558155 0.35328110865769047 0.367603935815204 0.33914430950347724 0.34331400853525446 0.36290277246646857 0.3394538105674856 0.3447001822763353 0.3739478210293839
