Raster_benchmarking/continuous/raster-430.asc
NCOLS 100
NROWS 100
XLLCORNER 1743154.1343439685
YLLCORNER 5469281.886169813
CELLSIZE 10
NODATA_VALUE -9999
[rows 57 to 75 of 100, columns 43 to 85 of 100]
0.8464602860388019 0.8591237215645771 0.8653840973357366 0.9056921060147133 0.8764717553195182 0.8814567865368654 0.9043947483833462 0.9223297727343277 0.9289848005935168 0.8837123911600698 0.8792515529688985 0.871289130122576 0.8656768234404986 0.8470848701726105 0.8521731010995899 0.834377657538937 0.8000926658039064 0.800800345429922 0.7821509498802175 0.7681083663642179 0.7543644963938991 0.7598675533562672 0.7773793025712553 0.7776912058388219 0.7134504578264647 0.7032924242679903 0.6958406842286531 0.6976728326399401 0.6576915358228163 0.6762908332802997 0.683183742150898 0.6655124460116543 0.6258563710401256 0.6263893048624405 0.6073019266613467 0.5846705383198447 0.5909607507999078 0.5877651817392745 0.5794437376877541 0.5547641718033192 0.5463770078786723 0.5500549273396442 0.5389042776837163
0.8702689298336226 0.8675461866953424 0.8886323945322563 0.9170705042775401 0.8942461066945208 0.9128961605155091 0.9042134711704303 0.9211104971594665 0.9320892289180693 0.8914646004090512 0.8838982674907883 0.8781705250630607 0.8416461283956704 0.8211457111831972 0.816201787706312 0.8318542103195294 0.8501602428280504 0.8182601451874493 0.8153210721880004 0.7710375921676466 0.7492180175617854 0.7884977805696523 0.7809407266385415 0.7775204300126501 0.7432795627672951 0.7294370670936856 0.6890952069537511 0.6729561260651845 0.680510503336446 0.704527246794313 0.6800289006706858 0.6488900536502042 0.6529897181982761 0.6201147835156099 0.5834628255149618 0.562874651343919 0.564190669106842 0.593167475560627 0.5570871671842754 0.5501690878377965 0.5555813644722482 0.5410335416325899 0.5668027342737889
0.8909626117743739 0.887597855659444 0.9118841616043216 0.9255195557225099 0.9425772083445717 0.9459726443564765 0.9155878726776209 0.92067266013089 0.9468211807722945 0.9185883924520127 0.8605683424352915 0.8356550761769217 0.8184075710686429 0.8259048952927457 0.837490920448504 0.8202590159176091 0.8254617612654254 0.8232939088666432 0.7812110547352741 0.7748876697424619 0.7567179207657381 0.782013451695514 0.7963554360565999 0.7790890741545775 0.7419774588204839 0.7200458547923572 0.695355672276577 0.7114014161753148 0.7048054833949497 0.690653644058438 0.6945026627375772 0.6819848993781796 0.6715041500269816 0.6086042803445625 0.618149303393469 0.592624799729516 0.5800113295394081 0.5799812384832922 0.5376059125736151 0.5179420326426708 0.5073176568521967 0.5204831707728098 0.5226229717577829
0.8968758603260115 0.8870753893803994 0.9083165716624604 0.9124629254006689 0.9585298247910268 0.9699889816966232 0.9763516993936687 0.9279878997213037 0.9391875720828211 0.8987919589012942 0.8790607642408094 0.8400452956104475 0.8152634237553178 0.8279047413160389 0.8287837471623427 0.8343515992247492 0.8059485279267948 0.7744554479691204 0.7843969008126672 0.763815314042868 0.7424087708217058 0.7449459712264687 0.7811660008688979 0.7649768963936298 0.7271956829331406 0.7081441954612491 0.6768970743546914 0.6844494072627904 0.7150145040994383 0.7239519779613489 0.7229278873406123 0.6724564912124034 0.6553805688500615 0.6376377019268233 0.6269710917389394 0.5918441898726425 0.6117770792883525 0.5754493811762654 0.5282834253743287 0.5087806022904103 0.4986918112526616 0.515445886455513 0.5326790246821779
0.8669647418253441 0.870798407809445 0.8722033121972964 0.9259473711645755 0.9358130579811957 0.9479771668720788 0.9522179446034759 0.927805289791847 0.9144766881133628 0.9252998544620584 0.9050488593651852 0.8771285911775015 0.8541089035781355 0.8371352856920256 0.8487459327089056 0.8256890455250446 0.7753786528261668 0.7679873606164284 0.7488282438768561 0.7756141474784854 0.757244153140187 0.7623486932672583 0.7503533832765579 0.7064521661192581 0.6858501979344879 0.6773470911087603 0.6604394566860954 0.6656102839494847 0.7048044961010982 0.7128501152049135 0.7024762421302225 0.6805040286190762 0.6717460591199603 0.6842908132553419 0.6465874950447593 0.6232802037608423 0.620827559023486 0.5871484559552611 0.5539315049240967 0.525337923345552 0.5383953255492726 0.5410265734586059 0.5507860090838888
0.8726316143200451 0.8781852372335467 0.8481574652376045 0.8739400394580731 0.9383135311771976 0.9211168003189715 0.9579862649784672 0.9187251011688636 0.9190761837323952 0.9065397276038764 0.9181886546204732 0.8843846400791476 0.842899582952366 0.8551222886800967 0.8679733368432999 0.8480863967768302 0.7805005080469823 0.7510895286669396 0.7358815541516659 0.7424766105483649 0.7587773806114917 0.729626879657371 0.7063605644116292 0.7061616097963933 0.6682315310455115 0.6843405184867101 0.6450089735026909 0.652686019134003 0.6679674407723049 0.682685823180688 0.7085876381956897 0.6890367107713039 0.6997794603923854 0.6672298034586214 0.6726972236737484 0.651722809131092 0.6184221907168539 0.5754707532391371 0.5628871547532528 0.5245749234507565 0.5235832327673321 0.5568173669317461 0.5727563341893939
0.8504518629326702 0.8609989647967513 0.8256075856539551 0.8574054996139611 0.8899057651243261 0.9144357521363167 0.923966989418339 0.9383492156703058 0.9352905423531108 0.9052079546032666 0.9162498539252418 0.912433556677047 0.8788225878452398 0.887540509000082 0.8512372287388641 0.829348155861737 0.7836859811797757 0.7682202118936295 0.743507995351206 0.7280869131968271 0.7468081813531814 0.7232869627562284 0.7004162152765171 0.6719398426796807 0.665917307374319 0.6683785450679486 0.6607419150598205 0.6479725572761313 0.6599930759232818 0.7042710024592155 0.7078040514221852 0.7323819610711103 0.7162204962974184 0.6955516222934679 0.6940159422800953 0.6686070227313262 0.6445831569613804 0.5998574491303954 0.5676865196793334 0.5676936535448313 0.5177410040612581 0.540147580080477 0.5570389401436099
0.865118881038249 0.8512452236057949 0.8184174524142046 0.8769495884338552 0.8864591397769839 0.9065725557099316 0.9555973431076215 0.9335496886022362 0.9338719609730379 0.9272832668057361 0.9176303631897956 0.9235547360186133 0.9027434367282097 0.863602440903576 0.8907831528922074 0.848336599779588 0.7838459263194911 0.780930770935954 0.7415426528693833 0.7382901087134243 0.7515880246025604 0.714271139614906 0.6742680440804825 0.6671598239057848 0.6889832062175855 0.6826110962483614 0.6567899310490382 0.665264498914932 0.683608077814544 0.6956400974608642 0.7493741920077593 0.7143059388105654 0.686857279039897 0.7170266941805834 0.7112912306945459 0.6849360570576515 0.6407943555684352 0.5918062701291773 0.565674166434352 0.5470719761546723 0.5302101721232163 0.5717373121406168 0.5672905097810044
0.8564420273600706 0.8424808853557288 0.8555173169192269 0.8737020114102292 0.9066605360136782 0.9405591120528516 0.9233538123441883 0.9376584147026705 0.920813477558443 0.9299493049588683 0.8973220108999483 0.8899757332519381 0.8876245738699431 0.8599128054210516 0.8527920339203005 0.8138528841047215 0.8094453496082264 0.7959423550798203 0.7727757293787662 0.7504426010450377 0.699286139050619 0.6873896870817021 0.6997732568797672 0.691843644270301 0.6729433428104862 0.693068815837901 0.6830367926991199 0.6715203110518889 0.6928198542757376 0.7147800975414222 0.7305440038318366 0.7208540311699768 0.7096841097660272 0.695258901322753 0.6750696934819287 0.6464661480861262 0.6239800517164436 0.5994150904832309 0.5692140563280811 0.5795316114422641 0.5970519633775886 0.5741461727721301 0.5551350955768095
0.8162400279985674 0.8278862234322742 0.8298726086602828 0.8883549548071689 0.908671751781942 0.9181691486790748 0.929098211716877 0.9105334667238153 0.8908248443441151 0.9213481153429005 0.9128467889334042 0.893324842161993 0.8838128858318577 0.8283422708286543 0.8152404639382179 0.819439131171493 0.8095791105890516 0.7753412640936693 0.7711670318360548 0.7245627535419432 0.6880653975885453 0.717919630021928 0.7044381725303822 0.7032459427625103 0.6945182517291875 0.6838056423329323 0.7045950444398755 0.7193713029440602 0.7172523677751692 0.7165429951925465 0.7369063845999149 0.7091301970108236 0.702975709027943 0.6871630101971141 0.655313863778502 0.6613973769782114 0.6240957383653024 0.5925396059396671 0.5832043106581958 0.611033380294245 0.6134741170724415 0.5761661715915694 0.5754195591777214
0.823927212499576 0.815228049990124 0.8323625752313384 0.8856256269456603 0.9101629976185753 0.8926860989067871 0.8765082753617526 0.8984596629963619 0.8782023230545555 0.8888531435195446 0.8820011756767561 0.8729268950066369 0.8853178306427274 0.8389257926131847 0.806603060975328 0.8179112431654586 0.8016504227256614 0.762949624687273 0.7587339563550402 0.7550742995009259 0.706014481005052 0.7071108967569322 0.6934705141948465 0.7208628512892397 0.737862895903307 0.7096011847480015 0.7355368935658587 0.7241020268001134 0.7278965293443949 0.7273944533804015 0.7300760285442448 0.7433814613300915 0.7122029567874338 0.6775919391576898 0.6603949665480358 0.6410075313131292 0.6149152047638835 0.6381862481396823 0.6123325066339569 0.5896071749135292 0.6018712624776397 0.5715669769005037 0.5892348445408996
0.8545632460132574 0.8643856549272746 0.8503574470823219 0.8699644061990938 0.8788672074577388 0.8756149796785989 0.8732845074992434 0.8659152368141556 0.8801166188511754 0.8823973018553487 0.8506267391713933 0.8698162843446152 0.8765131050689117 0.8256096838699669 0.789850762885834 0.8021482469570583 0.8026338443700403 0.791087192421039 0.7456342551620966 0.7276792380168837 0.7408355740517554 0.7484039882357417 0.7230083539743032 0.7548535821283177 0.7454311962693553 0.7356741155869532 0.7658975951705429 0.7285424449210538 0.7334094035458306 0.7437436042584228 0.7638892124662385 0.7259912000505472 0.7047519311175992 0.6887113226353463 0.7291312583541237 0.6716556691538601 0.6426304769913843 0.6472832533976617 0.6318448333848352 0.604890107115752 0.5818389950126102 0.5879375773479488 0.5672585373130855
0.8620808650320216 0.8705711652634237 0.8608311242104612 0.8593409379115785 0.8719228039114773 0.8815222258561254 0.8860329873907603 0.8695503911388079 0.8571413478841936 0.8251495087841227 0.8498416746456466 0.861443993316565 0.8475471099836996 0.8177063525746963 0.8261703498357171 0.7998264943035023 0.7878349400001461 0.7939416153533753 0.7447621004337079 0.7185192173864937 0.7212225521410784 0.7410142051918044 0.7246958362297076 0.7524545967489206 0.7525626100320525 0.7529886822907054 0.7405779303226467 0.7630028693792156 0.7344232705308542 0.7644910694236441 0.7548221859443183 0.7566410245121394 0.7029908442978043 0.7064717473350587 0.7239051130392374 0.6860569934406996 0.6606668119535913 0.6439230063063445 0.6413545836555045 0.6432605161858835 0.6009469080481148 0.5921534608672654 0.5906710414539438
0.904998859436634 0.915590709057042 0.8842820469453128 0.8629835710482143 0.8459617786387686 0.8495071262328736 0.8732949717131906 0.8545470929250464 0.8249287096572939 0.8134421448695941 0.8345206543754009 0.8216972176487743 0.8306169524133449 0.8132596084224621 0.8302485526821789 0.8349944123720331 0.8122667392669025 0.8077644516866422 0.7353923609406898 0.7365283438157487 0.735000444548922 0.7698585857738719 0.769824011737623 0.7546215149340922 0.7619777534759198 0.7560695986350058 0.7299381594870891 0.7434813521391469 0.7398949604207212 0.7399866645898575 0.7556407518293553 0.724420536398208 0.7250374144180962 0.720766422667001 0.684222122900865 0.6763850403970678 0.6911716633934785 0.6893923315128754 0.6981981121189436 0.6894068060532139 0.6618264167381981 0.6222775480764547 0.5947640879330244
0.9483879476506093 0.9466494488778042 0.9165814676414826 0.8791105831734534 0.8599565564284828 0.8578858318046702 0.840036456841767 0.8650167013681003 0.8719495366424596 0.8490806240488129 0.8524778495342519 0.8425846353058194 0.8070732852749225 0.8063520778454925 0.7976268619491833 0.8286390960914544 0.7978312371191703 0.7994064068971408 0.7927582847579179 0.7636294011163971 0.778169361697257 0.7741729752204125 0.7708867185730901 0.7763414093469799 0.7631409519359122 0.7517967761735687 0.7310847994399872 0.7227606120675956 0.722225097400714 0.7341006962255097 0.7429534090684543 0.741507729567677 0.7329464218971932 0.7202320351817358 0.7069724608972052 0.6904329830452786 0.6928914353137706 0.6980855457253867 0.7058483196650648 0.6901169596000897 0.689179085797003 0.6591115583422563 0.6082471557215424
0.9801787661977305 0.9726331549404998 0.9346414287338999 0.8973748833066513 0.8625413819644606 0.8723348510825307 0.8490486908168778 0.8857898311826392 0.8732219552751299 0.8435077010370531 0.86413246953667 0.8296333885400451 0.8273055650200982 0.7986429283961723 0.7621393898360191 0.8090950496029765 0.8195704941834018 0.7886702206724272 0.8000206066973111 0.7836489565339186 0.7653737247709718 0.788540940236243 0.7800496299550215 0.7786405600752871 0.7564226027159707 0.7278583336618013 0.7248301946922442 0.7345146049527476 0.7357567420034439 0.715330237227591 0.7167395678374853 0.715669902462969 0.7377619673548277 0.7030348353324983 0.720600376100167 0.7018554590213641 0.6928579079678101 0.7244500822991745 0.7570240002376889 0.6956181416420429 0.670687610878386 0.6770239738642114 0.6254308944416721
0.9745755297548333 0.9725282843835581 0.9407398111823595 0.8849187373590626 0.8931961390395251 0.8848906743377075 0.871635351199035 0.8703752118058904 0.8989498324527773 0.8670634018331441 0.8782455072024837 0.8477260813915751 0.799501658012453 0.7999396300865443 0.7731201493207561 0.7812835145843067 0.8108037640565172 0.8069954201107584 0.7642246071923894 0.7631413148309247 0.7769698191726002 0.771522756264291 0.7606388005596175 0.7944611646681057 0.7889622391069354 0.73993624319659 0.7323388868999693 0.7247450915551638 0.7356786684121438 0.7038013182121501 0.7314828324879832 0.7552640070327757 0.7270754852091008 0.7182843644370139 0.7031493104631044 0.7017180458146618 0.7088123382757654 0.726809092651444 0.7251262747951537 0.7374085243141726 0.7092990032977118 0.7064382143312592 0.6794067347332058
0.9894927755791427 0.9743566801293871 0.9087893531085702 0.8875314790928089 0.9111876502924038 0.8942093443517283 0.8901211730204488 0.8934442192439919 0.9094206054768174 0.8831918473150984 0.887067682859033 0.8628432371409448 0.8126269688094161 0.7864875707636809 0.7995574230957971 0.817689029209973 0.8035553715887361 0.8038116733234786 0.7730074668045542 0.7716105513380312 0.7922232727844003 0.7674404491846665 0.781674840484736 0.7935351006112443 0.7820724149432344 0.7618167326350629 0.7089576526085283 0.7221317108709558 0.7148374681230572 0.7006584397831949 0.7145186864922571 0.7374739375454433 0.7775442940257713 0.7558722574892944 0.7194244474885312 0.733838750238597 0.729641554504793 0.7514681896536506 0.7421143026546486 0.7413446203978964 0.7644024070145768 0.7128756983871902 0.7065901407303464
0.9462193318135748 0.9532942558239669 0.9131380641522042 0.9081166695175719 0.8980755704861632 0.9039962100346932 0.9050847330401708 0.919001450030541 0.9273563359467338 0.9171135915202057 0.8675834070438837 0.8357954626323124 0.8281575688664364 0.8088017487850651 0.8040251990748098 0.8186731267701857 0.7980691327599847 0.7787709938312127 0.7326229653838178 0.7507585286166066 0.7620764076971435 0.7876302677771324 0.7597479791315089 0.763321667366972 0.768294839187279 0.7775803784092694 0.734597060287958 0.7063353658324025 0.7273669089849606 0.7501723432835025 0.7588899832746682 0.7599799514199552 0.7542483008702733 0.7738574241972463 0.755053577515702 0.7605544036579419 0.7723304399164276 0.764316174272851 0.7947604681365023 0.7717205800883663 0.780084937820899 0.7457456376376519 0.7131124156667871
