Raster_benchmarking/continuous/raster-83.asc
NCOLS 100
NROWS 100
XLLCORNER 1743166.3792144053
YLLCORNER 5469279.836934906
CELLSIZE 10
NODATA_VALUE -9999
[rows 76 to 94 of 100, columns 0 to 42 of 100]
0.8170785692079786 0.8309153490116696 0.8428496733398567 0.8551772654654981 0.8601560273175872 0.8580947300652297 0.9070199594518091 0.9078226981290488 0.8976953006419978 0.9043803102968433 0.9041758823194057 0.8596308032312062 0.8762948733982736 0.8500144903079992 0.8692626358565665 0.8296630443827794 0.742915246546201 0.7153345730826897 0.6863564034337326 0.6459393169929576 0.6001427543250795 0.5714192160672025 0.602028044929126 0.5458352024471097 0.5266872318905359 0.5428070697606445 0.5207152655261736 0.4757882769117663 0.43948082567751445 0.4629068579950039 0.46890737352199574 0.43725737856103536 0.4164313404224528 0.3875999641970385 0.33984865929079683 0.334142684495462 0.30930286709577337 0.3156363223857828 0.3424090260682976 0.3143456328416671 0.30469100793862514 0.33912459476236695 0.32742385682320385
0.8750722946402236 0.8269008710340446 0.8736224183331555 0.869203470879335 0.8893264101998732 0.8866466971622091 0.9031945276034471 0.910444183606606 0.9134621835989518 0.8848615143982194 0.8681239292548237 0.8938069129585031 0.8952676745809954 0.8965770568158435 0.8929058007602194 0.8293579940505427 0.746973519165139 0.6924169099949341 0.6718937723445565 0.6610059338550738 0.6326596199520107 0.5903137327929923 0.5942845396374804 0.5938813200094961 0.5571483752194357 0.5180269015861125 0.5368638946113636 0.49674960339965407 0.44273466804212397 0.4450394944478919 0.4144339962447865 0.4103987855232188 0.39970106055421234 0.35681459595017795 0.3152547857076962 0.3103281652584882 0.29062702442031413 0.29562642324733934 0.3114672431706104 0.3086172755695172 0.30705156033666087 0.32010481614313896 0.32620995461799407
0.8760046623287097 0.8803215342310553 0.8669768087773664 0.8929704653436467 0.8863410653629586 0.9251883247783 0.9445966349571351 0.9099875229434827 0.8922148807637891 0.9015146801658562 0.8691722453177938 0.8910065004532953 0.8762551259384488 0.9062426736837561 0.8992865039909111 0.8465398045692335 0.7433348268232771 0.7131543737212427 0.663374209048422 0.6284362710664326 0.6014824551974772 0.6132554198203828 0.6188446360329992 0.6011539911038128 0.5717490866323642 0.5223350921675507 0.548823675864928 0.5047129667927879 0.47445637582564 0.40279636504625127 0.3685180587878524 0.36736063219870774 0.3586470537692812 0.3377798470842547 0.2876785147942422 0.2902738000614277 0.3190409081261726 0.31010295592849774 0.26777653497993664 0.2959104983256166 0.27638076576729437 0.28970709425387126 0.30844870297127464
0.9015095697045918 0.9077018197426985 0.9134956288485538 0.9073360635356295 0.8801685298480317 0.9012503624196919 0.9409635723648394 0.916274165689746 0.9149127940295286 0.8824200069294471 0.8597624539542754 0.8532039798572331 0.8855574259095179 0.8653523048305878 0.8648359532580805 0.8331805330880977 0.7472067890351576 0.6964376053821358 0.702672858192595 0.6718635819431329 0.6323239972136491 0.6272517346827392 0.6378055647021227 0.5836451867367503 0.5777261402347655 0.5298269565931434 0.511169975332332 0.5192619827957495 0.4765974700325445 0.42038793966617405 0.3967331644996109 0.3602664004350642 0.3629009692831826 0.34806732289087955 0.341903518338026 0.3298913838784873 0.3021350903424616 0.30855466251183766 0.3103620736264297 0.3020450563152751 0.32999022799859706 0.32070827343152336 0.3120045307856492
0.8966334707097853 0.9245773788831696 0.9260027547030029 0.8961036828267281 0.8883426711107589 0.9236383388254286 0.9205614521283172 0.8998609265354081 0.8766979001335024 0.881323091664975 0.8596476477884287 0.8518833274056699 0.8509563886329726 0.8516416602947644 0.8786011540642669 0.8346488206345111 0.7582484222572087 0.725892197430473 0.7047656381175669 0.6829827490191384 0.6269369024853345 0.6379755421664984 0.6428867519839832 0.6282699470305269 0.578935049983476 0.5459567498772128 0.4996062543150183 0.505085994868449 0.45960404449028425 0.42790036134104226 0.4155137533940848 0.3896530907177156 0.3680260433991876 0.34396871259849293 0.3662743267034154 0.3400742077425951 0.34367135510381197 0.3051339610903136 0.28842914316689816 0.31006088006547905 0.3261577522859875 0.3442539980819856 0.3513589995276139
0.9383149941216823 0.9397308809021766 0.9286983194918697 0.9237888073296919 0.8985853401412907 0.9027390621107936 0.9025081644735117 0.9003601785676373 0.9009703593640239 0.865803227606463 0.841347248684931 0.8521648767277703 0.8560254374211149 0.8688620008202376 0.8468353585236031 0.7906036657864702 0.7376523655940047 0.7400637163352396 0.7361242344300155 0.7003520258910425 0.6806173357389961 0.6349117085974109 0.6234963501537772 0.6211617353164389 0.595083770524919 0.560008028748623 0.5340968769121244 0.46063580005381294 0.4643923264200984 0.4278842288138001 0.406550582363758 0.3907537745586181 0.3607534071414125 0.3331568363293136 0.34676159816165003 0.3688034798215427 0.35161718100074035 0.3294232712735136 0.3324594602518152 0.33251821117621555 0.37221461696578434 0.37403127875404096 0.39055294888547043
0.9208651768696444 0.9248335147829412 0.9807036743014117 0.9272508619425313 0.907858414119996 0.9165248678266634 0.873998997275011 0.9031699439125529 0.874774602241402 0.858916193720499 0.8470276313560304 0.8440493732453832 0.8070302910971621 0.8640546732748605 0.8529832712057906 0.8086209598847812 0.739100031945949 0.7216021676555555 0.7131347949962332 0.6893259151547277 0.6727445604339656 0.6657278508149338 0.5937221601240911 0.5879974842178344 0.5765171352643095 0.5547955998759585 0.5273470896600153 0.47136334707029237 0.4454450742837202 0.45196536582341273 0.43147430908073703 0.41046153777108835 0.3776728344677826 0.3476380426623364 0.31850393838503915 0.34900009382709857 0.34865484205472985 0.34579774754581566 0.37974647597100597 0.3684651059658086 0.4215437031259087 0.4415858748326913 0.4355754864963705
0.9005790005832935 0.9175982497081354 0.9339613769494479 0.9034142696549097 0.9127062270698048 0.9147859814192818 0.8904256688079542 0.8808873233587962 0.8729203471166709 0.873303554621865 0.8586835072567962 0.8507271321032964 0.8336218015268272 0.8396175467489643 0.7980340026576609 0.7766743579542719 0.7425287381793795 0.713697516080629 0.7262300352668057 0.6937698351961142 0.688055233806193 0.6818997897320745 0.6729363565092613 0.638474348562108 0.5850286716381582 0.5806254079177157 0.5430086173624419 0.5290144830788531 0.4734018897470595 0.4536557118551248 0.4127105852240119 0.4147239175044997 0.411786810337059 0.3502666748635262 0.34679582406405 0.32415959889036017 0.3314354768618324 0.3455445215794025 0.36978197406848734 0.4002393077131431 0.4250504782812613 0.4507948100342975 0.43287704950769296
0.9157426821823438 0.9230171205673867 0.891437997938355 0.8821457451203873 0.9077611087055361 0.9306298667192907 0.8923504722581157 0.9238338032537906 0.9090471540760034 0.882192576792527 0.8626284252726394 0.8679094206735464 0.8214843239175228 0.8246563431704543 0.7941390309690262 0.8074873445771441 0.7880674446680783 0.74375582949937 0.7047117129227713 0.69686585058978 0.6924899284590736 0.7044741398955576 0.707546362904959 0.6800905132678778 0.6417102827684358 0.6110512270166517 0.6070645413837565 0.5765891493673962 0.5163149153520309 0.4989312352001584 0.44093003307195067 0.457849722948027 0.41493444520865663 0.3753971715871174 0.329872677695116 0.3212855785330443 0.3568391654000622 0.34039279081106344 0.35815655697152354 0.41418972886497646 0.4300397695282019 0.47505278167305787 0.47631954366060647
0.9191760647940673 0.9131393787340658 0.9020884341028248 0.882457015389846 0.8882823452026068 0.9140056817537323 0.9177616681287704 0.9330297990665335 0.8982818676649716 0.899568285579873 0.8710551858931094 0.8443418706639177 0.8174240722883881 0.8052902835246156 0.8101170445573262 0.805631098364954 0.7645728600190259 0.7484268423627982 0.7316871341608994 0.7037485141895605 0.7149200968942429 0.7369280755926882 0.7057003667844834 0.6765027129819393 0.6513172130615169 0.6608352851568418 0.6540672557184634 0.5922490614963662 0.5524817722791135 0.5043930981283808 0.4859211059915195 0.46926528800587997 0.4377495283149694 0.37868454763045106 0.3861222953104884 0.366433554203257 0.3745922394321895 0.39347788352853635 0.36289018832377584 0.396359247238038 0.45310360336377803 0.48613153609649556 0.4889890170329089
0.923525296099672 0.8870307614162192 0.8963682593801505 0.8931053251791545 0.884044752238018 0.9144141221886093 0.9463751421767129 0.920729279267783 0.9022773458688393 0.9101392040410495 0.9192067127972515 0.8847643170939178 0.8668717612977476 0.8328506211451323 0.7820033422767106 0.8017764626831894 0.7688982809708431 0.7660944511024631 0.7810351294000996 0.7433341662873489 0.7239959457444775 0.7260376115698851 0.7586247930082158 0.7016129426354181 0.6539216656515574 0.6473619226027769 0.6665517419531434 0.6101786488677308 0.562962238970353 0.5454684345108568 0.5202615033481806 0.4981397993861195 0.44657843433328026 0.41099593350144376 0.3859853234552122 0.3904403122100152 0.3858738888168755 0.38029165040482993 0.37869388246960506 0.4165629897069972 0.4569502479062418 0.4751918224570431 0.49518473265401936
0.9125383075257869 0.8895973400694114 0.8893441180810995 0.9022769777766084 0.8929911149324686 0.9187201060898308 0.9324777589676067 0.941728726861036 0.9086513252883395 0.9089219404805503 0.933963781763224 0.8839667721452247 0.8674973471409634 0.8362294494872864 0.788030168988123 0.7593730573599561 0.7702185416036955 0.7433414303053232 0.7696399009855347 0.7561112216088063 0.7459371628471811 0.7640869006464117 0.7649132201826023 0.71935807753996 0.6671933433520335 0.632360394573942 0.6421585813148848 0.6058245098354696 0.5848306639453617 0.5325539849608991 0.4916380713644135 0.47049607931416776 0.46886001196489274 0.43232863285315304 0.3946231791118649 0.41625505265648377 0.3883529125475987 0.3728365554695588 0.37694078590055313 0.4333007325300578 0.4756378438320573 0.47732622516045503 0.4634618739421615
0.8676447626882753 0.8453041382073294 0.8486878035562497 0.8696529757813577 0.8970832503859816 0.9231955609208704 0.9407000087501998 0.9536181870792528 0.9690007225036613 0.9559914664850383 0.9357135573022354 0.8633854754231236 0.8466385302785854 0.7912642693311842 0.7585625341732231 0.7527135143239109 0.730513334404771 0.7423835613341551 0.7330393543561884 0.7129896129505398 0.7526430460172322 0.7561244636350914 0.7314433592375708 0.6800370630189513 0.6589728557159473 0.643551136589157 0.5960787754232215 0.5941912234090062 0.5474253794847411 0.5550711592315262 0.49055064605325444 0.4668024285921835 0.48345929577198654 0.4340041536674932 0.40541446186931634 0.4260515596675271 0.4117628640820338 0.41601230680102846 0.41336753138864823 0.44430765395427385 0.4796667809287821 0.49055607314236566 0.46428318599531565
0.8558089778411195 0.8683233389995936 0.8543898962337455 0.8524980942531284 0.8987089236527234 0.9285844139059583 0.9719536305659962 0.9751182114383947 0.9528451383613193 0.9382771959369526 0.8894138658769737 0.8550264387309465 0.833306512760675 0.7794733949386851 0.7774290624990693 0.7508166286895727 0.736918768922028 0.7170203134420228 0.7257491174555496 0.705140318551691 0.6998711798821307 0.7204203688718882 0.6929689209819889 0.6950289734436681 0.6832021948653063 0.6261598084391133 0.6084478375531605 0.5815691690011309 0.5538926255889155 0.5513732916174923 0.4988710287885917 0.5092515929956855 0.4980900570401658 0.4640639166908521 0.4704616354739105 0.43446936929744995 0.4376772907370744 0.45566203674739664 0.4507269459984795 0.4320340392807445 0.4486627891182944 0.47251846830280314 0.44890693188685477
0.8712755758457283 0.8608355831539095 0.8585571114120654 0.8556119654439294 0.8951549515639455 0.9457638410779884 0.9716215190593922 0.9913950825579436 0.9586229997257426 0.9491447788230248 0.8769734724467473 0.8389495139353681 0.8252746663409428 0.7974965340353745 0.7729462053052587 0.7802247908562774 0.7411285988733187 0.7261211701252281 0.7151476435331576 0.6960324339583605 0.7092191009330836 0.6876030192939765 0.7063657907414936 0.6757538220810885 0.6846457692194093 0.6356747462419343 0.6270741210845555 0.5765783509868516 0.5840435198786074 0.5470956014489209 0.5135781706418435 0.5219690274322804 0.4771563619976604 0.4743080554079206 0.4818828782037803 0.49121835358152616 0.5009084795515367 0.45683872191330305 0.4318145397228609 0.4391152783872425 0.47255553777560516 0.47735853443148785 0.4493582027804208
0.8696124998802938 0.8655265546100064 0.8535657923700772 0.8792650166557018 0.9276039829283991 0.9550939797633858 0.9603738779413357 0.9755981225465157 0.9751812554380963 0.925699513805062 0.8780549971311337 0.8558665694257933 0.8617412531198267 0.8337610429084121 0.8034661540129251 0.7724849257116747 0.7613609042731821 0.7612952227794203 0.7363856651568522 0.6977737212214294 0.6827123208332433 0.6759261572233093 0.6558512902658518 0.6833125484260885 0.6534054369380661 0.6315503169617858 0.6318599447711761 0.5942378323008015 0.5777470874116434 0.5896482353182979 0.5428692069086292 0.5187989765597478 0.5398808076285986 0.5269550865665628 0.49943458906373533 0.5073352304401186 0.4921654029808049 0.48829110128708014 0.4633079241672429 0.4529412609792375 0.4819593720146837 0.48230799941238356 0.4742117497565566
0.8333199154962501 0.8588193195370591 0.8594650849461574 0.9146501671398912 0.9579876972867056 0.9514788870934364 1.0 0.96198666171768 0.9457878141192986 0.9250149036020662 0.9265422485497068 0.877133744980028 0.854761001986982 0.8312238276289852 0.7836661553716079 0.7810231967501367 0.7834419424467104 0.7780127955665183 0.7234235848057897 0.6891469325260171 0.700109389213936 0.6691447327060536 0.6435267213946465 0.6644737663647308 0.6554085731970025 0.6334525970470879 0.6190555266254131 0.6139207687483563 0.5896991210936151 0.6005961198947463 0.5837300052723707 0.5707653284271303 0.544214352632586 0.5654617510480531 0.5414992046141488 0.5678613481405105 0.5632967998429816 0.5259707264436609 0.48463468809771315 0.48229978110627275 0.4912692545429478 0.5348228394118477 0.5288533038010972
0.8518435624462406 0.8538299447579453 0.8674910196138914 0.8988139328065954 0.9451076182127723 0.9433323972074831 0.983341544529798 0.939450942550928 0.9198874064747541 0.9538881838120403 0.9267178327485801 0.8913646206373286 0.8785201674954537 0.8309019197431418 0.801520688335135 0.7820649079512993 0.7649594719646583 0.7516052313929 0.7165053104766327 0.6879162502367905 0.699661579771225 0.6787850734211724 0.6389471287630071 0.6695690804877638 0.6401197414060139 0.6664411738152168 0.6431581602184142 0.6162539562420326 0.6136731437291087 0.6318189173595625 0.6060317422855241 0.5745642523536522 0.5751314809499253 0.5631334957714855 0.5605391074820911 0.5656780151301962 0.5460841339752827 0.543040806112673 0.5072232958458022 0.5156819126984487 0.5147266027064535 0.5425220799945512 0.5620661952323345
0.8976021273218726 0.8690407572196157 0.8710244710983586 0.8981379094731484 0.9136067850397361 0.9458302304377519 0.9804691794927752 0.9425097080470245 0.9143234894597608 0.9349841328987237 0.9436264455694163 0.9371171991483572 0.9094733174405849 0.846753092337949 0.8353246877973296 0.831584443290909 0.8093062636516243 0.7609594807590029 0.6923540764772138 0.6687571796288052 0.6458889135594593 0.6576150705285034 0.6427391444074083 0.6648590411374321 0.6611622684159961 0.6917499049189898 0.6791413524514273 0.670958961997977 0.6670673392156145 0.6529666256786076 0.6200972472902375 0.6210169534108685 0.6234979306038517 0.5958649134978582 0.6035941909289599 0.5969029449237475 0.599259784643373 0.5786126028412486 0.5795393652949793 0.5578603066158843 0.5923597826846573 0.5693729268117789 0.592997042169264
