Raster_benchmarking/continuous/raster-117.asc
NCOLS 100
NROWS 100
XLLCORNER 1743168.0619868014
YLLCORNER 5469287.118335888
CELLSIZE 10
NODATA_VALUE -9999
[rows 38 to 56 of 100, columns 43 to 85 of 100]
0.3335012010665813 0.3250718917394598 0.3369526893715695 0.3551353640100927 0.35418575720659207 0.35124096975365726 0.3431415781318719 0.36221092748585787 0.3464698089363857 0.31986771869401825 0.3489819921916625 0.34114470701103794 0.34782198464241876 0.3550263350783646 0.36765251957893375 0.3764427204922598 0.3815251511745005 0.40732516416478987 0.42928320692887467 0.4018723636530822 0.4222731980752331 0.4215145802446395 0.43365485192468917 0.4136987596043356 0.438624229917697 0.44246820436007755 0.47140092952473206 0.4648282616232599 0.4578534964184278 0.48280803911547393 0.49382672849046083 0.49072886769885526 0.5326276363737782 0.5213678276247176 0.5580039990599344 0.5080174521468808 0.49790567086278276 0.49604137737547527 0.5241614017388361 0.4987104148209796 0.5132784919842271 0.4725885267570515 0.4249106611569531
0.3101899955419756 0.32488386747340625 0.32909973733101283 0.3377607277412431 0.3653546389511387 0.33782860282130617 0.33947177517078386 0.32949430233874116 0.31527353668528796 0.31851309786417814 0.3239132777406454 0.3654970187244453 0.34805198004248544 0.3618586223531875 0.3482426789277842 0.33812729412475995 0.37410123217067287 0.3978502013849242 0.4000325435254749 0.3678571437979259 0.3877720923533449 0.37871588627025915 0.41449072547573257 0.41313332351654725 0.4133559396196394 0.4421554162359527 0.43159728200646913 0.4412157433267888 0.4683386573689482 0.48675358403611607 0.4930154877597131 0.5004172220329941 0.5205555743400377 0.511875663803992 0.5242336548852151 0.5402465717286848 0.5366178633869579 0.49998616124242806 0.5183798996317285 0.5048868465447455 0.5150577210658216 0.4892040939929594 0.46765092628371174
0.29419428148570964 0.33880649474550045 0.3600697229702801 0.35956296163435525 0.3650356630393816 0.35280558491794595 0.3694567615360639 0.32480017173730963 0.31979721794669985 0.30999179959207224 0.32628188184328993 0.3568275229437651 0.38109195107347354 0.3535791183716364 0.3260330261719402 0.3365310077738236 0.34879333480238955 0.3853413991691106 0.3598302222466292 0.3436898066541729 0.34384999241245384 0.3344540373917822 0.3625773452404196 0.3676356035855772 0.383584356802186 0.41270663887555953 0.4342304729428312 0.43520098092603154 0.4498726287081949 0.4590355069030916 0.47911843427270273 0.49087852921402636 0.48378587553480606 0.48773516983550425 0.5398215019340395 0.5459351254268867 0.5249565353520399 0.5070847297999885 0.5307108094969308 0.5143258849273277 0.5041845084774422 0.4950368844080125 0.5010136831608002
0.28003905223676173 0.2989651132306715 0.3208966901848949 0.3340252647593597 0.31100503058963846 0.3132280749229481 0.3269752394115547 0.3330946138670575 0.3135484484392842 0.3211888277511979 0.3459523688261169 0.3325847267576946 0.34869144812886077 0.32342078290755605 0.3344788726810728 0.32255698597931143 0.3175721926594703 0.3485902032521061 0.33861389775369943 0.350964933662384 0.34609967714288176 0.3216674089783003 0.3200045250662377 0.3483827875270468 0.3525014680902319 0.3944463263508207 0.39666879481124395 0.4083770835374032 0.43294547041309017 0.44023497377497567 0.4320431894724623 0.43853258629043157 0.4591115950114589 0.47763341453488517 0.5345558637402226 0.5441583749010991 0.5218406988698612 0.5314260454869216 0.511630203739318 0.5137991304188521 0.5129492391897343 0.5188673108234135 0.5032054523041121
0.29222812087967476 0.31082281878648504 0.2986858847533799 0.29226295234993355 0.2883275091567943 0.29197323788397284 0.307756421524551 0.31070370291521365 0.29420512405357485 0.2881956422291198 0.3274807651181066 0.34501347400114457 0.3305443317694396 0.3066016945780918 0.33544603564760594 0.3092615048479573 0.3289810167073733 0.3388199571592625 0.3208293587351759 0.30434349760640567 0.2977038861877597 0.31984740680928886 0.29714475196352563 0.3123292709188658 0.3543242739361052 0.3743543115481237 0.34860846454234545 0.37424039161298644 0.39042857511552104 0.4138606778313839 0.4309116713812963 0.4412009111342877 0.4421663667398574 0.47077842135101944 0.5199568984123564 0.5367572605331453 0.5509869573725051 0.5203733646848006 0.5216124831476527 0.5195949409851326 0.5554739957447361 0.5200119274082005 0.5161677947956376
0.2877579161400587 0.29594346309039615 0.2660136629332582 0.2522172750507697 0.2795280136071669 0.30533661497042935 0.2847240357431538 0.31379846255878957 0.29460733714118187 0.28994545429483853 0.30482840804707323 0.3218477076919752 0.29120082969476346 0.2998339780604923 0.29493651060775866 0.2982615604701979 0.30897819441870156 0.28169504753373187 0.2895466213882379 0.28676449373243135 0.2965015409341664 0.3073644800006964 0.28311570925524393 0.31230879456705035 0.3238613283724982 0.342319585863566 0.32561422736212714 0.3433156563082429 0.3976259125198094 0.3966464632332025 0.4166821217337365 0.441771011609594 0.4392829147201424 0.47967717530173126 0.5126543782446479 0.4974466288194369 0.5203585337453172 0.5187521567426623 0.5252072675548397 0.5643511195213992 0.5608128277255183 0.565222918131511 0.5306260657307383
0.297445185134428 0.28452361992211983 0.2473426950871293 0.2485752186914278 0.25510707213151296 0.3007542940141769 0.2985535670390767 0.27814347498253694 0.28559711698575346 0.2788541579480764 0.30035160980128356 0.30706573328326475 0.26569199780316594 0.2738027678111372 0.25874656988106004 0.2649418691122022 0.24189985128654623 0.25164100252180727 0.29127763879503477 0.2877350613107723 0.2910752538476091 0.28182259852955144 0.28894675532347713 0.3007990755740588 0.2781351646572865 0.3062711095077593 0.31638385506957806 0.3390880834651879 0.37657681273033194 0.4018669710175212 0.3884668926976186 0.4218781640324664 0.43167897083635287 0.4502655302549033 0.47522001369157013 0.503445449399076 0.5096750835458749 0.5135245299222082 0.5468334681336466 0.5443847375427348 0.5719119178582285 0.5616861210907119 0.5690877077999184
0.2537058558960597 0.25985041459152286 0.264865988844705 0.2661617369083758 0.2770154016515903 0.2833929455015694 0.2760009820613961 0.28579473270479233 0.27021223866472605 0.25297392739485175 0.26337596639706423 0.2540848883653344 0.2795853765949955 0.26997565850340327 0.2433494095652262 0.2279462810626891 0.23247073858515066 0.26171629839953775 0.2551371621740945 0.27215812027268105 0.2886954278221213 0.28142913219210886 0.2850814598260122 0.26921916049664646 0.25842465811685134 0.27635233033886253 0.3134927417701986 0.34976701135658705 0.34802456746163135 0.37030143910905833 0.3819541475297449 0.4036922906243599 0.4399063330011211 0.45499323601903113 0.4634681297701028 0.48388114957949563 0.4916166757933937 0.5066964113593244 0.5416041816969599 0.5227530657712929 0.5668917881914239 0.5628999926902637 0.5305170240460485
0.2523297251443442 0.24151337238150433 0.2627246766388474 0.22840168091792293 0.23888272904046254 0.253301779872211 0.2648518186471003 0.28119062717859794 0.2443981496420051 0.22992570321433875 0.2262435686902509 0.24970981708191892 0.2469401747427699 0.23348251958442412 0.26472623197093953 0.2149988838689115 0.21015319348301917 0.22673984383432236 0.26914683732910366 0.2712379157366913 0.3073875400765446 0.303236611589323 0.29876669512685256 0.29991619753482235 0.29460514713605523 0.3054582050761642 0.30095476342845595 0.3145067264199675 0.3287791147942095 0.37785627202868044 0.3857600763583846 0.4408465723088194 0.4566879046565856 0.4733902999917252 0.4921122201625153 0.4993399841794632 0.47696537011187184 0.5002467233002711 0.5171127534187064 0.5030434490797073 0.5309723825342557 0.5190319787786118 0.5189776535029307
0.26909491334622165 0.24801883227693045 0.2308276488396951 0.21917257983522856 0.19675864739183632 0.21056446682540395 0.22812474567839366 0.24286906769005323 0.21475022361932514 0.22899097333664095 0.2539224531188759 0.25142552415938785 0.25154190529801224 0.23559777007566277 0.25406656623989277 0.208732866152433 0.23403095494100284 0.23700276221156974 0.25087202379759077 0.24558414747616295 0.2696071764620938 0.3013450175114612 0.29023319484107246 0.2756979086515108 0.28848754404559335 0.30071334122843113 0.3148023064639152 0.33294846020003166 0.3417297050937666 0.3493239622083205 0.4108046270841581 0.4429960237563651 0.46735467888512006 0.47182771390138484 0.45721166940197483 0.4654297360342469 0.49693184402975693 0.5054615879104986 0.5279383385097106 0.5185125936568189 0.518468963660081 0.5153421934476035 0.4936407918847077
0.22431730058796195 0.25133614563962686 0.2364361941242242 0.21811733528287766 0.17156758893880003 0.18397051949018595 0.21858200129913724 0.2277196161827912 0.22421564941407135 0.23471549661481675 0.2550254424668448 0.259124415917064 0.24682749737680384 0.24344447778564868 0.23768354065226427 0.19451231013980627 0.20824356872118605 0.23465859843956555 0.21622342977632597 0.23345143007159078 0.22634650593600927 0.28046791897925877 0.2895863337181402 0.2881153282073639 0.29639112854475735 0.27805497426607056 0.2978774004024729 0.3313854193243491 0.3552911000714405 0.37915324564467573 0.4066229887477449 0.42362699672940773 0.4397958193257218 0.4542072698482951 0.4695536402236994 0.46949576070454446 0.5026861635109386 0.5277529887632068 0.5041908629618033 0.4960513897561552 0.4639149134997105 0.4901260200435428 0.49196816283654077
0.22996611094058395 0.22511291824470292 0.21342405069740145 0.20539615306464 0.1697250175002995 0.18368699521833348 0.21111137787509998 0.20047260877830336 0.19840989417808055 0.2181280100192225 0.25207703250260266 0.24533625370602252 0.23045926629321184 0.2412428649715675 0.21595138471951514 0.2006268864151538 0.1814648634290943 0.20999960626309855 0.20629329273425714 0.2136451046610995 0.24832598307540804 0.23443725453071054 0.26200182157267177 0.2867155457485714 0.28778335239991615 0.2862217322765779 0.2946269358977696 0.31567014781889663 0.35476594219059915 0.38501083606293296 0.39136354397448214 0.4333035543421528 0.4737541123411664 0.4775750702755807 0.4552612196715443 0.47334846134055986 0.5233098697774841 0.5179988538775079 0.5220298848898776 0.5101504095831207 0.48614574111851855 0.5064764182114875 0.5015641973307065
0.1871244906555351 0.20184045066812842 0.2033433591677216 0.17729128628714508 0.14071542469963916 0.15058580553637718 0.1948235308954416 0.2290143308959195 0.2301882933649091 0.19223778126950425 0.2097790985512422 0.19901004047177712 0.21836155711901484 0.2028981966277229 0.1802155874549662 0.1663851037395553 0.16215277290624136 0.18637864644519953 0.17476091167191757 0.18467963754215197 0.23300994580074788 0.2423010879303972 0.2281265520204411 0.2731011828687027 0.2670098768508737 0.28798294794054596 0.3048533872731855 0.31000345091885695 0.33376164276690873 0.35517459741957724 0.38752516922969377 0.4238977186767246 0.4637611725321502 0.46286153460816915 0.4703992207269934 0.4990143614000991 0.5179055249312235 0.5078352279998244 0.5119215964417448 0.4929028969122196 0.4889185129884614 0.5111012168114687 0.5085268165738018
0.20667162674836317 0.19714845993988359 0.1893440209938105 0.17419370211886082 0.13978857572863318 0.16378874037585114 0.18328754939762434 0.2116628515347499 0.17944970328885806 0.18441923253011436 0.20147197574183 0.1816938464981927 0.17288232730577707 0.1729866133404222 0.16091059850442824 0.16083049385074258 0.17271964494915357 0.15809570946904503 0.150894998344471 0.18501923018566832 0.23583848375632702 0.2114992478649813 0.2269312247618756 0.2388599930244823 0.27383658026783936 0.28225396448522855 0.2798465212487319 0.29382496766650185 0.33270252967939024 0.35713333806814773 0.3833238547074234 0.4237276061220793 0.43865620028407065 0.4763530233876336 0.4575828225511354 0.5005657003220485 0.5160906534039993 0.5224607465777867 0.5368228787967874 0.49977049538269624 0.4797503869470822 0.5153630682792217 0.5280071855767445
0.1735105976350903 0.16173061848782658 0.18729244855398258 0.15010834347073865 0.13618211968751703 0.1741697155432122 0.1843504282966692 0.16564077483142947 0.17124924386395993 0.1694388783765643 0.16349768660902678 0.15073001280124643 0.16624162747917706 0.169401825460659 0.16514589829597118 0.16537265374203436 0.14771978892759394 0.1397621923352511 0.15684341679434213 0.18099547485475878 0.2318063983822092 0.21555143458196308 0.2112666512296646 0.2390820948640698 0.24050558457755075 0.2870461047729665 0.29519785098034057 0.29292284671883867 0.3176072667422556 0.3464251443173338 0.3780337354406712 0.4301538245446071 0.43489365727785667 0.43661914457586876 0.45369639982339005 0.4749079148601253 0.5083783820277649 0.4894488739616568 0.5289116432064319 0.4999804601210403 0.49590419673249825 0.48129679870150555 0.5159414205825014
0.18608796405844003 0.17356933516624112 0.18709926810847266 0.15189413691420534 0.12975611090934347 0.13763903798610252 0.16396078403458894 0.16914356102768502 0.16278164172569867 0.15763837854049897 0.14424896086099687 0.14706220086490998 0.16309012280663618 0.17280825122301513 0.1781893376061392 0.14514330860307287 0.14358280216624345 0.17934198261163145 0.17371653291033126 0.1848065913107265 0.2013267335283989 0.23264499499535138 0.22598400759115309 0.20654401818601584 0.2253552900247788 0.27912735911383124 0.296065844545286 0.29991022135261447 0.31566992600893384 0.3421580405158026 0.37090453754199176 0.41110678192437783 0.4197820231758537 0.415112952264708 0.4475043070405314 0.48136742434650165 0.48130160901079905 0.4837525074567666 0.4721955591680774 0.4693819425532118 0.46187866408141615 0.4599524685938541 0.47605728423035726
0.18546110655356457 0.18276371697336088 0.19502438949764128 0.16251090547254204 0.13738652506191407 0.13241553991469068 0.1348906367994313 0.13642711991173803 0.15897350519022113 0.1361049292600893 0.09221075532309017 0.12151840204088062 0.11191585074264164 0.159543834270063 0.1668935181887449 0.1398193024591728 0.1524273069146283 0.16941078610881144 0.1759072121338159 0.2084864175868428 0.24212119953817104 0.23924637640561172 0.20614486201058596 0.22662588735135525 0.2540236900696825 0.2748546797803864 0.2652119152736746 0.2830779567676628 0.30550182546779325 0.3608480845397715 0.3849107085098763 0.41165613574910487 0.3918394305419996 0.40715317372591486 0.4391431453704178 0.47076420970472566 0.476178928498129 0.4736401875840857 0.47920616570700775 0.4385289524348012 0.4294079100656935 0.44613173692371727 0.42956764891625854
0.20071449686992102 0.206601993038845 0.17307995868047404 0.15525003757807307 0.14792595695431987 0.14052459790454958 0.11281670984499671 0.13408125921634037 0.1119915263319316 0.10361057808628514 0.09746864772261951 0.07749130446670106 0.11347322829166387 0.12493754189436299 0.1494101765459094 0.164276301142749 0.16910129398895687 0.1726779643904795 0.21026465831777025 0.19485315043079912 0.23348618475223343 0.22004067449461617 0.22101113074970408 0.2222002542386281 0.2390075673675246 0.2488993512360738 0.28251528968264195 0.2789021415456495 0.30051735894155895 0.34006133856182685 0.38822155311830137 0.37239405544219484 0.4015739565327876 0.41119817302117084 0.4176833014306083 0.40684322500824166 0.41392235323575355 0.41328407556802355 0.4353290913217391 0.4205281975316222 0.41208754129003455 0.4029300413483454 0.38994098949629075
0.23404459023466886 0.22200854875647213 0.20001159340621735 0.13273611495091786 0.09124881172337601 0.10214386325990912 0.11507290173586872 0.10030621988853872 0.0930071803494146 0.08534785256179893 0.07619764665683831 0.07612206300721984 0.08187420877603863 0.12808521225349334 0.12833787454437706 0.12810528503488755 0.12703944343950596 0.16171266331081405 0.21066838023649503 0.20669506617636163 0.23135874116825886 0.22297968285856418 0.19279871982126173 0.19711221177965643 0.2122666191098642 0.22532516296474933 0.2747960933112102 0.26276696799537114 0.28354735285858845 0.34118763373129823 0.37736760937759556 0.3623394669671405 0.36941493967873584 0.3649963493079604 0.38294500832364176 0.350959624763658 0.3557662619135498 0.37953293574787655 0.41605606132506884 0.4293016892138144 0.4390079250892962 0.3896641109402239 0.3769510873145406
