Raster_benchmarking/continuous/raster-368.asc
NCOLS 100
NROWS 100
XLLCORNER 1743166.853184192
YLLCORNER 5469279.838118143
CELLSIZE 10
NODATA_VALUE -9999
[rows 57 to 75 of 100, columns 43 to 85 of 100]
0.3599460245500781 0.3737827788478846 0.33591840627992026 0.376889692470138 0.3397767800907621 0.3398300401107315 0.3590028835675716 0.37720065601655184 0.38962219323498676 0.3684448356518772 0.32679575344682577 0.2521606547240744 0.20198720198000558 0.22547354430736383 0.14970568228981138 0.13566060528335913 0.1464617827481199 0.16479211727152424 0.2258737577882412 0.25989543863341447 0.24915824552111915 0.2336240452168576 0.2425657777330016 0.2511738528752414 0.27978599774207835 0.24833378169982429 0.260853271913254 0.2218727345743899 0.23604744526081317 0.2503904459180818 0.22461882960439475 0.21431087189615097 0.15028376797866483 0.1290180599962474 0.13353063258361048 0.1112951600223159 0.11785680208670053 0.16681864554085152 0.18630795228138708 0.1509150216630983 0.19476228500789064 0.16174233201896107 0.17062573034958373
0.2884653441367924 0.28726220949082604 0.3085042902467565 0.32593880278003357 0.27938183673248757 0.29356457072478903 0.31539035327703197 0.3470438485904842 0.32087806475176905 0.34722240344043503 0.30982710786497397 0.23355711745053592 0.18539985065063533 0.195858577110069 0.19232772871815576 0.15614143291070634 0.146638719247547 0.20546457152593456 0.22491826643635002 0.26875680933963686 0.2694540148708277 0.23354029832115697 0.22635898562084986 0.23559161185944177 0.2602058657885934 0.2317744267431459 0.22048081022985697 0.1928208870666606 0.2311815252771349 0.223645777586993 0.21484420436629417 0.21330928879987365 0.22223268406382363 0.17754212197173255 0.1667225179091087 0.1159096785450424 0.15343923676424523 0.13239456071467692 0.11994710293373952 0.07632096702910665 0.13638134759457132 0.14697534238471216 0.12558883881014438
0.27746247920921524 0.23132060669541257 0.24916837824539037 0.2777844041830028 0.2666271839697868 0.23732052549770277 0.26635321864890826 0.29071635356438374 0.3066852895894656 0.2932657535912217 0.25700404355066375 0.222151104813928 0.18296360888107605 0.14985321686534064 0.16334999907653536 0.14884042310385076 0.18184683114135214 0.18969674826332525 0.2476314080891594 0.235431274895649 0.2582696830192644 0.22118132370229399 0.1827642995086856 0.17252792403831885 0.19263406109908063 0.2051987371628564 0.21662007401906377 0.18280232703708307 0.202396278255308 0.20803105598075503 0.2302014032555505 0.1965958878255913 0.23003116236606197 0.20986799745918738 0.14761355234972834 0.15306274730773392 0.14168285855301796 0.08074152375589323 0.075808215250578 0.09254336963966593 0.08095766860563768 0.0680420416238585 0.09787042739145592
0.3010523463590066 0.2445026521234232 0.22999132800380553 0.25397716671512044 0.27735020935160143 0.21947112172449149 0.24026837744838175 0.24834680863163736 0.2687752115219314 0.24020839137816072 0.24360004871201704 0.23973749801770577 0.2098449296749793 0.15368213040412354 0.15668393287901689 0.18390755609643883 0.18872299442000598 0.24632007273042172 0.22907146775257473 0.2429907343382335 0.21752615140328319 0.25728525724544454 0.19814177340810377 0.14098113149893227 0.196890139049628 0.15449565662916925 0.17431997832272228 0.15347674790973942 0.1684189648004661 0.14701265695231303 0.21082180246813562 0.20902370499156164 0.21024504782227443 0.1936416196084911 0.15011872685784625 0.15054041707067906 0.10894615045947452 0.0714524790074167 0.05532399311397829 0.032288613333798746 0.02574402776618521 0.010418201413706654 0.08170408944350113
0.307248137735344 0.28576847264771305 0.2880927163595477 0.2869769363768368 0.23599542925696937 0.2373741677000489 0.22867625806690364 0.22449951566754014 0.24617048368023478 0.23689075834233098 0.27560150956080365 0.24249710210235037 0.2391274041598764 0.1873332223433399 0.14504332847945564 0.14594181078977753 0.1867227295461996 0.18114715401756348 0.23660462601906773 0.2442788026491189 0.24305668619097182 0.2649704008997615 0.20619185731844406 0.15951417074561677 0.2016451298338883 0.17863919346857712 0.17118050521084854 0.19531996836563703 0.19010267680600057 0.19432120004046485 0.15757364603861782 0.2072585372178678 0.20888556803069352 0.19081372965645946 0.15403210230225953 0.16467911943134417 0.13733957126767854 0.08634139667263477 0.10392241369511572 0.04313875344844106 0.0023353626011243626 0.0 0.046594158502863706
0.31575030508348817 0.26992267158887934 0.3039467839760024 0.3201297736875003 0.2638162349930047 0.277893236770561 0.23297095498574513 0.2442359198287512 0.23733335689784615 0.24199103800138785 0.2621425314352227 0.28005568829613003 0.2286430922063754 0.1850213250469186 0.21337315869848816 0.18791742557740387 0.1970584978033349 0.19049721164080347 0.23028220956271003 0.185313516096546 0.21882574154186102 0.22775086063796965 0.23212428750090303 0.15542071907162228 0.19424349065250665 0.24697672787263245 0.26794158577756483 0.24200000204238448 0.19075984678950914 0.19379879402420386 0.17440249507318856 0.17255600277300104 0.1906361941842519 0.22017823240100773 0.2134341029909796 0.16497320502469937 0.11744734151354229 0.12437175730455977 0.06799651592373179 0.07220316684721098 0.011174228425050002 0.03106529176693845 0.051027401400072045
0.32437325336227035 0.32403062145439715 0.294069268869225 0.3007612975399162 0.30073759267918404 0.26200553215891276 0.2755175109671198 0.2740008522153256 0.23995640637461424 0.2629919432964031 0.24480540569729728 0.2704566167753976 0.2774615101451076 0.2459149231314467 0.23178774189427334 0.2511025485539885 0.2114685736387066 0.1843897848337464 0.21805067049084792 0.20529225412029872 0.25712640210310805 0.23465892080647655 0.20689410890924076 0.2119501819779728 0.17723565528945084 0.22040410295758708 0.2732563014365563 0.23818123356291987 0.2566959081254762 0.23220866842319413 0.19293880582799078 0.18758645371322255 0.2325852775782179 0.22449863378781762 0.1923912055963248 0.18944807807235048 0.12881576926791488 0.0996411090384425 0.10172458048578072 0.1196038932243166 0.06272437727996388 0.08979722660550647 0.07075170621702706
0.3228832824700184 0.2965079900181682 0.2683790435823682 0.28295160354421756 0.3259913794463036 0.3288604360772836 0.2689788964433575 0.24014458269000366 0.2785345803108523 0.2120613175358447 0.25094639989343986 0.28075762013540617 0.28494396367735486 0.26990125706998513 0.2675961814784459 0.2512889753039605 0.24904461932975916 0.19536349141500867 0.2543104748926694 0.2552514414020382 0.2793147675948269 0.278437459018631 0.25282879701694955 0.2056680162303986 0.21935147967524227 0.18517764718883203 0.22890392398656392 0.2804240534569513 0.26195911348464046 0.21704512986068594 0.23228753489445605 0.26664624677980964 0.21200969942052672 0.18241311368670646 0.22453385668840528 0.22987047501412228 0.18001926082697334 0.08946024614650225 0.13644080346726462 0.1036206335456007 0.134134051266629 0.1298915510790384 0.10792371122574664
0.3104424802669212 0.26534583151536967 0.25902141988314287 0.27336461095714104 0.3184869074107394 0.28640566918157984 0.27388181316088506 0.3236287331030336 0.28863758578787824 0.29352305602836903 0.2993273431376158 0.27461581243109756 0.2942992302789203 0.31343658617593856 0.2922490428931875 0.31016480222059256 0.25358890940269263 0.25602839858358306 0.23533513704412795 0.2790477195333336 0.2806047268931921 0.2769570176630345 0.26124698901976634 0.21777196537809354 0.2097941551437201 0.21342928705558592 0.22000246988128905 0.25125639163535973 0.20818199452376263 0.2023194576037556 0.198729926713534 0.21750145132025142 0.20369944323380143 0.22258412808382788 0.19989937843589256 0.2019395572163249 0.141981840737278 0.09826274917736694 0.12401632325989145 0.10856678785077291 0.15666425052325214 0.09822215482130983 0.07244221291868691
0.2666774255534277 0.27916458585462695 0.2909344918866992 0.3034837037795628 0.28827162399585193 0.2894457336448252 0.282145700526357 0.35486522674038395 0.3115798090161689 0.3179495601024936 0.3306422581250426 0.32621064473277844 0.322799989640938 0.3457683151292076 0.3720538639305121 0.35319049507726336 0.29703309054222526 0.26766251415219616 0.2753030489212317 0.2450357402631813 0.27549261617469595 0.28311148977888756 0.2842382604420648 0.28663415609467535 0.2436370072870525 0.22402218451220765 0.26683102465400943 0.2504015180303592 0.19590155034864823 0.20222667328732846 0.1632675483133692 0.18239981532252345 0.15706317174562467 0.17296992929690205 0.18503986936656006 0.16924600744373397 0.1069475269276667 0.1064849477579357 0.10837052787842473 0.1616356500637397 0.1075086373566562 0.12117542529315085 0.08960466208085902
0.24370842223926445 0.2727064690388787 0.278365961757978 0.3417545006980367 0.3233872883305258 0.31583553474937115 0.3133347590652372 0.32476156630128333 0.34641824118946807 0.3554701315045511 0.32705086906791386 0.3271699381610396 0.3302957965712605 0.34074446446218304 0.3737617070129391 0.38458703152260526 0.33485625089348825 0.32170283822791695 0.2833574992224696 0.3228381661724163 0.2794742656197053 0.33037131866413744 0.32973527161140775 0.3426712947992942 0.2620684874995561 0.22649986950436293 0.26246107350449693 0.23496862900826343 0.2133469515191989 0.23118570850305126 0.18353959894769278 0.1813111123194603 0.19604561829546252 0.12768154491815623 0.12707576675658921 0.1384730810996664 0.1149009013308325 0.08481596338212002 0.15479638954277034 0.18813750860475406 0.12267498061337505 0.12342979876880382 0.14330652682610717
0.3029948392371484 0.280482474280049 0.3297099570420022 0.3569909582430368 0.3807825917326729 0.3548328250276751 0.36814935890825085 0.38553039598666244 0.37578365250017104 0.3412236504070864 0.3111174282952979 0.3241434251944638 0.3663007847074328 0.32536580485513883 0.34392399185587164 0.3515328872055553 0.3623877182921679 0.3109296299416485 0.34769398531060164 0.35593819779424946 0.36798443378581297 0.35648740074288837 0.38435164032439906 0.35650183372305133 0.3031470782100838 0.23062739612483305 0.265274282715314 0.2820539500990741 0.22191923071005018 0.20866812639444904 0.16233338007222703 0.16871277583993696 0.19225841064772925 0.12730917061427147 0.12802820903518347 0.054324119882661 0.060518551661446075 0.04807946459997248 0.13680653823324593 0.17606486308709107 0.11484538403990444 0.09141297427395544 0.0823767316996415
0.3024073408559577 0.28439784729582546 0.3134199916838136 0.3623988143139314 0.4130389697765951 0.4087421600930791 0.3755434077612092 0.4003458002399337 0.3990075406816665 0.36146575552984506 0.3825730877443255 0.35836377084954346 0.37910880104327627 0.3439740901524108 0.3879783626805798 0.38706436993339277 0.3948126813067159 0.41939852909368847 0.3912537703001333 0.36657565131002673 0.3753813580729731 0.33961012772793164 0.3631889329764341 0.33063656942917713 0.31385014050505294 0.27780173237446426 0.2744824728990694 0.26759631300942505 0.2131073491409843 0.17689189120042556 0.19600091603685657 0.20014420269912714 0.15762126726756612 0.1404730071650252 0.10518061026775234 0.11174155487105403 0.10570124027985615 0.09299088332561012 0.09531653832715271 0.14330031681843727 0.09876700421594534 0.0961027311610742 0.1262090486695018
0.3412304220108339 0.309670032929627 0.3609931989367702 0.4176248350194875 0.4428300733984974 0.4128998747057493 0.44396771617748176 0.4345297846345032 0.47032005097362356 0.4383227046437538 0.388968426706068 0.3297368274511192 0.3735241054292476 0.41949306113946444 0.45536034195263736 0.46761594425057745 0.4402056643388458 0.44563918516821516 0.44497708424669974 0.39601132804181494 0.3770737911676611 0.3520545200375032 0.3024768802388402 0.29269904680578585 0.3184612471351747 0.29224238148935916 0.24349036280969336 0.23112718458927486 0.22289240562930035 0.15295684577493546 0.1883701306665524 0.17763205547266187 0.16543730651557628 0.17910746741388733 0.16908695293628662 0.12004517742578744 0.09793980023269422 0.07151884570340457 0.12090796388827524 0.12056986893099061 0.11501738125713686 0.12070468763111022 0.10186740791037256
0.33379824397487323 0.34442339199333927 0.4201855791146287 0.4354382748549291 0.4285408255622302 0.4651926189262878 0.4588105300416734 0.4599701102387534 0.4783424069342049 0.4360566607235196 0.37982044844136104 0.3608317620293903 0.37170033789532564 0.3825226404021258 0.4179902701912119 0.4351021901571537 0.43646810959610144 0.40991971097348434 0.43931739321250307 0.39735236390467066 0.38978878137480083 0.4007725451056633 0.33753474027903474 0.27395356343190896 0.2760237056905701 0.31045028104269695 0.3062222313813708 0.2736918559473184 0.2438235876819859 0.22428089662987744 0.15381728257927368 0.14114252646260106 0.18273481160177785 0.1652334543185494 0.16547904202051814 0.1435847909173361 0.10374065847594789 0.08774278989727395 0.13706687668774173 0.1115509521340433 0.08598425493850877 0.08499709151747693 0.10845937136844891
0.3374559409437519 0.39260332532651293 0.39988874154146153 0.479740685418048 0.4906033058553316 0.5121374408324088 0.5196333659152919 0.4974253077752138 0.46244707748577574 0.4407452657945104 0.39613903157458413 0.3695694832306099 0.3646312227067135 0.3727707083613167 0.4013243379986006 0.4509665444742309 0.3989874511129376 0.38590622386132883 0.39514423717998076 0.4106668779706116 0.4467872289268308 0.40921326258257107 0.3521689622267522 0.27224276762704136 0.3017348684634399 0.3305604262909573 0.30577972262941466 0.24315370067066608 0.21765195446385782 0.22032826124178073 0.19215176753706695 0.13835656641121258 0.21206535110903071 0.23387969862447425 0.21041292391924682 0.19177997178325717 0.18402104085945875 0.14371698019802837 0.12774479578516973 0.078191367522138 0.06993507614714416 0.12001325591803047 0.1222812273710089
0.3534801159729918 0.38433916265908225 0.3830762993263056 0.43568313251732554 0.5012183224748505 0.5385928498524916 0.5367910485537668 0.5089887562340862 0.5018764900856166 0.4523322109392688 0.40208976085346726 0.42625301286576384 0.42737280163307706 0.4171931581133229 0.42826341535860346 0.44059893981032905 0.38309361593509306 0.35754484049075436 0.3986245241760614 0.4063380753874175 0.4424907909221197 0.4195739552904283 0.3694862520366396 0.3176518862506675 0.30843988061965427 0.30561025529019153 0.3329729914277248 0.2789881734273413 0.2577597421092909 0.25272208726223744 0.2323895806435234 0.1805956222825933 0.21898362586530626 0.22412921305150965 0.20725105541856245 0.17452383024039003 0.22620226723606335 0.1749007043280594 0.1889326279593641 0.1470099156668586 0.10453668227738858 0.10192134447209221 0.12711792261681107
0.27942618256695695 0.33458337473855515 0.3279479033139693 0.3839881177707102 0.4869914519820811 0.5233085541550739 0.5285697847712564 0.5150037934815384 0.489905855640618 0.46279480209162155 0.43863004277890344 0.424646034105184 0.41685391398245847 0.40502633336125904 0.4101135283754658 0.3991525301176856 0.40124737894937307 0.3857260633551088 0.38172546264761376 0.43082680196185114 0.40174298754379933 0.40368085812998794 0.3773185240094381 0.38115215737702607 0.3270950446555009 0.3358296555833671 0.33014867693083 0.3196366284901541 0.28694274324191227 0.2857941785679102 0.28753227611030774 0.2354842029336359 0.2510813921309699 0.2592495973251453 0.2491833527969485 0.21142485767777583 0.2107672433135711 0.2293120619024094 0.22462052209320812 0.22637715700281164 0.15224663890233434 0.09835738208934373 0.1317780846301356
0.25426473684711487 0.2996332652479286 0.3342747449830561 0.37103462516457614 0.4650395432805477 0.5229748404794012 0.5035996486646866 0.5329890217093952 0.5192287024232124 0.4744196710339414 0.4778112427695376 0.4613243381989333 0.46102818503920057 0.41945735364815767 0.45397104950520867 0.40013351172940803 0.42425651366188244 0.3513113042514693 0.3571344613987332 0.42497113878207227 0.419120901910946 0.4020976124482668 0.37180896745417374 0.3622236752782397 0.3589631470744149 0.3580112170425921 0.32679718975241484 0.2855287731980938 0.2680102589657314 0.2776641819048943 0.27375784569453726 0.23693385166434294 0.25191144413131483 0.28566364016904244 0.2623384747754913 0.25274775999056426 0.282206495205003 0.29898336556189403 0.257329090261955 0.2235928185160324 0.1744435147971792 0.18099992245310745 0.13413344451133735
