Raster_benchmarking/continuous/raster-239.asc
NCOLS 100
NROWS 100
XLLCORNER 1743160.6233386667
YLLCORNER 5469281.985139591
CELLSIZE 10
NODATA_VALUE -9999
[rows 19 to 37 of 100, columns 0 to 42 of 100]
0.49577917164431484 0.4911778778352578 0.48932745354527885 0.4911091869251718 0.4683097243549619 0.43905003396240727 0.4250462102886697 0.38256527034749294 0.3433422396149742 0.3346590349257609 0.31431928685696076 0.3134721783026149 0.3186404484470387 0.3411460248807816 0.3227282971651931 0.3268839247710767 0.32677023969716656 0.37307632725627027 0.3372100650296265 0.35904439507632047 0.3163386400486989 0.2881298028598682 0.32027974775799173 0.30974074134828955 0.29850415714210393 0.3100247607435895 0.25970839038741794 0.26730284025564416 0.24645868502517954 0.23945026577369213 0.21859030442285596 0.22975211985621927 0.1936032316993924 0.16696895091778352 0.13890533778422515 0.13010921572655765 0.12283900515074782 0.1248019525614007 0.1321748388771803 0.14306247474680706 0.1334393634360554 0.16499554443296505 0.12082381240383652
0.4824188390076176 0.4827370905972918 0.4787759215514983 0.4846974662233587 0.4735035563980853 0.46551248044578497 0.43064946543832333 0.37385917267875 0.3569785422591927 0.34965033811025686 0.3201913634425564 0.335961764082056 0.3319712927823221 0.32089750322722077 0.30553928562522753 0.3025633482249831 0.34103364974016215 0.32782117754416484 0.3326560654718958 0.3374827375323122 0.3194699499644657 0.30107131423777134 0.28603064021681973 0.28593812347335384 0.29073589811188516 0.28694232813959863 0.2701284890595724 0.24832388393965876 0.2433327926846631 0.22673179659224815 0.24376417948163798 0.221439036195532 0.17489904164275227 0.16325041822314937 0.12063449417155195 0.1279418851654054 0.13014372308592823 0.11778158802637524 0.1397222465354776 0.11816350844907833 0.1418607255266009 0.14025431774182273 0.13039450761986687
0.4740446899442617 0.4521471895528913 0.4775615653652185 0.46968112465390816 0.4501369087270837 0.44063707664460106 0.43739112789475576 0.39553974515484247 0.3493061750672471 0.3314578062633674 0.31929176604954396 0.33767788864596054 0.32378870409841437 0.28542258016145444 0.2785008600958656 0.2930360735923583 0.3134757469340385 0.3020241022526 0.29563680425877314 0.30124826736772625 0.31610321880487313 0.292580616188585 0.2830753434913427 0.33376683004867536 0.3138494822999185 0.2938700882489953 0.2612090681609655 0.26067168568596805 0.2352535356388777 0.20480396602982334 0.21535828790162367 0.22467360980777512 0.17116094149505792 0.1553387812601308 0.12186899304263345 0.1145660740095838 0.1080533152973391 0.15125815183857858 0.12023953602189293 0.11494675355788472 0.12420250296152453 0.14424518693864993 0.14672201922689515
0.4790915434854261 0.4466720958863947 0.43678155716613665 0.4460986798910362 0.46036253606844213 0.4237838392295239 0.43293900521042566 0.41050416271217716 0.37463132883601147 0.32726975125476104 0.3040758823216244 0.3102001160036465 0.3064677973128713 0.3028175626398373 0.30870105153080774 0.2876724987986613 0.30000856388163377 0.31800380438558645 0.2844973645794812 0.284043337589892 0.28571585284315454 0.29030210783203997 0.2980512724635203 0.32740133432863866 0.3028842852679157 0.27961730933334816 0.2670270248407903 0.26010933727262314 0.227587316054534 0.19538187183617903 0.18479168918578281 0.1896411983029382 0.16208452404908125 0.1315238660987155 0.12499872589163157 0.10527901418065526 0.11390647848969802 0.13601717888491852 0.131579990253962 0.11088079165628005 0.09770045694191376 0.08953602131253074 0.11976089332386648
0.4752945674638424 0.4333924932104679 0.42035889341252103 0.46189477770120047 0.4593952551194975 0.429743536213018 0.40248041253679806 0.3947363148185134 0.3623547368070471 0.33482415794194154 0.31365949657484726 0.2830146915258582 0.2839941907032433 0.2886402852582594 0.3109781955552147 0.32516749781629606 0.3183414252651026 0.32459546743185475 0.2859166787421397 0.2901314275001303 0.26882614290013324 0.2712477824826628 0.2978914203487985 0.3137235371619265 0.3008050927230254 0.2643208025601251 0.255196606723613 0.24797987463464485 0.21075052931012817 0.2078805158261554 0.17757335967072865 0.17472520522864668 0.12427042722246875 0.10403263824263159 0.11789634853386806 0.10291505795042215 0.0979982458547223 0.10738853889258217 0.09134674429823189 0.10332568881520202 0.0726143206062725 0.06733010957386545 0.06476799450185708
0.458402528016885 0.4359794731722802 0.4334991418438661 0.45287932978307294 0.41330375634604904 0.3962192027128739 0.41602569814273505 0.38884260650339725 0.35752531827677014 0.316631766999003 0.30671103530333815 0.26878942771221304 0.2778852301032358 0.28027864010017295 0.29200175068265577 0.29968593169183494 0.31071959177076175 0.28872958282720135 0.29712669996013913 0.2830270414408556 0.303387967543629 0.29329976606566366 0.30985217433292156 0.29762223325303094 0.2854396506961635 0.2760872428079515 0.24544358310197467 0.23198319335958437 0.19781317206004131 0.17480931631761362 0.15020025047869956 0.12597129649883956 0.12328142227713756 0.07996027441405357 0.08968746059681797 0.08902681755709936 0.0780310531766244 0.0890904833147981 0.0640593167326126 0.09393562358213739 0.08285879850934415 0.08397106227967564 0.06359093734942975
0.45730552075416997 0.4655374470697655 0.4490265614243907 0.4243036306657433 0.39719114673270467 0.4055934208591877 0.4013716775723475 0.3757826758536078 0.35346728755327717 0.3258820931122124 0.3144695003863295 0.28683892914747866 0.2808344604735191 0.25215019076766493 0.24800539463218607 0.2662182015362886 0.26275657905877403 0.25931338652625013 0.28770898641078085 0.29891182953569656 0.2747077167219373 0.2955342264886521 0.2869084079675504 0.2809212000547839 0.24624957961908128 0.234694933675593 0.22305088117538666 0.17610534523646948 0.1679404194925165 0.1548775541356047 0.11746556202142644 0.10537690135871498 0.09448960030405368 0.06786657712005856 0.09367205501505037 0.09195884458783474 0.06547537732714004 0.06410140490100663 0.0417893508627149 0.06164977606320732 0.05344092179946803 0.05170626285389328 0.045151097385191255
0.4830074468007575 0.46333369274840863 0.462285372941573 0.42801403190825343 0.4053379344232581 0.41086725568140303 0.3809629933444867 0.35337397164796897 0.3366197450663133 0.31987190382877395 0.3101396344781106 0.2718894268771302 0.25582638819751835 0.2814089288052552 0.2575181846947161 0.2693240847078463 0.25407811862149876 0.269916351810344 0.2685611214497461 0.2696513072796411 0.2656886328193484 0.3023912911890437 0.30066904750279416 0.2862280813194037 0.2651479346965539 0.22097249460669655 0.17501164151959753 0.15268995918859932 0.16305356337315943 0.12448420619994698 0.11778791238949046 0.09089758338747611 0.08875304589712656 0.07205019697020945 0.09610888603202544 0.08531131305468756 0.051503061595302935 0.07469818979906193 0.05026559856187052 0.03534276646485606 0.05438090335093488 0.055746807640730416 0.06285211845389606
0.48438538657311475 0.47003905267178075 0.46597471304283167 0.4105867960114117 0.38419523670954003 0.3894769732523325 0.3832901536170121 0.36916428545156604 0.330174191698956 0.30316484020075923 0.29935681394814134 0.28016517765769816 0.27869266436447776 0.2798863628373271 0.264776594853362 0.21588295584955747 0.25757852661254443 0.25389712402295417 0.2702736115890246 0.2493410988451323 0.2765669906139019 0.28108483497324643 0.29175350912631876 0.28905290491990804 0.2537921739451415 0.22053628179331966 0.18380095044703415 0.14543251497741894 0.15574808459500672 0.12767969811531796 0.0914260932862912 0.03920371397454125 0.09164948573431113 0.0924185201714706 0.09164154541132984 0.07114169395015227 0.05982214734647351 0.06330868826174227 0.03455564811757956 0.04654511216118448 0.037498286824355485 0.06642923002849413 0.05624824072547714
0.49138029625517393 0.4755390398090101 0.4402728198045511 0.4417331826116803 0.39998338078354506 0.42129095338196404 0.39916614784242116 0.36477471896717933 0.33969163539112834 0.2918074394508551 0.28151148847969043 0.2857988225978023 0.28672362032465165 0.2899382986187044 0.2711940652718979 0.23349810216841346 0.25139188811940605 0.2657466204528392 0.23008729621504986 0.2579431007333798 0.2513230245247472 0.2600291184545063 0.2697120774696702 0.2533833055140691 0.22080027655471307 0.20243542257041372 0.17734626072960938 0.13589961159336675 0.11866959732805131 0.1173377241070247 0.09842120698758744 0.06160804680082767 0.07351203254062039 0.07624054264972076 0.05762366785567818 0.04558243373632232 0.06376734315656025 0.06858225269309365 0.054416341727265366 0.03495167007652584 0.051778870962159954 0.055884201600281826 0.06473676808768221
0.5359501745387565 0.5095005835399333 0.471212154238841 0.4423691208486825 0.42103799370400746 0.41643871746246097 0.42106360534665804 0.4113902979897144 0.34541892549525566 0.31789499079942174 0.29661541331834207 0.2744634199475238 0.2840083405277385 0.2792621628850261 0.2738723721695936 0.26786347980731734 0.25739861906447126 0.2535599517443776 0.2540496750491227 0.22711652897721057 0.21806800077185357 0.24730811540145714 0.22970164991709427 0.21855708452704867 0.2018926130818693 0.17864234621022332 0.1644254379907966 0.15454005067169685 0.13601292266304457 0.08829564025010857 0.10178759988463003 0.06594429600532815 0.08547779738969652 0.08897868003590488 0.051688704008543376 0.047765995509431565 0.055199254438412365 0.03080382675097805 0.045520675131899425 0.049464846591682946 0.051595816258955755 0.07617342542774315 0.07669914060982856
0.5375491762267812 0.4934049619367516 0.49414708501282206 0.448480410062769 0.41969871876537235 0.4410675447643639 0.43564534345306505 0.3984612800405345 0.36491491038369717 0.35605337569508755 0.3264700613284696 0.30606537879034657 0.295943387761325 0.2679092999069947 0.2639402988491041 0.2255544956898802 0.2216863872423868 0.24261253389683246 0.22976253832365973 0.23760533567653555 0.22614139674546088 0.25697843678706284 0.25874231244751106 0.240764920261461 0.21483382044086763 0.21482476065833667 0.18554502827867858 0.13518538318688333 0.12605652967926456 0.11394732862667592 0.0871503965579541 0.0904362223812744 0.06463451007884088 0.08564848498952243 0.07097375075100408 0.03496098613779305 0.05726751015893042 0.03646794311149024 0.06055426348322306 0.07105293258739502 0.07286896580889778 0.0811975005608423 0.07575861948698422
0.5026601929027961 0.5160278436213916 0.49140560417001194 0.4331998083164705 0.43263075014801256 0.42974092608899056 0.42478906506448527 0.4063840531007792 0.359739819197927 0.3586975632116272 0.3364372528026608 0.3099927990426786 0.2792099177854191 0.276854691539371 0.2780174192013703 0.21263690411455835 0.23483671632817238 0.19717398406365608 0.19680139249788464 0.2031335977843592 0.2262849683591019 0.25148205220952186 0.23887368957524302 0.2536587445783673 0.23106040639196296 0.22816678856580136 0.1969067957371569 0.1424440324557108 0.13328881860294287 0.15369610960040384 0.10438942008034474 0.0715262648958648 0.08584564242624304 0.08204039761904473 0.061599468526841464 0.03724642698934202 0.03445572608421689 0.05055326624040045 0.0644980570986897 0.07252730030652944 0.06326701392906277 0.051638423918812286 0.0824810198105356
0.5017641693959186 0.5014175489978655 0.4927642018340971 0.46108600962248975 0.4302524038768219 0.43950689263932236 0.40886072698052484 0.3826959499318679 0.37139573466505826 0.3615727730234096 0.3472792017199237 0.31840528595552703 0.2803508972467272 0.28546801135821603 0.28016918655823325 0.2646998184161846 0.2495544771353781 0.25172098681410077 0.2310926623424005 0.24256944449935772 0.2207312388956376 0.24220445740902566 0.21595210366701476 0.2185248391596063 0.22207312371495116 0.2295947600417247 0.17912151517070543 0.1926355869312367 0.16818236364123476 0.16212401925244632 0.13735787544251143 0.12061569044512345 0.11237443063621375 0.06833079805503962 0.0776826778730922 0.07091885623779527 0.034221356958379245 0.06231835725330392 0.05528912303205323 0.06965379182821095 0.08828491090327192 0.0699516418648963 0.08025691579195174
0.48706307099104307 0.480018850890978 0.5018809613944746 0.49594120249287654 0.44834640051127533 0.4133429399669727 0.42665194273522344 0.41358007288740806 0.37374778940711817 0.34801693025369834 0.3479992888953693 0.294471642293174 0.2865566735252879 0.2640889157606746 0.27097209175965853 0.2827522942172336 0.2540116046110121 0.2489126385958188 0.25214244002225056 0.2585318203184709 0.2420982783664961 0.23741223620331112 0.23578039993118974 0.20487120703272838 0.218827804943066 0.2082208672308626 0.19617647092391705 0.20176649914731612 0.20575050821442736 0.18571674945906208 0.15110216173721805 0.15568777103217624 0.1344503517311913 0.06512892952988923 0.05959520547939629 0.07128688891462492 0.036383876691165655 0.05184711204302066 0.06922625097851856 0.08042339655842394 0.06054807878158786 0.06835274657920824 0.058318403259057995
0.5364718992310165 0.5332668165730116 0.5187654438422089 0.5189871389768711 0.4743530175915476 0.43834776026003147 0.40414462513023364 0.3901472981829737 0.4048950328826508 0.36413827999513787 0.32986070127555045 0.3150417888075401 0.28844593054498685 0.2758843841971652 0.2743202159177644 0.2663839607242799 0.278309852184161 0.2814604621863447 0.25837009173530784 0.25951690894953533 0.24779920132736372 0.22990375934097285 0.22179618974055795 0.2112907077784793 0.2102925467220398 0.19814549160406555 0.22842847162808785 0.22076111745144847 0.1989950222023378 0.1999288163267621 0.17490621944143922 0.1529429824362242 0.14525888465055134 0.0754763852192326 0.06112311628666949 0.06402319099935622 0.05335019153279956 0.060491484591490105 0.09412552313419995 0.06513682600495982 0.08218875417321168 0.06943805487245187 0.07936976713092607
0.5220923619241146 0.5509791113966696 0.5614495827769329 0.5297784925175771 0.4772862886293195 0.4513898614711026 0.430901731057624 0.40612584088568776 0.39228156617398763 0.38044499553739347 0.3319238796906948 0.31172380773847597 0.30488549935110104 0.3366271779053629 0.3201894267426771 0.29626370338603203 0.2935769268368722 0.28673659930161727 0.2779427399578057 0.2434319517383675 0.26220681698562276 0.2558139481188955 0.22851190353017933 0.2331180162420527 0.22405436140323753 0.2157110358097059 0.22824994991269 0.21719275427266177 0.21048340700981066 0.1794522735709799 0.17949196388563954 0.20164439520666913 0.15872972881712075 0.11447536931852806 0.11016482136950398 0.06693897064643839 0.07153345854838242 0.10188736264048716 0.12337579066603979 0.07800880371755 0.08782106827412932 0.060595631270040626 0.1053691552674242
0.5484441994314122 0.5518903859297912 0.5656066690579742 0.5476574006809729 0.5077907978386642 0.47236357703761694 0.45922269896485574 0.4107197518050454 0.3772401406096971 0.37542060704742247 0.34165768631886084 0.31021494734909305 0.3088076924077846 0.3242436723973718 0.3225699653315761 0.351492394991926 0.33327420283650405 0.3053301475846867 0.28496847980010115 0.2840793201202892 0.2672374173308149 0.2916610048555738 0.27774626758759474 0.26221648540931025 0.2602974466537998 0.261399309035054 0.23576122834980842 0.2230205330486808 0.19896420729542308 0.19705040079964087 0.18845723882550822 0.16566964113189162 0.16033812369462605 0.12780341136537846 0.12549140402075473 0.08742773280372532 0.10423694745283439 0.11242825279237909 0.145632188633347 0.12409129088278258 0.10198999547329507 0.07501739948664977 0.09378725570730925
0.5745196348101815 0.5379046667592715 0.5498403396731155 0.5599611594006848 0.5353010540631078 0.5115558955059876 0.4623357873384528 0.4186251364898631 0.4072314684479249 0.3828215011790451 0.369159117439188 0.3238107055460429 0.31361917966834496 0.335091090813706 0.3508738310298721 0.37448716722429753 0.3805616070385325 0.3464343874305553 0.30923684309314536 0.3185868014370046 0.32592828809194635 0.3127767417712249 0.3088642804545133 0.29644439246506477 0.2567900849835749 0.2679110744266424 0.22751455731318923 0.19909500080083092 0.18247768581831206 0.19312032670467913 0.19297988698798477 0.17988158010067629 0.18114550624481932 0.1711813349547087 0.1433360947776412 0.10821036897672542 0.14511991880054 0.1564474865713447 0.1654176758064549 0.16474742533894052 0.15516845431547632 0.11412915341558484 0.11414981795436044
