Raster_benchmarking/continuous/raster-391.asc
NCOLS 100
NROWS 100
XLLCORNER 1743166.1954196931
YLLCORNER 5469281.781362297
CELLSIZE 10
NODATA_VALUE -9999
[rows 57 to 75 of 100, columns 43 to 85 of 100]
0.4482142437817712 0.4319099622167751 0.4444847178314808 0.45475731111246714 0.41575592598880134 0.4295651401231583 0.506817866443074 0.5196094837214373 0.5465003400541458 0.5801097922008366 0.6272020777278553 0.6624180032235014 0.6491475855083751 0.6306892010603654 0.6494549399126717 0.636591964713937 0.6652902961139009 0.7147058734551786 0.7303960454673045 0.7363883150715042 0.6954404927718005 0.6675229655347856 0.6772625789555533 0.6700424654124849 0.6988177295784626 0.6990833689430941 0.7196947779051857 0.710940255492777 0.69756172840897 0.6699071245590486 0.6375358056039093 0.6556857379738434 0.5840161278318099 0.5477142808618004 0.6073500834261982 0.6361203135880488 0.6532783692487879 0.6594877948585184 0.6176199168250852 0.6403961895296515 0.6358287435537572 0.6499936267476392 0.6905388901448904
0.4595566018930101 0.47487548647555256 0.43459727736035003 0.43020401848616846 0.43749075637599344 0.4517221921885761 0.5143690762311269 0.570636419469369 0.562916199698443 0.5715375747295243 0.6057445720085818 0.6209546445811897 0.6478155255161762 0.6475805309514338 0.6222842830912635 0.6100142180688589 0.6218285994963633 0.6713199310654747 0.7478631215647596 0.7563249694591202 0.7182370569264664 0.7617950277253525 0.729118715189052 0.723277437321391 0.7060888730831854 0.7136577398616524 0.6971857989088214 0.6824164781033151 0.6538883960455427 0.6588083956970151 0.6274192139331476 0.5950061369366807 0.5773438403365732 0.5727633032813558 0.634179642015333 0.6635565425352549 0.6337369135496489 0.6628892981506574 0.6683604748272414 0.6526884327216667 0.6462445072484893 0.7126460571901719 0.7119083158149196
0.5191014610365077 0.49881124346406713 0.4752757611106204 0.4688544533636301 0.5090438334120697 0.5521854973319849 0.6092081668193242 0.608183435421513 0.6111947012607992 0.6411316208084341 0.6463673446296428 0.6343973531450189 0.6568494395140679 0.6309492623070492 0.6390281549532462 0.6382727508711097 0.6435923180059017 0.6813451402603864 0.724677025922158 0.7102923258600141 0.7227817063133721 0.7178075137148485 0.7268798729904979 0.704360404472312 0.687707101395015 0.7090952349004388 0.7088130772998216 0.6976745535250694 0.7059008225815385 0.6567924964426942 0.628410749607757 0.5996711579906074 0.6154219718153346 0.5908173149817936 0.6282472705488712 0.6641099532241785 0.6356246544721698 0.6623223807945249 0.6420180058013911 0.6767304077905598 0.6707515308454782 0.7041130817234439 0.672435601814596
0.5342176572105299 0.47253388440872235 0.4918237881545749 0.5051502201528554 0.5222252201074286 0.6128568245491044 0.6657330869199957 0.6711379511891178 0.6462586449897371 0.7151359119759524 0.6721932219321898 0.7181640379342076 0.6294788650595994 0.6077275684673855 0.6222237815827493 0.6588625961619661 0.6661935622584562 0.744113167649275 0.727137840683914 0.6833282367580163 0.7031135009042 0.70394728605727 0.6928203686981497 0.7292642044824177 0.7403586325182293 0.7020962174558506 0.6747426190218053 0.6773356573167375 0.7077512367961797 0.6770998132581344 0.662863840852166 0.65270916412779 0.644283800631324 0.5973542178484696 0.6112256626454282 0.6605447205445666 0.6978667341778796 0.667656164902572 0.6408617055694664 0.6696134202914076 0.6920225158695168 0.7248557225009291 0.6574842661899216
0.5680925253730315 0.5437153770182971 0.5306031763602893 0.5077824649902504 0.5424001912009102 0.6075447445680766 0.6521559220461279 0.6588687498274068 0.7003594149053474 0.6968301665201039 0.6976959459504958 0.6777287492384707 0.6634167505257982 0.6106664511316581 0.6432215780075867 0.6696689850351458 0.6435466833220909 0.6627206822065715 0.66896771547632 0.6780233990383657 0.6925915277375104 0.7185221910542106 0.7024690525323111 0.7495186165429549 0.7493708625026663 0.6783402808130393 0.6560569308217298 0.6728033701391499 0.69288170161319 0.6522605565761405 0.6925853388364601 0.6580241889682205 0.641658783447603 0.58899157235387 0.6292254457009993 0.6779771912803124 0.6906341749181067 0.7061691648604612 0.6866087071410155 0.6628676665599728 0.6741626276818813 0.7348679639664236 0.6970027286118167
0.5688705062349437 0.49756545415393316 0.5262907208494013 0.5274014756224212 0.5334221864751012 0.6115727285261552 0.5956998877908216 0.6513349179864022 0.6813838732812637 0.7360483742421534 0.7279244297029938 0.7138383241095824 0.6558390015232073 0.6537893588349363 0.6449587894721098 0.6061524882521797 0.6493617293832376 0.6380898758813219 0.6297349510039648 0.6412671020631925 0.6461458535404467 0.6600031137092351 0.668960900146046 0.7405524406829569 0.7006107621660679 0.6984524000008496 0.6332534453404669 0.640178968889976 0.664440870083774 0.6785039435453485 0.6689075991305066 0.6531456488317944 0.6052171399563097 0.5978526099309419 0.6177416772703043 0.6797438830806375 0.6925660395156475 0.7017282032466199 0.6681336027470333 0.7046288859625698 0.7204685496265517 0.7330440615589513 0.6962616959092232
0.5741275859482055 0.5801072246682066 0.5505767386233007 0.5541736905704246 0.5384461825068451 0.5344669678498754 0.5904889933153229 0.6698670556101614 0.6643996559592775 0.6648017678364513 0.7141073509584116 0.7037951429536304 0.6861165651501215 0.6396971038705641 0.6091491657854802 0.6198631455476119 0.6085688996357832 0.6192400859824269 0.5937973075482856 0.6247448032043288 0.6838323060484812 0.6657843040684288 0.665258451045993 0.7195341197021691 0.7065104963566547 0.6809042927707741 0.6357919011254844 0.6733849900861447 0.6307807140978265 0.6559479522109781 0.679313933250017 0.6309568364438765 0.6354787586416419 0.5990166334438464 0.6083627029788733 0.6663348103509755 0.6636991884970898 0.6424606270641712 0.6947590977513969 0.7008168345086027 0.7324424516387881 0.7307312618650107 0.7243463821769229
0.6122205178298664 0.6004087129630034 0.5791102619614926 0.5147388897831815 0.5245250943679218 0.5112383478799496 0.5750031890076006 0.666869028595884 0.6356359616015688 0.6802737660905205 0.65597057912533 0.6893334225888192 0.6843137567398068 0.6962613244249147 0.6426269747370421 0.5971598454764925 0.5601796883837066 0.5393249658776067 0.6291996586315445 0.6619342854791221 0.6386155429710137 0.64166780574239 0.6348633929335761 0.6656697062006952 0.6527245750870186 0.6882351885096321 0.6593969959942757 0.6519754584435088 0.6662618531716465 0.6323920864083177 0.6472317174090831 0.672175260234707 0.6615804663018033 0.6223122724802923 0.6515922313971625 0.6258269760648689 0.6057261317135244 0.6464281697842402 0.655615513426023 0.6767934965134222 0.735943802236487 0.7144239877252091 0.698332897480514
0.6048723762814352 0.6287952104129071 0.5797065526905969 0.5563704393897552 0.5122720332074636 0.5399073545103037 0.5740926567967989 0.6083879037483655 0.6427704267781835 0.616640215583877 0.6341230153249838 0.6591030693160724 0.6818394745349304 0.6909492844993792 0.6547070761574382 0.6278888196530139 0.6056076816351321 0.589095801114204 0.6231026582385167 0.6496503916478757 0.6234927623730508 0.6396283950673876 0.6820842876515063 0.6749617076772055 0.6868388584881154 0.6469236034634394 0.6513643220602457 0.6502476415417027 0.6898158108133721 0.6446061319567009 0.6396714446903797 0.6398176606925822 0.6980678729638279 0.6972833284078795 0.6590267775627243 0.6557547459589622 0.6239340403209085 0.6930637951882713 0.6917761762094979 0.7024851605370942 0.6998756579339527 0.6455336566517302 0.6639136827612082
0.6153505506588267 0.6050728246290152 0.5507428224051437 0.5159464364232494 0.4780023145950772 0.4910373112332247 0.5336554768156724 0.6031854938694026 0.5991432208706914 0.6404301200799922 0.662197638850138 0.6511929267688807 0.6527280261571426 0.6602517437202012 0.5909954398504402 0.5529962034562783 0.5606389982104818 0.6243661691943705 0.6204287241633951 0.6302681138422874 0.6286720033706433 0.6172892642702893 0.690423942832332 0.705980684076958 0.6620915140539064 0.6649133747714149 0.6540915960715948 0.718672242922095 0.707037794323172 0.7088680189920705 0.7087285364014041 0.6748126080322948 0.6943686812528109 0.6952493532505459 0.6685026478323292 0.6302100934000479 0.6855888037326254 0.6931975595042509 0.7081647345999503 0.6566822385628908 0.6529004353891528 0.6378088866496681 0.7022380379653795
0.6154622771792915 0.6131899167985501 0.5614424069983759 0.48096778363715664 0.4854341263430347 0.4929590825740917 0.5586595596570264 0.5492708440349295 0.6024136115919024 0.5787708303687834 0.5906435539508995 0.5858113653135172 0.604609220273522 0.6319719452371513 0.6300407143377629 0.563876270400368 0.5921491779051417 0.5637846221022487 0.5687426292962595 0.6139509041585238 0.6037700769138814 0.6276797022595052 0.6524831200852953 0.6825491870858641 0.7108334709783687 0.666685992972077 0.7032549139703786 0.7385184168297504 0.7304983522033401 0.6881041851658944 0.7210593301059561 0.6977039878701244 0.673701177116194 0.6868710319073811 0.6385095698081225 0.6671308419009093 0.6899481397463202 0.7272233028690336 0.7151942058982199 0.6829781833125723 0.6774938549269844 0.6464235270285357 0.6779973127024269
0.5658472434018555 0.613239901672593 0.5276608116167523 0.4948846300366624 0.47674561958476347 0.5128930570956766 0.504749012917664 0.5275548671711798 0.5628639656182125 0.5562661418024051 0.5356685035093444 0.5715981160800938 0.6097619378966607 0.6276891248722897 0.5757427941119366 0.6141135451900744 0.5924051101263536 0.5707002026671901 0.5459322757897433 0.5651274024565789 0.5733488542356237 0.6455385820739663 0.6131292310792572 0.6958798283698654 0.6737055947528774 0.6529808497553296 0.6703051480790482 0.7084925914315501 0.7162358356152252 0.7133224713870776 0.713780387945164 0.6760703735146772 0.7097359400569898 0.6630268526162169 0.6949040171747376 0.6971955208535183 0.7129847867234694 0.7465299782538369 0.7287745990202072 0.6379494162231418 0.6247450007250478 0.6492852193288154 0.6838482825983224
0.5199853357599338 0.5303921176271467 0.5381642471518786 0.5253411560205636 0.49325463251498614 0.48016757683472405 0.513292158555409 0.5174090213505566 0.5383763589414562 0.5475170518801433 0.5419476273707984 0.5466811714754408 0.5597662220324713 0.5389141960722372 0.5598187522831094 0.559612459517345 0.5891846294875254 0.5421615289687238 0.5464825275437161 0.5794434801500419 0.5522380660140555 0.578746927787189 0.5915135768709667 0.647178350040854 0.6677421678781023 0.6817286602388772 0.6514269166253812 0.6427640396310093 0.6701756931265644 0.7235391701134585 0.6744437516977276 0.7193716910558964 0.6951471001552957 0.6853388628332465 0.725118735192481 0.6788995157600651 0.6891514532443267 0.6854105849029217 0.682421905511626 0.6314116576250333 0.635603470997841 0.6753347292222583 0.6307644058802864
0.511586951148246 0.5358259114205933 0.5034785023062837 0.5324666032871521 0.5570946511403078 0.518643427915101 0.5168729680203156 0.5008371252625607 0.5393589088723867 0.5410925627596765 0.5085632146663988 0.5605159329684933 0.5287861340073009 0.5177765578094904 0.5560647330205923 0.5658296125945548 0.6035191838380446 0.5981263117422848 0.5862661733980693 0.564607259147395 0.6000324789812923 0.5486771630206524 0.5585590673410792 0.5921919007001988 0.6541675830452288 0.6206542980970752 0.6220135914910021 0.6462770347694733 0.6332110341330905 0.7181313642001398 0.6704996912035046 0.7197769549006978 0.6707226018649232 0.7182705370005327 0.7487764433489277 0.7146683817344078 0.670548722998152 0.6763516581938133 0.6440097992788788 0.6788753496951766 0.6780411725104897 0.6752231335468601 0.5985910628592824
0.4906589683718294 0.506894446746857 0.5044804947124051 0.5486664800073887 0.5472794567470359 0.47588614646546623 0.48088982617826886 0.4895616434652975 0.49836926167327844 0.45479791406215947 0.46813253600899596 0.488627154014964 0.5318649806980894 0.5428603397129446 0.5325156013166524 0.5335183457129358 0.5876015424073666 0.5753329345987411 0.5671452110585019 0.5795944934884192 0.6055227560835884 0.5633069942341801 0.5652040906329724 0.5929720872448309 0.6058562940621374 0.6058595740106492 0.6167938535643904 0.5930323283402615 0.6237968293514105 0.7046549510322199 0.7035747093191896 0.6847258616137242 0.676720184827112 0.6960401995310287 0.7157047706701657 0.6943223756065942 0.6925168585612271 0.6683597654254012 0.6448489983470719 0.6348071573679787 0.664636153883984 0.6608420545283927 0.6008352322016971
0.5277938872521334 0.4920586140198486 0.48208620655357537 0.5484565351009014 0.5184753958009247 0.48993083874672977 0.5178753236859599 0.48769874502675936 0.49307613142488904 0.4347737851676701 0.4767996213369746 0.4622408438476265 0.5076667134273772 0.536183441040586 0.5261188307254855 0.5638852596367472 0.5793390544734629 0.532319151385243 0.5249559045808131 0.5579493208513318 0.53779918288795 0.6195506533697468 0.6072435064447311 0.5641645872565908 0.5611297787992907 0.5976025948768008 0.5855360973900703 0.5734618540201366 0.6212734947569121 0.673208431713532 0.6551275701641877 0.7022890007468627 0.7145181121407037 0.7015435220401346 0.6667294189341048 0.6285095187241598 0.6700863564028356 0.6732077715571453 0.6267376765874424 0.6185577783402684 0.6502865731491847 0.5985242409584994 0.6078601554930536
0.5410393867322395 0.5367458712559561 0.5102685692919594 0.524057390412735 0.5144903534072269 0.5187068773928437 0.5132525714423568 0.47252352918135565 0.45786085655399983 0.44965319235915097 0.4207867179956612 0.47028735695639945 0.4917665893308177 0.5117989103927016 0.530682445838227 0.49444750727142506 0.5299675472003083 0.5393294611876788 0.5099363944005111 0.5169850149652108 0.5046189869291723 0.5476698768320892 0.5600717097570386 0.5438932507891374 0.5697322213208228 0.5639618766872168 0.5735198237413406 0.5849448542297018 0.5916380063009773 0.6322680047705966 0.6621507510552935 0.6648513819008877 0.692857359305419 0.7084477688896302 0.6429372919316909 0.6429224084136181 0.6514840011758054 0.6489316117859446 0.6585277024750167 0.6290190097460079 0.5844438772567605 0.5747594800080374 0.5957025299398685
0.5613764197317991 0.56070129360262 0.5167763520993787 0.5324719607230007 0.5506505302476312 0.5741589935601643 0.5199244153246091 0.4981446209294832 0.460396474946728 0.44464613023224314 0.403051042023488 0.44393574442061673 0.4873628689865748 0.5141793417830264 0.5193358229469954 0.4889964768732144 0.4583286801287475 0.44911865606129003 0.4972941890178391 0.47910456896026804 0.5131614124832827 0.5000206704126902 0.5558709156157414 0.5041343255563037 0.4735164127727831 0.4832405979862856 0.5205321895278419 0.5765032767890709 0.6069462517305398 0.5900069513541298 0.6089347782181 0.6314163441187505 0.6375647489824378 0.6651989653156284 0.6764377347267312 0.6567409080614451 0.6272523425412335 0.6162003861971825 0.5946144379673631 0.5903321840245376 0.6195465552595119 0.6443449860823259 0.6122516828146283
0.5390848133042243 0.5637272999202041 0.5555585184760875 0.5074961117067591 0.5461817870521429 0.5678827228592659 0.5535540277037503 0.5234100980002669 0.5091600230150093 0.48127751657084367 0.4313263293093008 0.4701474931357729 0.4562673821847905 0.4949335727050209 0.4709489495564624 0.4873223906326057 0.49335959385744604 0.4907808119198791 0.5032694628902723 0.5252451762140973 0.5011360500708161 0.5267808599626459 0.5255687352674114 0.48279198562155523 0.4574669759628406 0.46868362427382304 0.48991368392581364 0.5390613102713232 0.5957033186207467 0.6228588367024882 0.6519994522930673 0.6252749146968475 0.6279845495673815 0.6840017115184553 0.6732928094582488 0.659075906262853 0.6960514219364758 0.6338907139023245 0.5972255992934898 0.6098118110948382 0.5718372169874032 0.582187611751758 0.628212404305575
