Raster_benchmarking/continuous/raster-234.asc
NCOLS 100
NROWS 100
XLLCORNER 1743149.252892852
YLLCORNER 5469281.99300558
CELLSIZE 10
NODATA_VALUE -9999
[rows 19 to 37 of 100, columns 43 to 85 of 100]
0.29224805286102973 0.32536408362118646 0.3429091337992534 0.3508649509443574 0.33506178692053395 0.28015055893881774 0.2973276233239055 0.24555131146159098 0.22482907641773478 0.26425746286740687 0.2767625634436198 0.2470009618907993 0.272553174636209 0.33338454707307646 0.34493067821630663 0.35237092039575674 0.34150019556173694 0.33739741692136155 0.3926155916851212 0.4164460842828005 0.42787747780275787 0.43361363024739136 0.38266613955367323 0.3864855147583784 0.4087975755683556 0.4543861082573206 0.4282026216378008 0.44712963312448156 0.4285125421773217 0.3772672772567808 0.375824946196882 0.40773782034829104 0.38052096208897374 0.35251435403181763 0.31490701973493124 0.2935265206974012 0.27965385455931124 0.2671599159642736 0.2822218942373238 0.3062013216840834 0.30238869934855617 0.2932611624459761 0.2944652282772251
0.28700134667674976 0.3028986102501852 0.36517135688072755 0.3541365556547115 0.3530554654423329 0.2977747557460245 0.30531406442189823 0.25756351325047605 0.26433646748918166 0.24304065165457184 0.2425290606506199 0.26864934820362674 0.26323488811166645 0.30394042619023304 0.3319907334802227 0.361270317345482 0.33486330268066355 0.3245734169045697 0.3651311611895917 0.38696439667720706 0.42922678782809887 0.4237511931177252 0.43325275286098075 0.4401541231929199 0.4316057017839119 0.4527213951546599 0.45996167792943266 0.43061433033212587 0.42668921186802544 0.4307064640868086 0.4253698171265901 0.43628524621903353 0.3958141089876599 0.39782979776825267 0.3432243382133033 0.28411129666602597 0.2828073419529107 0.3116455768505331 0.3102328892660091 0.29627497127097246 0.3038440967148388 0.31601533775780183 0.3057784311709268
0.35716904375780195 0.34122892485395667 0.3232778529189277 0.31518742685999884 0.3340770332966857 0.34679910850525575 0.31063389220112725 0.30305558037899333 0.29494293218980727 0.2804926894423306 0.26815754582446005 0.2624729563096972 0.2736788877616889 0.27438508629812636 0.31821336040860426 0.33375788375968557 0.3187921399142659 0.34865976613602256 0.3890699833649709 0.36271250708584385 0.39797078990919943 0.3710194556779221 0.41826934120555276 0.41670119630650365 0.42480034103154096 0.45366977427487437 0.43851069612205357 0.41715673769682987 0.4271112312842687 0.4238330910524232 0.39861952533302586 0.40432184896419665 0.40141931979227535 0.3919512904715989 0.32602610825898964 0.32343678959383415 0.297039256049547 0.3111205772524484 0.30591239854008934 0.3288797381154929 0.27865869415619043 0.2909628247980797 0.32029219965767364
0.3534265252372128 0.3377214709619777 0.3244282229952462 0.30832399957987683 0.3349740846597408 0.3262099456160323 0.29431233871664275 0.2897062453524743 0.3084794402848298 0.2840185352251314 0.28354893557334215 0.31328341134201293 0.28224753451578066 0.28823378666550714 0.32387150624524624 0.3484068683372912 0.36870751127891543 0.36653586921947806 0.39921515166373095 0.3523382069510817 0.360017859992084 0.365879792929708 0.3593033844876422 0.37681026350139224 0.41555083935336345 0.439265679659634 0.40486121100456857 0.3839075280562606 0.400750853969826 0.4025433535242757 0.3419982352066861 0.3686160672487095 0.36696573336252913 0.33568825841492683 0.35667139410822263 0.3211808615606856 0.30896630997546676 0.32410037510428363 0.3398853824977931 0.3347261962167083 0.272791298416309 0.27434698564384086 0.33349991038337595
0.32652818882994566 0.31192619216637213 0.3425486431912139 0.34261224684047226 0.3632272619149089 0.33344170397396583 0.3017917195937423 0.33707055075038556 0.3119543027980915 0.3367313347358862 0.30629674715279664 0.3082176851051107 0.3175081725412769 0.2950204293479079 0.30275152170954484 0.3326267590287575 0.3475642683898131 0.3657563952749366 0.36241479880996946 0.3440609877559293 0.34538457888293045 0.37507050394258246 0.38504575712106426 0.35927018797681676 0.33749048575152935 0.36900075481545186 0.3461599158909272 0.3863026063190114 0.38844080586060425 0.32918218837108437 0.344620437129413 0.3230302551564259 0.2989653355079557 0.30498928666722463 0.298170115115262 0.3183708234776074 0.3462867462264198 0.3207920457496838 0.316697304569853 0.2986752727780227 0.26605443382730326 0.2995044484670232 0.298511641216039
0.3429863240166595 0.3484150060965072 0.32307664668180613 0.35420395545437783 0.3831552715135614 0.32870136831517144 0.3284682113915721 0.33218382546292163 0.32325506313130553 0.35387447431939917 0.34586650455418216 0.29838154684803014 0.2833816178104681 0.2865155188339166 0.3040531221971895 0.3284175781407024 0.31025356887367045 0.36290926445378496 0.36681017323729104 0.3467377102941234 0.3276199089648726 0.34258583134934406 0.3421959948119687 0.3054384141103969 0.3167113111815359 0.2944577396332666 0.2896387172139096 0.3376667843983048 0.338357672827675 0.34221689709319364 0.3217828655114712 0.280206350167274 0.23640977494070944 0.268351484050226 0.32053656115094975 0.27539613471477625 0.3278530856796662 0.33275487239039553 0.29959975707187514 0.28170145451828305 0.2870300461832236 0.26238678398519566 0.272383234305514
0.32035241270828657 0.31962430708726686 0.3535446278785902 0.3851140531130278 0.3573530339735508 0.35415010798002006 0.33811882256093323 0.3042134189047993 0.33894067515182946 0.3429102838561625 0.3455624692893205 0.31011649578293154 0.2938308656538829 0.31052026168903585 0.3275376653744387 0.30549212063898334 0.303146211587709 0.33909766983605005 0.32966677196077115 0.29597852104678857 0.3231459799358224 0.2875267755490577 0.31114223838275357 0.27209411312289017 0.26458472361098934 0.26527346172123395 0.26260495601286593 0.2540414680325934 0.26433387979713424 0.26645720899284925 0.2251080655122345 0.23081705149193882 0.23767551807333068 0.2170882331893528 0.22843688990689137 0.25048234475393083 0.27893596210774907 0.27652766052034156 0.27335350252154694 0.2914166854005269 0.3094234341340479 0.2676424543706465 0.2529084173986199
0.32913628647399906 0.37998236994785084 0.39607574336046825 0.4062241903905787 0.40816403116059796 0.38492299649686695 0.3628151938398908 0.32321883118890504 0.3064717715436253 0.2954138601342325 0.3007417954338353 0.3116560337549661 0.3355592414141687 0.36536888603102785 0.38266825820655903 0.34452746186503835 0.3407011566416146 0.3462777821709971 0.28960054085561904 0.3154618643183255 0.30412918227333313 0.28091018283376107 0.22840104258671723 0.25378326007372337 0.2155285158203483 0.21690394864596288 0.2202337440795412 0.2393192153141046 0.25591861923861525 0.20467585406046748 0.1937394457489686 0.215673375812226 0.1654133908222518 0.18013863298879132 0.19229140381979107 0.2271940039767278 0.2080542665007265 0.27416645280672625 0.2797336462748148 0.2566260162390096 0.3072841346934131 0.2756030816249849 0.2821375752839242
0.3080022502556333 0.3609459929166268 0.39022328688547553 0.3728841421533637 0.3574515724415144 0.3640201517110746 0.32369143376326215 0.3177860262946855 0.3560689354661573 0.3400739877758799 0.37899189974040304 0.3615313400907246 0.3514143126592798 0.37855963901340844 0.40028825458030426 0.37551522761147454 0.35036981468122663 0.35063374332484815 0.3283362622418748 0.30595621296537834 0.2541801293836834 0.22875148582927046 0.24091767929734104 0.18958249339656327 0.193410872924459 0.1957399934559636 0.16722932077585712 0.19361332374381665 0.22008493011855926 0.20858245182921217 0.16132027176191133 0.17283608940604225 0.14301591944446682 0.16585594269009726 0.17943927649945257 0.16546522910376027 0.1975489459702986 0.24338657043816256 0.24619676504644145 0.26367937054355234 0.2957717741995808 0.2710667821835869 0.2960098817427246
0.33643718656943783 0.3444550945803504 0.31702373672374634 0.3449714779641852 0.3497637628938251 0.3632865317823575 0.31138503368052206 0.313974407616195 0.34423864055311254 0.35595873876737294 0.4073586461915812 0.3992785445323371 0.4109721058465938 0.3899739361373781 0.427075143066527 0.37897109207964513 0.35734216150403125 0.3209875264387404 0.3140531857249857 0.27285706019582573 0.26746683339750027 0.24376015591715677 0.20441774411557115 0.18287043830422972 0.22177977630158677 0.1946284732790579 0.12536870104271472 0.143035490556834 0.14668115543049204 0.16037546991710705 0.1433717443154126 0.16214826205354577 0.1565887785054045 0.1373060280261332 0.14447746205763332 0.17553281670139048 0.17455973588199808 0.19140751694831884 0.19783179269010945 0.2507778960449238 0.26094890252821584 0.2626263030679419 0.3028746452443175
0.3550930722954992 0.352635813458347 0.3445073515991642 0.3618609211324395 0.3792612014172304 0.3563434974941061 0.3683814309773752 0.345124940900955 0.35308398224408577 0.3816089076132497 0.41493666534020823 0.3739333512930662 0.3939980308363806 0.4328452202904904 0.42135885804943135 0.39353151543072556 0.3958760505311354 0.35198492492307376 0.3393470414040033 0.3087815942517284 0.3194323613239274 0.2718912492062283 0.22187792264474857 0.20159007165219753 0.21903074343201887 0.1635182366290636 0.08960609583536827 0.11671796937582718 0.12504932552246487 0.10807295852881615 0.12883363735595688 0.14273561436874257 0.16622728797730202 0.11316891929574648 0.13907025119419195 0.1748302015935247 0.19835608108343178 0.20017617041327102 0.20204422588236207 0.25872664073897056 0.2651463082118255 0.30944412444519315 0.314386511734979
0.3542800665505658 0.33511047514652575 0.33861561228488246 0.36475686228631937 0.3627525928703975 0.3501211929799838 0.3509973162844497 0.35694020087779293 0.3503179086345791 0.35145472850564624 0.40917700048121125 0.3621141851982724 0.38156387530993485 0.416200789597428 0.41941794679425126 0.39033871615515053 0.4089685343004298 0.350811538385698 0.33351299700338993 0.3400875601349735 0.3179775222119658 0.2650984470417406 0.20158447277908795 0.18964896113033364 0.17382242395976935 0.15037737297567214 0.055573789291914796 0.10487802528371615 0.11462995515115748 0.13469162205426624 0.13796412387505805 0.13236675587156171 0.14761897910308275 0.14336014921882312 0.11038246216962372 0.1894650475345915 0.1875706563935375 0.2266885017555531 0.23153736366185537 0.23062499548919702 0.2918611673954588 0.31394960207136363 0.287119513953806
0.3441156585784891 0.3713618948848946 0.37322159609737315 0.41298693190369845 0.382419631663047 0.36349698978545314 0.34191547815428386 0.36257651205250674 0.38715671545136504 0.36697247427165536 0.407463681905254 0.39130837031689053 0.39524377278623946 0.4095357516319387 0.423086153912498 0.4241122921846678 0.3935459161594882 0.3426339563620069 0.3191583896814792 0.3316084914384216 0.2898715260147269 0.2499070306440236 0.22064608846621211 0.2118138913090336 0.13344179880605256 0.13287296564647144 0.08397817538458643 0.10163129407049815 0.1268160301260651 0.11883812712853033 0.10688194088868141 0.1479502031900756 0.15041989568611178 0.13858745074365114 0.15860132018427472 0.19517248666789397 0.16648372541774775 0.2087947260346824 0.22459417056643616 0.22996459082757395 0.25938033158941537 0.2580036590153335 0.28784702716973115
0.37806628176240215 0.38575104329706555 0.4310722984349706 0.4311234362861472 0.41494856160593213 0.3739919341385057 0.36908502334407844 0.3898205668511794 0.3577826541215458 0.35758694060789964 0.3942624780096619 0.35369976549264004 0.39164115843134706 0.3851145275049597 0.40289016735361427 0.41920281398761716 0.3908403994943136 0.3722452729091224 0.30502773587482984 0.329229418724697 0.3002699595863566 0.2503844421240721 0.2485688991992292 0.16622731594543214 0.13126542611514463 0.11877154305545093 0.11027903126945354 0.11988920219283415 0.0774537884707406 0.07727888427562178 0.08066101287918405 0.15401314245282632 0.16931929580639613 0.14402493486835102 0.18877002216886893 0.20609351713276722 0.1771575935239822 0.21098958577124524 0.23415529369394752 0.21463198200859 0.25871915617942304 0.2712441797374449 0.27001234073545677
0.41400542085884795 0.45914142872055713 0.44831538046269753 0.44355181175109964 0.4043222644990016 0.39705833740584534 0.39405009308546396 0.3726525006440485 0.3481345093045111 0.34976660663528464 0.3571420983182894 0.3542011470161253 0.363118990646895 0.38675745777900655 0.359956598269882 0.36673735042025474 0.33223469442048936 0.35372648864712714 0.3165783282560294 0.32257703932749265 0.2904622390674038 0.2591190664641016 0.21008734828769474 0.1496527914843429 0.11514701177835208 0.09629781029606112 0.07513187421058531 0.09358411035213793 0.07519718489636909 0.0770842178538884 0.09353940987006326 0.11304286599261612 0.1183681798108297 0.19022076346267852 0.20617983517344568 0.20330459238786774 0.1949533193202131 0.1750486829477491 0.21583997106722191 0.20533650186150454 0.2502373222313756 0.2639243686805529 0.24293875139652454
0.43744903162243315 0.46448358894093805 0.48481275833976994 0.47866556410280076 0.44854200068569733 0.3954322344703257 0.4057767138315321 0.3865521400220757 0.35776908639192284 0.31688873113905264 0.3090773860029062 0.34338549745065045 0.34929316042557523 0.3184306232486572 0.33135665717144486 0.3192740498189679 0.28751207496240283 0.27907338309945384 0.3273540164061796 0.33174479926060074 0.2954357793954122 0.2439308910419398 0.18160877394890043 0.18221359766937598 0.13989615801564825 0.08039700501396803 0.026907905530335924 0.04558371200567431 0.07929071030870737 0.096619991111865 0.09475428255689446 0.12562771789963556 0.11376978429499221 0.1759595238511698 0.20828136985993428 0.17667532991097643 0.17666016941778218 0.19396837241063544 0.19815111253755688 0.21079106144614126 0.2036314918770607 0.22518039996798042 0.2526558521659139
0.4176234869796251 0.48522708171194406 0.490089665751737 0.4443931393970754 0.4053262404524605 0.39024049436038083 0.34776975335330207 0.35784117952251904 0.3439487538148677 0.33811442994405233 0.32048335235139386 0.3424761145130159 0.3405862379252852 0.2947370200774255 0.2794864993630868 0.2744846620889839 0.2316588751689887 0.23861357408366035 0.2802603485364695 0.2844347401598548 0.2922039581473722 0.21338371300699288 0.16195135396558802 0.14424172766721619 0.13494606018627067 0.09108487166389967 0.0842560004175764 0.0595752353659755 0.04837256886498345 0.08693550288805235 0.11115331871939917 0.08694864593533884 0.14573970913392334 0.14879374400045645 0.20056251667856523 0.18367559238406334 0.18545279857318506 0.18290553942301416 0.18099591158083292 0.21150826454058796 0.20389905971383301 0.24407972843287334 0.20496192900538485
0.445953678721265 0.45744261326309993 0.46490507246625745 0.4432413301101456 0.4369551731866324 0.39845432864211167 0.3341027114586832 0.3405073687005619 0.31857824996614204 0.3571002465370726 0.3267483706886211 0.3192523708946073 0.28559509782777787 0.287749881872937 0.250238109191103 0.24958646270022566 0.22519872449601572 0.25050963221774075 0.21570684395525466 0.22534317664136416 0.26953311081894743 0.20197556187475008 0.2158762498972408 0.14269226342613484 0.13598474771672087 0.08927125064788072 0.0604931973570371 0.035935223215327904 0.08369536234551081 0.07472631888879584 0.09914046860222042 0.1221037863356808 0.13613195873970393 0.15716975443152317 0.20111013504252806 0.15862997420872382 0.1348186688278082 0.17803971892098158 0.17282017391205148 0.1675784029880408 0.20364150066243347 0.19734242263074048 0.20095100732765772
0.4754158003321927 0.46656152000627 0.45352107373580003 0.4530277453841407 0.44247470905003 0.36810109177376765 0.3665416241047571 0.3384055944792038 0.3353089392092584 0.33379396054040755 0.33695557459702646 0.30710005447619193 0.2572534841520694 0.2371165978791544 0.24805246218091273 0.23511836963053287 0.22951276082610678 0.2213558729222276 0.21522095283321974 0.24566993804813694 0.2552536443506991 0.21762713448732765 0.2184292750271149 0.18660084417297282 0.10386587650261789 0.07141278773465107 0.05737412517881348 0.04946044900112264 0.06783685318427331 0.10464518666888586 0.07858707572133407 0.12189238800986589 0.12862658519092035 0.17014803839257914 0.14287933975305714 0.1661271686374981 0.14555285410869506 0.155995142606384 0.16959154817918412 0.15124744697206216 0.2065323724686673 0.21594411021215773 0.23372280268975176
