Raster_benchmarking/continuous/raster-219.asc
NCOLS 100
NROWS 100
XLLCORNER 1743152.3407947812
YLLCORNER 5469294.5035851225
CELLSIZE 10
NODATA_VALUE -9999
[rows 38 to 56 of 100, columns 0 to 42 of 100]
0.22751356198023043 0.2640431839253382 0.25548773622391135 0.2750858532677216 0.2605415910108938 0.27753931695157 0.29888484359157924 0.28576859305077107 0.2481719249790805 0.2288160604201341 0.2037514941442993 0.17807421586070826 0.14759415743409868 0.14776994743504065 0.13799614145393782 0.16456775585327776 0.17822242599931296 0.1873249098279991 0.19425877303204356 0.23432967514808237 0.222587781499314 0.23884901721737412 0.23031879623882687 0.26620181961821243 0.2915741913623039 0.28725015609835847 0.2953037457819207 0.3262104968065221 0.31068071016243803 0.3520297181013849 0.34370447501331775 0.3529918675716007 0.3577682772945898 0.3933445770107282 0.3852461761734293 0.4132293073897244 0.4392173515465924 0.42186547979044586 0.4217254581958403 0.4266582410144809 0.445787650908662 0.44693607846548744 0.4585874725221169
0.23461726258231103 0.2601996552591104 0.26412536376800316 0.29103050893770155 0.2883520874684504 0.2878944496557745 0.2971846039429272 0.32332182171618684 0.2926054856331098 0.2849563927440978 0.24824232104722624 0.18899338644943509 0.18129924603248523 0.18754913208688137 0.17075046058451643 0.20571684696175382 0.21450303130419585 0.2212938192314333 0.18326024560682533 0.24391826527288826 0.21834226229007836 0.21542271020626735 0.21654343368287463 0.2498812246843487 0.2686573471258502 0.3180575732525228 0.32956238071773947 0.3217730376278553 0.29145254312891566 0.3236545934035257 0.33104463053423366 0.34633319779576677 0.3649518995036199 0.4140091406330698 0.4091914523996173 0.38200723653680807 0.37110688142640214 0.39557131024676684 0.36213309872373195 0.4507877215568806 0.47324486040665187 0.474711179511511 0.498396840550228
0.2625856672205339 0.2473780548240944 0.2647779167768938 0.29950825086343225 0.3007459637010705 0.303710234913473 0.3150902752466423 0.3216255186689665 0.295514666505882 0.2963477341151251 0.2678451928623998 0.21460439670734102 0.18097750125879195 0.19462103803274014 0.23050332763154152 0.23427254325178637 0.22632020734751532 0.26419550914595313 0.25581868707688127 0.24247089304620129 0.25029579192451346 0.24718749382980398 0.23681851284447805 0.26285438014154355 0.3024814100228578 0.3147102143766565 0.2860666902980182 0.2949307734983496 0.32261046174142954 0.33091680103804777 0.31189998679177056 0.3355050919860483 0.36103433618679326 0.40441358624972656 0.39309357120978455 0.4013982780004683 0.37971966690419906 0.4085753875425304 0.38275388296712126 0.44378334380971407 0.49553174073092665 0.4879910570915845 0.46534264252905827
0.2523877717048787 0.2697308495367287 0.31347823358902654 0.31094253704629177 0.2827393770422819 0.3246913244539073 0.33433123033319184 0.3343587901420045 0.33130634665667447 0.3122693888356175 0.2953426135327493 0.22192028696710495 0.21531769789156888 0.22900780236105087 0.24780982471148705 0.2518956755698849 0.2653212732388016 0.2817023744767619 0.31153130055368383 0.28975494287380793 0.3059330734443907 0.28472389851670554 0.26714409985361737 0.27216871841286083 0.30787942958992365 0.33006131385014104 0.2905234730462512 0.3054892735530335 0.3437130961127343 0.33028094486967996 0.33292131889263327 0.3499254287228032 0.37711919941556377 0.40571888621164215 0.39061068648490627 0.4130499359234186 0.4282861873165179 0.43954228805299794 0.4094771906358413 0.4466207221488775 0.47748466152212077 0.47236163810566023 0.4579391193708612
0.29756322470661617 0.33167157308534845 0.32622073294470516 0.33951982396429997 0.31535322758814205 0.33471277350924306 0.32586244428976935 0.34954606393795634 0.3414485605046313 0.3005796131960363 0.31236887812909775 0.26051399598859315 0.24529761197899078 0.25840819602163967 0.29351051298774766 0.29390319267134296 0.26125955531409495 0.2745588848594015 0.31483441948538304 0.3285790069053039 0.3329654039636943 0.31103760435700983 0.29093339570834115 0.274871625541134 0.2992139218933358 0.31474197755453026 0.30601059285542864 0.33896730600799435 0.3574050276231807 0.35255792545903664 0.3506961390648207 0.3807528085609198 0.35871423516662193 0.3761011188240784 0.3897534220425318 0.3804358838816325 0.3852446033765166 0.4139804218696437 0.41020809675783454 0.4570260122597622 0.4765556654248099 0.48058644769159437 0.4874022349018262
0.3595788327876285 0.34028965535456407 0.3331138896581358 0.36957982783887455 0.3662944769087223 0.36213548388074307 0.3699688587021886 0.33253693156820047 0.3122624143525051 0.30958675057265445 0.30434514035755006 0.303777873015237 0.28386898118836096 0.2989766014297403 0.2847033765347785 0.27180726620307744 0.2835315376465792 0.2869723245546522 0.3336232023561189 0.3286375544625818 0.3223147365008781 0.33682972740771083 0.3244739272189486 0.2929754572623912 0.28592052448844363 0.2992415066494501 0.30450898536511417 0.31685852363394446 0.3595371687332215 0.3835170101155948 0.3870842128429949 0.39583904939734404 0.3686656128654263 0.39506926389909375 0.3920784888602019 0.40102574326652307 0.3862542146065952 0.38543292593067285 0.42192987143457555 0.46751274225896144 0.4725240340112407 0.48963999896522603 0.4783083142707579
0.352926572843497 0.3368489820558915 0.3646798981590398 0.34627343994637566 0.37208659910793856 0.35662887142187527 0.35436824185807686 0.37398044716778517 0.3505881505573551 0.31739901066179427 0.27775353974668027 0.28624841425127845 0.29071709123886524 0.27526114374324706 0.2671757699187365 0.29240832013798956 0.3137215794847262 0.3415265608415879 0.3521173320989844 0.34263535614700885 0.37123087059186605 0.3589963756744289 0.3279925532300781 0.3069232526444821 0.300141854516451 0.33101104575955675 0.3604880896038338 0.35081205862720855 0.364685654588952 0.387600330662711 0.37506158413870594 0.39682564813324517 0.42717182299897244 0.4180744046278178 0.43368343155202044 0.42154935341778305 0.39203691678101865 0.41671203329918355 0.403599225364012 0.42428639506061344 0.45218612407376635 0.4542162671319961 0.47189547957957767
0.388887515896792 0.3671507382993434 0.3547666738272298 0.35288650798543586 0.33693892437103967 0.3595796592548137 0.3926069439295042 0.3867798708102874 0.3578042984615963 0.3367260652967119 0.29345075505212137 0.29309127121206024 0.28115291353266036 0.28438118972642457 0.29650256582400003 0.3158312971722014 0.3319417679656299 0.37157514479661213 0.40060984792131393 0.3669522038517151 0.39836526559028573 0.3559141449423592 0.37097922084623985 0.30890148061901823 0.32254060081240143 0.3605942066658171 0.3574084493325878 0.37684316233551535 0.3816999863795293 0.4214919674592324 0.4102696893945057 0.40516681592219206 0.4343302604284023 0.429434542981766 0.45510287588600024 0.4258821339041793 0.40852616429357314 0.43578447973421286 0.42510308298975213 0.39300426432305785 0.40639785510656373 0.4301008590973903 0.4069033929472481
0.36051322487981624 0.3526627288064765 0.3710695383368701 0.34718349351432104 0.3476646350716272 0.345459724953442 0.38144978796056445 0.34800174246659593 0.322120458244786 0.31908198625357115 0.3302569855678181 0.30991953702421987 0.26850406077995825 0.2631535692490193 0.27924967658752636 0.2905372730617222 0.33401822119853625 0.34165961886590485 0.38872422786804467 0.3727480539349007 0.37226115092425266 0.37801205158833096 0.34746172162104205 0.3358076348444001 0.3326720301637873 0.36390945203741376 0.4080682628348294 0.42020722105241665 0.41658344502090683 0.43910268245352635 0.43811901018180593 0.47604013026143405 0.46883039434295515 0.47388389996329683 0.4733380178406879 0.43917651536811564 0.4357820327673194 0.4282410810894036 0.3888442774892669 0.38009801180210523 0.41358235177050423 0.4125992664629628 0.4022373002363889
0.39577904164903316 0.3795480454817025 0.3600271763587253 0.3589594755998677 0.3930484918367339 0.3442979234861429 0.34600278789047917 0.3458621293442978 0.31220830532343097 0.32899671048105605 0.3329222202877805 0.32566027667174985 0.26987333019302495 0.298789255291666 0.28107938961889967 0.3094064288881754 0.28473109652672385 0.33279608105576025 0.38450889003283983 0.3825061765956981 0.408742753385317 0.4203145390639356 0.3939533881324281 0.35902306358912633 0.3556679876887982 0.37650220751283653 0.39712248417971985 0.45021768090050607 0.4604278723141786 0.4917554268366745 0.5017201206493688 0.5099027188652968 0.5156208254997274 0.5020592788787477 0.46619968733900813 0.4392787222396574 0.4553967324214477 0.41566900010740415 0.3397184722121328 0.35874746211321207 0.35830656352810614 0.42145577441574694 0.4453207622781019
0.35262408257947137 0.37197990546612364 0.35185180322968784 0.35883398253560506 0.35632523476796685 0.38046534922947806 0.3259523576837677 0.3285084421575193 0.33776990252323713 0.32413350289552906 0.33141796032524057 0.33321925410644465 0.3041464353315525 0.32041475512131584 0.3270382034324124 0.31848057006425123 0.3343382188636496 0.34498316004324714 0.35368207332109425 0.37640194574347974 0.40019249035535076 0.4376247054517783 0.4346773695732892 0.4160188343567646 0.40259470447195106 0.38454824139856725 0.40705581220277165 0.4361477828358312 0.4930785349137781 0.48699739323295005 0.5006189667300119 0.49692812691146615 0.5120843099212269 0.4666164688995798 0.47608820898796367 0.4678957443321214 0.4274770311548912 0.41291961795392396 0.3795592038001313 0.3542585588314318 0.3539794835804872 0.40865727640965616 0.4494415991158213
0.323668729718043 0.3220631304044352 0.32741693139657607 0.3535844715174478 0.3661002914844558 0.3670929049384333 0.3174723689631143 0.3084960852175743 0.29101000155521517 0.31586834820901616 0.34153161989344555 0.30757273927001 0.3252728431341836 0.33200790706100125 0.3177138711769291 0.33936487208387894 0.30270407187129367 0.3192503592265784 0.3303333406874349 0.35839067046637263 0.42526567470576226 0.4385067804210596 0.43452206185274306 0.437358184368805 0.42480328885422597 0.4534762687616513 0.45563742392305434 0.4754355222238878 0.5080255470111809 0.504082910962563 0.4806807721420276 0.484413755123196 0.5057144548654179 0.48814327142302927 0.46399702610414567 0.46851114710404623 0.46798643286880753 0.45261656460255223 0.406135484517335 0.41267556103250225 0.3731060075880257 0.41566511937191636 0.41916163969432024
0.3077093001513456 0.3165066079857682 0.2984644920008349 0.3316460495590387 0.3464973372288473 0.32902967924757237 0.3166139150849531 0.31300921625128286 0.29948311515422343 0.3214208602121719 0.33345512403704813 0.3032215340943853 0.30333027022520204 0.30046416111036506 0.3517156262539466 0.32874584273769203 0.3012541813146688 0.33701763895764214 0.35001744735067913 0.37945589361680593 0.3831680282552648 0.4047470579706933 0.43183300745609576 0.4319020435859551 0.43447384743019757 0.46575593033784696 0.4596211331277758 0.46588716328530394 0.48405509316121864 0.49302861950765264 0.4868100645554069 0.505313800890129 0.495868778634435 0.4729149027655731 0.4641303236123095 0.5038347569653124 0.4593501194165669 0.44709166370296033 0.4515060709651514 0.4172433728176338 0.37843790936128724 0.383174543623218 0.3810110502318251
0.3078827755878639 0.2920207961839655 0.30170658366502123 0.3409814923874222 0.3584512912067415 0.33896957322255783 0.2917952117267291 0.2892492680797876 0.2690860048044754 0.30850781185540843 0.31739089596040737 0.3272541431102841 0.2863022930396083 0.2961373120195691 0.35874812423101127 0.3199230442873216 0.3092917391129884 0.3316464046400143 0.34180167049353855 0.3669544499355392 0.41557022671524685 0.4382999402436527 0.4294691638857722 0.4318619450357626 0.4379504483153684 0.4652262565846506 0.4916643381936534 0.47439799317962283 0.49181857312807187 0.5276793996588137 0.5422207379237753 0.5290809799770178 0.5158016185595139 0.4955175110965683 0.49482358752502736 0.5197942347705253 0.49292366015594696 0.45698968928071254 0.4449444195722595 0.39363813840514844 0.39158070422893154 0.38579787766580215 0.3451046052355674
0.3278920030000591 0.3000654024385312 0.31321687689536826 0.3066830417496679 0.3330659199917933 0.3125605160373458 0.26470735056417055 0.2564785124286577 0.2589493794861305 0.26455336802257345 0.28051507013640814 0.30883299554142213 0.2876546445427563 0.29505004169192817 0.3324404383865688 0.3080917969732309 0.29745494360082614 0.3128576606861201 0.35152427379420786 0.361516600854959 0.4127028144057409 0.42077465450274193 0.4281602143086603 0.44097168299936523 0.4240893274581579 0.45700075876236385 0.4554888928354245 0.4809061730679565 0.524425835972424 0.5455649952816117 0.5748980656144899 0.5682662401575249 0.5421338707962348 0.5011803001160859 0.4978926755921007 0.5097629456942335 0.5058561485411095 0.48903459183534137 0.4479239084300838 0.40432952908738146 0.3689300337050059 0.3706133171298004 0.3700483474708875
0.3014765939422056 0.2678197784610446 0.2853556449860612 0.2937005259233321 0.30938602460926606 0.27448266436654045 0.2638653004408155 0.25233131918382773 0.2405634648166442 0.27586457866426484 0.3260333209206724 0.3143351855475867 0.2915256670585964 0.2634930560241353 0.2800817649502223 0.3069786434148659 0.33525322380239486 0.30501957663906437 0.3253338728143127 0.36121468416869296 0.36822197355677255 0.38679085730901897 0.4254136646161233 0.4132619928745978 0.43793511810332636 0.4347356628210068 0.4436027208635812 0.4975890468763846 0.5302986525636113 0.570827858390156 0.6068544613904732 0.571174957976035 0.5744190438686548 0.5177401364206242 0.510699120499752 0.4786475740103261 0.4958068176733839 0.45236001960635813 0.47192683196005913 0.4314912936146138 0.40840862232787456 0.3940227926729332 0.41232393062052164
0.2807900543731969 0.2830927099264594 0.2922464372254846 0.3157528366547062 0.2793730244274789 0.24821523013605554 0.23825078907928135 0.21154757104618152 0.2587719005356161 0.28901376522815764 0.3005046228413276 0.3395092516364879 0.30801688615382417 0.26178962675230266 0.26828469889591705 0.2901633427103056 0.3067901982025605 0.31867125514593697 0.33885360619294475 0.33228498344367674 0.3811192242661297 0.3983367609351047 0.4017511569169626 0.4068572762607868 0.4180622575599332 0.43884600818770964 0.4435736574514112 0.4848248407585009 0.5388863451985394 0.5725315670380108 0.6186953766370065 0.6045148845014907 0.6030636295968358 0.5600626175743069 0.48919362736065286 0.4794232709821224 0.4803078478463887 0.43622762433789936 0.45760135792248663 0.4423428055175006 0.39928548805313796 0.4119332117857088 0.38764218567097336
0.30547898795600076 0.28940923371353483 0.3328586560992545 0.32510904508508 0.308045134136229 0.2768976624531914 0.20839631196640607 0.1998298188834271 0.2241628323383202 0.29349355504382685 0.31297203946004487 0.34692889858471493 0.3271450973860547 0.2934682505513786 0.2263901851962715 0.25551828584584924 0.28589697312453577 0.3451941204469179 0.34882100439680175 0.33561009758416344 0.3685517452129606 0.3988757641132251 0.43217662483110936 0.41027541081747937 0.4297930212288094 0.43274087948424983 0.4246627538778271 0.47398699751966084 0.5451393925351388 0.553833257678115 0.6143712959085013 0.6106637132301239 0.5887133443251813 0.5627151623520483 0.4871755955045156 0.4937129347898644 0.4761369007619591 0.43295950312927767 0.39339375451054615 0.4298235095175418 0.3994287317097377 0.40495556306675 0.4033698616247042
0.3483826881716882 0.329698425056515 0.2930228272150483 0.29215970163735067 0.3008317630549936 0.2631487971325062 0.22329311082572412 0.24345665562087443 0.2456022317744604 0.29467506933625603 0.33429923691426683 0.3189833174593401 0.3351829815784188 0.3188305440774532 0.2916704187903473 0.2797267057628221 0.31879489437131164 0.3341726364153472 0.33513152980735866 0.3751262059133093 0.41051584000805963 0.40197765207220704 0.4145566628086777 0.4405096609691951 0.4445726991124493 0.44098046697445004 0.44249070308827193 0.5013540418824546 0.5128212817835943 0.5443951234748531 0.5754626497287193 0.5856190038300596 0.5559205453273444 0.5325027050122664 0.48972228354521724 0.49814950186636975 0.48095504823234747 0.46705628861076454 0.42388762349847714 0.42110201158495747 0.43682340789062446 0.4283171379262687 0.38982435249124026
