Raster_benchmarking/continuous/raster-71.asc
NCOLS 100
NROWS 100
XLLCORNER 1743149.8259139739
YLLCORNER 5469292.6138384435
CELLSIZE 10
NODATA_VALUE -9999
[rows 0 to 18 of 100, columns 0 to 42 of 100]
0.6342720926306038 0.6473178782495576 0.6640499995622267 0.678511244194782 0.7126085673072866 0.6717360665658789 0.7041829134534874 0.6774767992055957 0.7159815052259952 0.7437910025310754 0.7602124223194372 0.7155581699078684 0.7119734847226474 0.753241768929486 0.7721816788904134 0.7226978503191885 0.7385445833562605 0.7153604857194619 0.7083117007456248 0.74429388904747 0.7477210572196772 0.7577438372614582 0.7151800851191796 0.6864847702436749 0.72911321465229 0.7143090756599356 0.7869915038508987 0.8074760928804189 0.8296494808614521 0.7971089200217694 0.7807836042961726 0.8153245762832332 0.7561114109343581 0.7207901531199998 0.6738787286248292 0.5946488654606374 0.6172002767940897 0.6079455209019642 0.6150565068708501 0.5886093685534268 0.5460533287767324 0.5241872271271555 0.5403144666377537
0.6516957269947005 0.6807180323755931 0.6614208160022835 0.6914333428051714 0.6222391020980509 0.6598507387406158 0.7113516817519804 0.693770943115644 0.7012173962826447 0.7583809294025743 0.7459859367486669 0.6949579073593102 0.6576672411583527 0.6727625190118757 0.6773299309949112 0.6696164002533921 0.6822738287656831 0.7291198344722905 0.7617702135375747 0.7768710657699465 0.7894329308143605 0.7510808938303231 0.6855152974902975 0.6804910121681792 0.6985241801172962 0.7017452464001559 0.8034135588320005 0.8252033819744007 0.8040751852923052 0.786300093365524 0.80975696508364 0.804576790021921 0.7401988797583238 0.7241288114886019 0.6677721618708843 0.6400836058163379 0.6241025213317527 0.5723488419786211 0.5415463308202677 0.5413776233339175 0.5730894516561025 0.5041442588017184 0.5260555538608637
0.6260564872978602 0.6258376392689129 0.6717573784161105 0.6585809639711356 0.617731551812736 0.6328483438712422 0.6317944093738302 0.6658484274846643 0.7273968084104384 0.7303854393546432 0.6983555890296579 0.7400929400959196 0.6592031808020479 0.6297490495463665 0.6757884783926712 0.6518183609872569 0.699745977470751 0.6952411609195712 0.7465615575040526 0.7396025516389935 0.772591882827121 0.7679749121621857 0.6891620885893398 0.6912057022685729 0.6960035363816898 0.7418234799016344 0.8358248122073566 0.8355957627243217 0.8007453921759172 0.7628427835931602 0.7946578941056376 0.7170695418513571 0.6635181902887617 0.6760762978693039 0.6196375178526758 0.6295795902310883 0.6323212739571555 0.6106533129815934 0.5718272346352674 0.510179746087635 0.5396479968718022 0.49845455702534036 0.47736940650623355
0.6615664659539413 0.5989655829497461 0.6004263155850224 0.6182793854824924 0.6000954227185504 0.6597930355183648 0.6680705243396076 0.6406763854796556 0.655544877106013 0.7118383062113479 0.7347665419212469 0.7120649861018685 0.7004858069648215 0.6832724193579669 0.6399429724132214 0.6537590782905729 0.6666377648420296 0.7273440079579757 0.7456534415562025 0.6932371461073767 0.7149042371006705 0.7188579954339765 0.7387688498683198 0.7586405547983013 0.740953025908327 0.7714306906241813 0.8438973717102799 0.8525431940424049 0.8169381722502636 0.7275415213955605 0.7351609973149409 0.6861432782033813 0.6507556324805155 0.6592467749972027 0.6185003752381326 0.6779223270901498 0.668389951013486 0.6187228278815956 0.5245363523052013 0.5332521739904931 0.4736473145647531 0.4650367388477678 0.5139274145327437
0.5960207093333444 0.6612261705391481 0.6790758239467393 0.6533179942095334 0.6231703563917079 0.6024122507633474 0.6092467520127374 0.6254736195401037 0.7068486769312496 0.7420833133177703 0.7758676938008823 0.7360770658354847 0.6871176900832412 0.6978576610617054 0.7236717206989356 0.6642576313975669 0.7135053450317019 0.6807473014130723 0.6926686775612279 0.7280762254766812 0.7072398696080592 0.7712287747240804 0.7565809736925838 0.7084479514669854 0.7153829952775195 0.7545519791857698 0.8021356617998772 0.8023477005786732 0.7333692910658015 0.7019411102227978 0.7019878392553685 0.6567369991008799 0.6525273594440236 0.6284251385682815 0.6507281991169577 0.6459703730769015 0.6788854340837894 0.6206788801903875 0.5835551285300921 0.5050358988783653 0.5352362627458218 0.5198857442522191 0.4956412654617064
0.5759253238973044 0.6536424477704905 0.6717097551366301 0.6785302815118082 0.6207004028850213 0.6246463118311665 0.5943170257174117 0.6877725432747668 0.7340459381416609 0.7648497993893294 0.7774242361741309 0.7191749271617386 0.7409170930814823 0.7569368442173354 0.7472118411256646 0.7095321700619966 0.7298269338002894 0.6970188431345571 0.6512879645413334 0.6728902193259144 0.7317466453673215 0.7744602157649968 0.7470537530595651 0.7151695425898349 0.745626577919722 0.7406957356026215 0.7636499060298989 0.7699163492383296 0.6908835895047429 0.660776075888276 0.7031633738039449 0.6234603194424071 0.643388082329877 0.625783412773686 0.6513144194239079 0.6018401711588154 0.6297241512451934 0.6206810973066212 0.5873212767123903 0.5624874997361727 0.5409135640642192 0.5170116601000194 0.4922857117711053
0.5748799062505972 0.6544732090865267 0.6728594578648143 0.639091469945104 0.6436568512790338 0.6419843437010396 0.6939673657863226 0.6794791199004797 0.6798089845320193 0.7601128625348563 0.7325809963890769 0.7614822375651202 0.7802206100464192 0.7662184995253432 0.7663720408646846 0.7547867780282961 0.7175949947167986 0.6766271918298863 0.6547782856102522 0.6689058423697323 0.7465348899900398 0.745838687472383 0.7561555801750531 0.7473147566401914 0.7175692524048422 0.7671203765826625 0.7669127101867513 0.743984136471512 0.7329074809969325 0.6754004009618905 0.6261347974397524 0.6155556669245378 0.6437542242288377 0.6602310125915575 0.6359911717548574 0.6298145307095225 0.5317286577347671 0.5212243613941517 0.4974853380247009 0.5163251149637554 0.5425578789576839 0.5376585295129719 0.5699852935089026
0.5896933574389001 0.6498524755658599 0.7117188812876825 0.6922360920259991 0.7080874428774411 0.722089136520368 0.7063690545920137 0.6814785982818256 0.6757978815692581 0.7613356743736448 0.7112340976454382 0.7434340530622124 0.8440436629610069 0.8495568692935848 0.85625875044084 0.7848383174947422 0.772414453839513 0.7128516757791639 0.6435477633766457 0.68733913510808 0.7097194579415015 0.6913244781447109 0.7449091797158887 0.7230578084453062 0.7510367256335333 0.7161390472262782 0.7152704674425037 0.7375277874640959 0.7209442132170926 0.6872666993538876 0.6181136379452148 0.6251402648326942 0.6486948625923745 0.652610397900091 0.6163002783666538 0.547115870549273 0.4867411942951502 0.4981369082879501 0.4542630588569331 0.4722095782467099 0.48433409693584173 0.5032547571074143 0.5816836956855139
0.5861379670030474 0.6495236903127786 0.6665084745098502 0.6540282078869079 0.7246720034719712 0.7524501463598151 0.6970217712963873 0.7264236497760637 0.7182638830410325 0.747688745231461 0.7539770222622212 0.8129996350765321 0.8656123883295489 0.8476637125809258 0.872832030047433 0.8242030676480735 0.8135308233648028 0.7546332130214671 0.6549254911001066 0.6379743143246228 0.6437230041009114 0.6639704945821254 0.7118388457033217 0.7328224670518145 0.7157211304554898 0.7503250888159501 0.7506215065166433 0.6861277859607645 0.7317611951593097 0.697737734638012 0.6761560716998897 0.650422688839139 0.6385795445844031 0.5868477248625673 0.5647793760162788 0.5204706611383295 0.4913273164538348 0.47028641795706416 0.4524080960841436 0.5001809522673933 0.4723718380446154 0.491810835336253 0.5235362411752293
0.6337666624556253 0.6702492454120641 0.6148920226454878 0.6714199707594618 0.7087743656458423 0.7112892053876371 0.7560095066539271 0.7556812538829507 0.8015149140422603 0.7929272437998255 0.7923878326619453 0.7996194720923265 0.8440110091273934 0.8504087871827555 0.8893930538390321 0.7971617911834448 0.7809270886725387 0.7456486236607327 0.7021435554303813 0.6517490658063895 0.6260794494046688 0.63967634321691 0.7134939898082966 0.6608308169609135 0.6799035421135543 0.6963310472149243 0.7025672330796653 0.6662324904683835 0.6804692493796316 0.6435064591728666 0.6134942403408454 0.6095290506858586 0.5687074082670226 0.6095174196198652 0.6034351523182172 0.5162284096047944 0.45459518142487815 0.4924752146408079 0.4880187176327174 0.4736943948361102 0.47019318997020226 0.4556969790908866 0.5286120348005326
0.6314620693307482 0.6805570495293914 0.6595158395483659 0.7050585729783434 0.7523427465185956 0.7691128835246991 0.7710578596269299 0.7685886418164756 0.8124350481305038 0.7742732989923815 0.8040814057232797 0.8832807665821822 0.8541545501513917 0.9096092380279343 0.8704128754409121 0.8463454818266696 0.8274960266936473 0.7738976412981301 0.7004086174421592 0.6676004184052591 0.6298064271657008 0.659169618741184 0.6580892527482874 0.6566089906604949 0.7072807311854024 0.6811436817141375 0.7146059652754952 0.6721452800831059 0.6835616575387415 0.6360136463704513 0.6229958118710376 0.6530124788334857 0.6120954431583066 0.5811449321835822 0.5884864695940525 0.5538193757129318 0.5149889031379422 0.44818148992233303 0.4420040538162397 0.46812877013165577 0.43955175237177846 0.45133768809731306 0.4984904983193526
0.660087863584286 0.6877452895276879 0.6807937847424529 0.743562202837243 0.7302649808499676 0.7436711301695952 0.7755139011764106 0.7552631109732476 0.7611172099458553 0.8247512500446763 0.9000418317577975 0.8729203978948319 0.9038418492698043 0.8986097073321934 0.9286968282715807 0.8760371297408027 0.8447446948439487 0.7958777797983904 0.6840339719777401 0.608313490512349 0.5772910310293475 0.6330130432047009 0.7038678070228062 0.7023852385136774 0.6832567938934095 0.7023983044273743 0.7339222977184046 0.6582591387479645 0.7199632337741425 0.7044452201170156 0.6669513369409197 0.6311989675253172 0.6282922175248243 0.6028087801048791 0.5836769984855313 0.5375202974191475 0.4576605020271143 0.5131867051177272 0.5019877961252192 0.4917230287301939 0.4701281734089511 0.5019993767371491 0.46149622195354933
0.6501518701783767 0.667441656170198 0.7125569195548929 0.7153772954098153 0.7442904701089853 0.8120756869574525 0.8120888277720255 0.7515769691705587 0.7607287118218458 0.8858061785821567 0.9436037295839121 0.9397737002424916 0.9428963898166127 0.8721200317690119 0.9016932805146409 0.839663596222982 0.8003909950427012 0.762160967848816 0.7340961246003179 0.6473970973252353 0.5792864649637984 0.6046158225155996 0.6009895656398301 0.6526357265528008 0.6788249729093266 0.6702358594013429 0.7073153349338992 0.6628612559989756 0.6999810440467205 0.6598082628505286 0.6461364995184389 0.6598678747594391 0.5885591276935693 0.5752266994630653 0.5345572902992358 0.4724839618949306 0.4443325052315647 0.5055282365478603 0.4636023821399055 0.49315205065213535 0.5009317104763729 0.4771934292429704 0.4925184365341519
0.6495683025859816 0.6835138061611576 0.6874525986858747 0.7209200593743604 0.7762028293719804 0.8012859361206625 0.8117134080206425 0.7777883521926119 0.7955056223591284 0.8691460469560995 0.9400622708450262 0.9174901557209687 0.9449517870191547 0.8756743446067828 0.8373656467200049 0.8360509899625224 0.8739232361423822 0.8040874138287819 0.7751185063265201 0.6582115220159863 0.6418543757431531 0.6300894873901827 0.5827278947929453 0.6484802233492073 0.598999143991706 0.6682506719215955 0.7050236929691851 0.657853004778206 0.6184200876705126 0.6469866648723492 0.624271960985667 0.5879913872266435 0.6006932365414668 0.49551383855354686 0.456496704494348 0.4251406385842407 0.4958747197199972 0.4610766020310623 0.4609597438399524 0.43059715690083117 0.4412980692860713 0.47011880089712726 0.4858476456536061
0.6752408709456755 0.7232234029211095 0.7118210836266643 0.7733282222831405 0.7940946509999651 0.7844567273221644 0.8251102775099375 0.8036709102103503 0.8359859146627493 0.9154317080874912 0.941470161026039 0.9869816547824565 0.9867518643662095 0.8796956798864096 0.8420166738665128 0.8781394543036788 0.898257322512909 0.8483626083945296 0.7736159673595385 0.726109237453225 0.6716076292510834 0.6198396982872801 0.6112989703686801 0.6330902616138041 0.599126268887384 0.6571172206333399 0.6819386834157901 0.6301360643049516 0.6282609855692566 0.6073690343617631 0.5461510570975079 0.5462394193754062 0.5402794167786112 0.4738573523711633 0.4789649906584458 0.4346185871009743 0.42050061843594555 0.4612019079578016 0.4644642375571046 0.45292415529114416 0.42060019953821953 0.44966626821296984 0.470940976909958
0.7252311630285261 0.7802943995531229 0.7968983124393838 0.8412760209622142 0.8792165009785633 0.8473313292631663 0.8150930250867916 0.8764362142013946 0.9128174155074095 0.9663863104157079 1.0 0.9933901979035313 0.9933781846794927 0.8980731535071798 0.8735096318968822 0.8760416144218024 0.8548182666684215 0.8072460484058931 0.7427172136922602 0.7441213115541038 0.7035084993059898 0.6225956090282357 0.6610592249383058 0.6350585239762668 0.6199405052451666 0.607168350566926 0.5941345977420069 0.6186285379867847 0.5840955621392017 0.5645557465715674 0.5174133363329931 0.528748968470191 0.44038287550907684 0.4889049002593245 0.4744461407244282 0.47609665515138255 0.42270890178354525 0.43801245147896695 0.4554100556542256 0.45874640376259523 0.45996951683037235 0.4807853165848204 0.4332775180710953
0.7310595662247598 0.7746654798162088 0.7760120774736992 0.8026257970231983 0.8344368432101213 0.8342005906480272 0.8472870647286278 0.8827566250113066 0.8844856968447071 0.9278563386533423 0.9480865023422442 0.9411809282854187 0.9588837256858321 0.8666374456699928 0.8640425926821725 0.8481157711859814 0.8337931123018201 0.781970737051174 0.7456758117405737 0.7416762421179423 0.6551609719241479 0.64062486612855 0.6539689523868238 0.5929381450894637 0.6381110128784948 0.6353926262464732 0.5884749581816568 0.5274328655074716 0.5390233692036687 0.5364419871019962 0.4739593759469374 0.4755682314753816 0.4576841744412281 0.44819726102336 0.44206599306229905 0.41973782771245566 0.4414349735232996 0.43398095308635515 0.4351027356156692 0.46220465980001946 0.4495586178058888 0.42607435243337977 0.37682146068426875
0.8135922690618158 0.8228174603631234 0.8247291225983929 0.8189688495729937 0.78161026642131 0.8247138490651217 0.8150409733944843 0.9073845265033016 0.9064309883453935 0.902143561239054 0.9352956613627161 0.9605043400950489 0.8985029668173311 0.8772013689438299 0.849244324604263 0.8169292993772254 0.8614323751532721 0.8035596036885583 0.7394079188043502 0.7145564847556042 0.6365843329981173 0.646064216444559 0.5856522445057399 0.6140454367463294 0.6003551468113737 0.6078627565739501 0.5839793687347221 0.5204281019728523 0.46220527191287525 0.4535373006800052 0.439677380629688 0.45760394732991794 0.42885548562129083 0.42325846262318684 0.41678973525534924 0.36695288117432023 0.3653608465902726 0.37007494809531866 0.45174183861918515 0.4606799911747847 0.4641943983826604 0.40633084620614945 0.35498654192488976
0.8662351904363782 0.854010937067605 0.8212774981728221 0.7786472219286811 0.7962284182467059 0.803935825658241 0.8570687004474563 0.8760564771740459 0.8782601679247464 0.9040389771791338 0.9295176068639797 0.909579767460431 0.9002926295907614 0.9002486268338059 0.8768720708619715 0.8318406981923486 0.8168790566164957 0.8269203532887062 0.7520830363517736 0.6652997063772299 0.6317751822199981 0.5934253770687407 0.592094528918802 0.5558213765962646 0.5686548458080252 0.5821900920303413 0.5612980891100448 0.5085660405771852 0.4205477254273043 0.40588551339430473 0.3626706073540754 0.3417278457555307 0.3691642089892223 0.3669088660544512 0.3181736619675395 0.3109632528656038 0.37574477150545244 0.37347519517738353 0.4387578347998073 0.4269918194668952 0.40875531843937724 0.41649935354439777 0.34165887238294324
