Raster_benchmarking/continuous/raster-205.asc
NCOLS 100
NROWS 100
XLLCORNER 1743165.699747235
YLLCORNER 5469294.451323407
CELLSIZE 10
NODATA_VALUE -9999
[rows 38 to 56 of 100, columns 0 to 42 of 100]
0.9302789786885914 0.9207290591081992 0.9456513845144253 0.9307541639013229 0.938785831297885 0.9222445859671182 0.9023343571186232 0.8668490292887451 0.8629426942722465 0.8089492507351036 0.7598644564232198 0.7438781340746751 0.7295345040966436 0.721780145922178 0.7019542326099232 0.6527122323387703 0.5979043898579213 0.6037158706965395 0.5812534368820527 0.5976692441906563 0.5980413823701594 0.6040932515035388 0.5879226340483532 0.5745391564458754 0.5596555586380126 0.5315861683085152 0.5122528601764164 0.5274503712424526 0.5359657233904196 0.5090141756602227 0.47994369645030716 0.4888221752754229 0.46577072809874376 0.44757605426122704 0.4313210967282406 0.4332305232429782 0.45559844009064765 0.47321712519362863 0.4808783102980241 0.47585809524855954 0.44127392623101463 0.4233161720687473 0.4407419993937695
0.9639095250899784 0.9569674372692737 0.9591737887403412 0.9443977612416606 0.9217416476310821 0.9062925396272882 0.8709875042816584 0.8623235364643614 0.8364639693900676 0.8134064844472066 0.7784120297714989 0.7665637715908343 0.7294743748379118 0.7112887842899195 0.6677426746940814 0.634620427036417 0.6112381301579584 0.5809750595498888 0.5695125424315783 0.5749798963538659 0.5714021714957924 0.5884582646635986 0.5549056298740582 0.5442460412080385 0.5503445549364994 0.5173164370418014 0.5169256526104148 0.5084993051882001 0.5050427205544115 0.48844155970627284 0.46324863804336375 0.47437461337776693 0.44746616749640594 0.42701925342404623 0.41988346434518375 0.4593688099674839 0.44845909353764707 0.47572650690141455 0.47306927310629043 0.4592414535075997 0.4665425505838792 0.44059432319268643 0.44878066893117247
0.9760980678814661 0.9727320544393859 0.9444168325891232 0.915522872076002 0.9088412241886102 0.903532011963995 0.884701665601202 0.8718813288248964 0.8497436455906798 0.8055375610722006 0.7929345666067287 0.7676111704050492 0.7545071430520931 0.7224087940600795 0.6982621401212828 0.638190588629491 0.6071098442801387 0.5818384961116634 0.5943978070758351 0.5707666984424902 0.5964223333305975 0.5808090417395246 0.5595083191576381 0.5462420102966513 0.5049340883480764 0.4863529772323016 0.5016334841561698 0.48630890519903325 0.4687353871666343 0.45242670323119333 0.45469697517983954 0.449603138123239 0.445273395339152 0.4126915009007122 0.41885448368987865 0.4515570476631874 0.4565354423784971 0.4493568893108758 0.4743634756962555 0.46129616704885357 0.4768093720215765 0.4719756938869076 0.4398642576116677
0.9666463515648982 0.9543275241188386 0.9590426422538536 0.9399219069623975 0.9175625288731162 0.9123880141238211 0.8868454420863301 0.8652886789647289 0.8355411971359998 0.821838826849499 0.7893974851934501 0.7776870678832336 0.7689572016956546 0.7329343432327187 0.70808640459874 0.657155440341744 0.6023728108250225 0.610029963191489 0.5745506157878633 0.5822523413704618 0.5972345779013816 0.5858168933623578 0.5638790524570795 0.5191604489325052 0.5040059776292678 0.492643281559406 0.47287831050130086 0.4566268498076617 0.46621088429902724 0.43247363270461253 0.43570022526699675 0.42610794431312643 0.4322361400175009 0.4327242620330763 0.4151165253178305 0.4334942655721191 0.44347763814563773 0.46067784412414126 0.4663967011716713 0.4800873386307007 0.4982522024957207 0.4815285133011178 0.4626030108650665
1.0 0.9730748015561251 0.9308710826677522 0.9378891714394864 0.9112836978809804 0.8773319660792412 0.8824036069521022 0.860309056445125 0.834619155616649 0.7911197749652555 0.7637162461687211 0.7424011024089378 0.7456993897450257 0.7431842473864783 0.7151681183023265 0.6460369403230757 0.6055951053224253 0.5747171111578412 0.5689121927088892 0.5796428051269823 0.5847029001353677 0.597562901996126 0.5569009939574194 0.5102887086667794 0.4800542859712298 0.4744106047292657 0.47739744394393957 0.46729641062784216 0.4457916726352122 0.4243125600926453 0.4191917803978228 0.41830603846462394 0.3929852322462741 0.41510080616512873 0.425127749305189 0.4257990753892384 0.41571685753024906 0.44985500591067246 0.4667542828300158 0.4914914785926112 0.49699842175992287 0.47482641681153204 0.466386495670062
0.9593266122825767 0.9407976508350663 0.9061076302083862 0.8991058903850675 0.8854650923730217 0.8774305239032659 0.8755872120705253 0.8512757490354687 0.8243530530999038 0.7912076275071823 0.7515901198048482 0.7384232101796762 0.7537395757551986 0.7211066033865944 0.6966456897071682 0.6525592437069145 0.6332494830582452 0.5899132740083047 0.6081563746185217 0.5854617517346551 0.5815523778153298 0.5986841413569629 0.5473413886444375 0.5171338219522039 0.5163553440996724 0.48096500747177623 0.48054506381568296 0.4628734145034872 0.4502374578320715 0.45109326146310497 0.4171407139452947 0.43474859673263333 0.4300867238112783 0.44320663159630147 0.4423146717727586 0.434327795625555 0.4553635752888668 0.4705882315311634 0.4615280184249904 0.47140823278810434 0.466131286697517 0.4694408438575778 0.4837033781987566
0.8955815474345827 0.8944748667795164 0.8715070436687005 0.8678768805781077 0.8826095957292026 0.8696193412535905 0.8253826440229163 0.8148774750513422 0.8066630009879983 0.7764350490295465 0.7397203057225049 0.7240019040869146 0.7335791410713709 0.7122228499853526 0.6885351065423249 0.6589572748396335 0.616008944286652 0.6332474129423072 0.6139652221973717 0.6181512888252966 0.5912575188064179 0.5785478524297605 0.588042922380541 0.5656992708950169 0.5206763102939782 0.5032584687475276 0.48811075075662413 0.45283214760525026 0.44236119575749777 0.4490896629942374 0.4377644633139058 0.4430122576099114 0.4466859846668464 0.4530863365641505 0.4442998324985821 0.44634611883620745 0.4539793645805457 0.47323698795703045 0.4881277326543385 0.48519603480998513 0.4785731233950849 0.4716766076672515 0.47636772821244455
0.8728246094106378 0.8644658497319752 0.8761663236737443 0.867649845775926 0.8685007832621686 0.8292331105791677 0.8356802122900426 0.812284962632767 0.7840871980035079 0.7715325779680181 0.7461963144990555 0.7189649117330353 0.7002746045396576 0.7020698509746752 0.6930529350226381 0.6625652844857793 0.6485620028374164 0.6461478025439285 0.6217737135062411 0.6160948317385256 0.6216588789734775 0.6082496097484712 0.5776999632059162 0.5726908779027239 0.5493719486794796 0.505334629171798 0.5054113560103967 0.473998064652931 0.46004841128397833 0.4564225453483368 0.43863879132494504 0.41990949698122215 0.4176413650603723 0.45132852291229786 0.45165194314553103 0.4447967348291282 0.44728944540815113 0.44721657827411077 0.48497772871393313 0.49952750811294105 0.500344512656956 0.473317815903076 0.4827346757386719
0.855404458948651 0.8630738731461124 0.8245204740772261 0.8291489754634646 0.8313506656925124 0.8239721692260308 0.8196218477987786 0.7767874475300617 0.7431186150849478 0.7590988014959119 0.7492136286720331 0.7285808585011939 0.7114655720396853 0.6773708348265997 0.6700259995033887 0.6872521114588885 0.681682687414844 0.6683305825481025 0.6282190415375433 0.6368750138851039 0.625705746636993 0.6046584948395539 0.6075799014144637 0.5794201588082548 0.5659601492783825 0.5203490911826321 0.5210189337511465 0.4997890561531082 0.4624854103773424 0.4639671557022483 0.44804605919707663 0.43559304728894815 0.4243075673589879 0.44073137675419544 0.4522066954984741 0.4442458120734282 0.44235295397413393 0.4391473705703238 0.4752725670617351 0.48058788620395615 0.48501820304594456 0.46058134961416636 0.4559184082346361
0.8351750152976871 0.8341019263440198 0.820251550755692 0.8024976921975155 0.7851504434759724 0.7880244448455475 0.8004618957259896 0.7848914217653215 0.7446617713907228 0.738599409209802 0.7147646929858426 0.7211734898708264 0.6969631604951882 0.6925006563407768 0.7043693836648413 0.6908595853102464 0.7077354879611722 0.6820209998073941 0.6461185788475564 0.6546230442478097 0.6498874902541038 0.6450230986785738 0.6342474192611876 0.5936353491341999 0.562996524019057 0.5493403590989121 0.5117727725730317 0.5059023728277218 0.46620764237005474 0.4688685267750904 0.4851226011364033 0.442848180282931 0.44956029445244267 0.4497096901013727 0.4405197981032709 0.45064513095342884 0.4506116739325453 0.44750431656900674 0.4532431715092721 0.4643730768792236 0.46654216340993504 0.4688398702898592 0.45490468591894706
0.8287975335020029 0.8338230209128488 0.8134330459978824 0.7837977853835424 0.7776733962865013 0.7906885294153088 0.7683273233303282 0.7784082731813114 0.7606369520221833 0.7509980193144896 0.7086217050992439 0.6993108216077852 0.6959740751674489 0.6890608654829985 0.7007812630846433 0.6841451545464396 0.7022239745915871 0.690923861873221 0.6654317209478473 0.6806279325585368 0.6716636475936062 0.6462406440596206 0.6575102627537804 0.6180354807120841 0.6202784505390642 0.5832180143276025 0.526484059097096 0.5226576928718891 0.4999669638471256 0.48956796716021345 0.5074127882902716 0.4551302247678678 0.44498387421488156 0.43085310592168524 0.4426266545032334 0.44434177116322554 0.46113444588555014 0.4407743401493807 0.4605081852959501 0.4636568822156073 0.4286769538991366 0.4426316686608523 0.4475692686191866
0.8228598434997327 0.8069590882537574 0.8126413508336472 0.7951752539483998 0.7657475713868738 0.7816881157750004 0.7830757131366819 0.7516066874302287 0.7355352899859628 0.7353424650749153 0.750504932398288 0.7189785516408639 0.7267504196312728 0.7065962427930843 0.6804872841231071 0.6917583633449846 0.6947218815162038 0.6810400497621383 0.6729688341249447 0.671552322481486 0.6811322973389775 0.6732959335174947 0.6514011197562037 0.637977236562558 0.6445321929602825 0.6002891785116768 0.5397301265843031 0.5122700260680173 0.4932756800398472 0.49517654865226784 0.48782948499822826 0.48256495036082364 0.4628533357623963 0.4498557709510327 0.45720828962848176 0.4510914535915869 0.45992951385653913 0.44570975281396935 0.44054517254272846 0.4470461151864504 0.4467988483181914 0.4494030152238594 0.46377270168852114
0.8485701138611275 0.8277536920839199 0.7948743393031928 0.7732105427078784 0.7744588751368967 0.7829268587871828 0.7724943621469028 0.7795629222160444 0.7541635670804113 0.7392090144872965 0.76851524658502 0.7316270767344051 0.7478257853603792 0.7206842626547686 0.6676752331215836 0.6615134072036151 0.6411401862281921 0.6802384716592839 0.6652336214469022 0.6754490682413292 0.7053963267405267 0.6728663751495676 0.6542366702165244 0.6506432349045215 0.6696711813155692 0.6165693476345626 0.5535420254684803 0.5414913527048067 0.5187145464544001 0.5256760593516443 0.4995562548935694 0.49088488247806744 0.4985846703587147 0.4765306858096902 0.4545510602399585 0.439955259736466 0.4487219367985769 0.4536265391759491 0.4704005891278489 0.4482966170896807 0.44374932682733265 0.4717785297828638 0.47673097275161724
0.8413428286292961 0.8074673554875772 0.8007912115530978 0.7805042796468403 0.7911535471914058 0.7910452917872061 0.7905204686352875 0.765829851715786 0.7787809530713496 0.7657777904825225 0.7626345702624328 0.7368234917208457 0.7040867305567725 0.7106008745789204 0.6787647762473089 0.6633349074704998 0.658528598383583 0.6796184494854975 0.6778523380753261 0.7003088954877742 0.698459413280819 0.6815035134843013 0.6936728313773766 0.6961151571128866 0.6866958148347506 0.629249859828583 0.6080168328270644 0.5757540423000511 0.5646593769995284 0.5507181243763509 0.5515685212027779 0.5308758145081899 0.5261510921615118 0.48515990250470986 0.47737721564069086 0.44889327846071336 0.4530704960509659 0.43517691792775853 0.45343388770751236 0.4323753408961199 0.4365508395076152 0.4422849860830835 0.45856756084606054
0.8170707336256186 0.7853413258717965 0.7777965545518833 0.7798298185371716 0.784828129959917 0.7878062394802747 0.7810293108192218 0.7586297237467211 0.7783821425466643 0.7338419585622412 0.7342494536220495 0.7249252058345388 0.6930241185160512 0.69379694996282 0.6955597801077528 0.7085482966564786 0.6906685853647099 0.6819654235286594 0.6918170298062652 0.7018694359864325 0.6780266638872329 0.7050852594225083 0.7120355926432793 0.712311145237852 0.6854761449396928 0.648970728174985 0.6212748108823792 0.5803335778434386 0.5769931397735293 0.5856803006103061 0.5881714864690071 0.5511559137131896 0.5256792200616568 0.4869442437535748 0.4799766802354457 0.4603865498387946 0.43334814853997555 0.42390000312895737 0.4322932927810973 0.42865316595400854 0.4386981927011863 0.43660719533735187 0.4273649844494655
0.7824506103668646 0.7876660057222309 0.761999212967176 0.7900080580369155 0.7746887346460952 0.7634150233537883 0.7894090563959603 0.7583197786882018 0.7298263898637735 0.7301980556561359 0.7103507403028312 0.7128636605055965 0.680158482709355 0.6831917500212246 0.7022183199671954 0.7121350683028838 0.7108591772268832 0.701691573804731 0.7032612717904099 0.7092095882604714 0.6941598130208531 0.7015293094881742 0.700894538434919 0.7174331132498366 0.6819089706047359 0.6748083823994641 0.6568753774737245 0.6212465189891462 0.6108679007788855 0.5854469518966894 0.5967641089362052 0.5920207923731633 0.5659620058552373 0.5171675507022213 0.5170984593810615 0.48801572759070605 0.4640020918292196 0.4634309332171372 0.44095236006361327 0.45121564522125285 0.4559931762687848 0.4537108538428072 0.4685660639475397
0.7490787937999955 0.7428463350301794 0.7571550674194152 0.7528533830537918 0.7665832632045027 0.7780717030814165 0.7875989358679225 0.7519821258695714 0.7232116325405257 0.7266796059238017 0.6937942260867388 0.7125956073275354 0.6838483417879689 0.6897252794766217 0.698486267347048 0.7070573716582509 0.7386704367576121 0.7399204087798864 0.7563789657553353 0.7516119223775212 0.7229243809629734 0.719021407605367 0.7059534348338324 0.6986359308829736 0.7255529829281364 0.6935540498019139 0.6500723488157836 0.6472323799053709 0.6246753939326687 0.6018245496283517 0.6121004654824205 0.5804056636857199 0.5811173818779959 0.5264719138064649 0.5295918124301309 0.5083774151316169 0.4491990148186259 0.45562853753783644 0.4791201580112111 0.4501339898845067 0.46330698902223977 0.4719784183878435 0.4592265603443622
0.7544451502183404 0.738103384709548 0.7383633749985872 0.7456239498655757 0.7384710864898242 0.7546459690790898 0.7420791163084969 0.7406560929169801 0.7102394792858652 0.7021889813788674 0.7180366567012536 0.7079476790137282 0.7150489135492315 0.7155555227803457 0.706682839005024 0.7424973421466419 0.7584872775723144 0.7663911022478713 0.7570005804638729 0.7647146630917714 0.723561890738027 0.7312539544041337 0.7400171569135208 0.7057162485955386 0.7129538913233765 0.7022562492177541 0.6887044185339409 0.6474818600437944 0.623984133959107 0.6068168964615088 0.6121493226797644 0.5749457851074093 0.5729660809542273 0.5348119932641291 0.530369663155737 0.5124304862256718 0.48872273246158854 0.47208088573258794 0.4692592701733702 0.4682528953264924 0.46567410268830856 0.44686472128568294 0.4602875762914903
0.7239843229415437 0.7227452762778138 0.7294542624263469 0.7279370906215075 0.7326824000108665 0.7384687115554136 0.7627898223302269 0.7516802681795346 0.7494728361978285 0.7161594753766582 0.7167673093105915 0.7098930430345347 0.7084711264847847 0.7194579482230942 0.7416818844636488 0.7493196988306647 0.7700518247876379 0.7876416697444177 0.76816056594568 0.7619875225666657 0.750349713594239 0.7430999740729384 0.7499979954645822 0.7263436025735245 0.7027486275950203 0.6838423645316116 0.6843009604658993 0.6583348252046445 0.658630469688446 0.6291107121253072 0.5988476088812044 0.5724261199642966 0.571527344503602 0.5632301822608493 0.5202289116814446 0.5111798914746764 0.4977793236078704 0.4804385558393823 0.4831676084171466 0.45965577942038066 0.4789091636302489 0.45951382829848436 0.4199415057933751
