Raster_benchmarking/continuous/raster-321.asc
NCOLS 100
NROWS 100
XLLCORNER 1743161.503574558
YLLCORNER 5469295.43708253
CELLSIZE 10
NODATA_VALUE -9999
[rows 0 to 18 of 100, columns 0 to 41 of 100]
0.8953850721693687 0.8759154297133551 0.8295826827831712 0.8560936578417415 0.8344143788595529 0.8730694973944075 0.8770657294897038 0.8799171305684148 0.8506344766112216 0.8815096286072318 0.8671245168587957 0.8464549039434179 0.8234202262668635 0.8014308249590995 0.7749816652191891 0.7680948873428444 0.7623306412168946 0.7946560926285525 0.7991563063824358 0.8170070869372484 0.8336493250720185 0.8061941097964603 0.8070451219376195 0.7984286286343402 0.8187496842674464 0.8317419621849829 0.8428926025143942 0.8565654516474257 0.8667575250401006 0.8685728531593994 0.8544387802120366 0.873431250209286 0.881686269038861 0.8450080958091508 0.8373604614351983 0.8561841696343734 0.8517722940179827 0.8317869415226737 0.8545711768428916 0.8359316591964397 0.8872333438997805 0.8703007700421234
0.8928176186424869 0.895288912764647 0.854544421727807 0.8586927419166337 0.8323140324752036 0.8584938895104688 0.8399077917115009 0.86644203400077 0.8364911973762399 0.8977257534758405 0.9356551160556581 0.879084702798242 0.8511447278825657 0.7877055557395232 0.7461540081047385 0.7666765496762337 0.7530867426015362 0.761473858734801 0.7846777183725638 0.7989570413875111 0.8368985330431583 0.8324247743022428 0.8308078100961591 0.8360920341466913 0.8469166279023902 0.8776933184131931 0.9400893318907959 0.8498821309665623 0.8297655326935565 0.8839574831304124 0.8740818786721557 0.8562657729097436 0.8441374698800188 0.8300476463282013 0.8134173449737715 0.8303394023008043 0.8580977785634075 0.815018666119736 0.8199385432154718 0.8320154730967695 0.8767054476329132 0.908975531707876
0.9160252967399674 0.8939131197538511 0.8948812615900688 0.863871963773895 0.8480661149773707 0.863665474842658 0.8556853854355881 0.8384473827131883 0.8385668869280641 0.8472199373434054 0.8607806061696821 0.8709919531856878 0.8663829891792801 0.7971351248977452 0.7308462791378956 0.7232492549052832 0.7134810186641606 0.7363741548671768 0.7894706622934372 0.7967701071221581 0.8190999233596746 0.8390377257996016 0.803817680350372 0.8410754525453394 0.8606028093359682 0.8832729896312147 0.9160291171755192 0.8539955595552439 0.8404681288574318 0.8777045037091292 0.8623527565647809 0.8683214247074387 0.8734882100227536 0.8497104886931786 0.864413566668821 0.8243755732003846 0.8265853741666108 0.8547223766350056 0.8410905135744534 0.8658968322198501 0.8845530470060032 0.8933826947682405
0.8677761977113497 0.8766447377440949 0.8750267350059332 0.8656742098356938 0.8665795493949281 0.8547768203499562 0.8742281375283028 0.8660065595647419 0.8188384201150588 0.8258646094028164 0.8221597386208509 0.8378315875771843 0.8445585197493134 0.7940137989877374 0.738729748998063 0.7370104239000687 0.7343510337197424 0.7504547534596057 0.7428057514092986 0.7968063290590163 0.821064551992511 0.8293924292696455 0.7916392906179832 0.8005057108710616 0.8572594658272129 0.8785264053466576 0.8870437696693274 0.8415843906532967 0.8576181110936336 0.8394128141506454 0.8433942613321173 0.872652414186484 0.892488635716972 0.8660515401533686 0.8660497833148181 0.8852759419465311 0.8571670927832293 0.8769817564267504 0.8430838583048444 0.8890968043683073 0.8770279224367283 0.8929285851625279
0.8764848222911515 0.900253969991023 0.8789596009256879 0.8734340335690298 0.8330094215033221 0.8280058700384426 0.8666384494247703 0.8300480853209842 0.8068711103455025 0.789892053032869 0.8071854971940486 0.7977662737981908 0.7970381614652898 0.8071288370291281 0.7460823305968518 0.7371180377915281 0.765136864407147 0.7462432975502972 0.7822969321163185 0.8081139159157155 0.7888982200151127 0.8343271571758029 0.826516792370156 0.8159032757294585 0.8557733502590745 0.845916363055327 0.8317873910776674 0.8369344413144856 0.8490410138638226 0.8259817052238195 0.8283767513496689 0.8666878949152883 0.8574180593171936 0.8869301954301104 0.8928710987626632 0.8849617932963003 0.8814939981447988 0.8760355639289401 0.8329811525629821 0.8632837850257776 0.8398488044838639 0.8497191925494862
0.9334312320105471 0.9460610554262058 0.9356049714363317 0.8484786851342169 0.8234765380385971 0.8107114711837438 0.8344717859512135 0.8423200593322483 0.8148358980001329 0.7935559062000247 0.7825540029025665 0.8119039811007847 0.8104422728706268 0.7992579543802095 0.7808927380429558 0.7700122963580759 0.7889293156435843 0.8028899829173153 0.8079412081198112 0.7844475919046232 0.7845936373063136 0.7876766692589176 0.8385333785145281 0.8257322001619921 0.8206690437566618 0.8073806686059624 0.7975302339314966 0.8297992177785207 0.8023155846768949 0.8203154379234698 0.878676219401556 0.8454660071532792 0.8662099844915966 0.861863346789278 0.866703028451018 0.8793850192953806 0.8674588447231718 0.8743651785634431 0.8513594141599955 0.8675384664047695 0.8652540307821935 0.8644059428343702
0.9352660607956021 0.9352721907970383 0.8668786145401901 0.8441382285915471 0.8080666152814566 0.8350182377140727 0.8031395701432559 0.785908184706771 0.8070977546329389 0.8092179696137648 0.7900825639085577 0.8266065486094503 0.8029697820263151 0.8275333364922886 0.7938687475981239 0.8143719622774547 0.7927469011148066 0.7927504688904441 0.7999531652092159 0.7841972344339678 0.7586570873603506 0.7600409953096389 0.8141071566903656 0.8196923564658649 0.8048835384817906 0.7792509838609865 0.7881866290895102 0.8014105360176054 0.8190306359522541 0.8247625891316496 0.8321887342454687 0.8551034939531177 0.8840287193762337 0.8647271318037647 0.8599172309704739 0.8475199031533995 0.8414010675217213 0.8585066706107942 0.8240983078584276 0.8417504603380844 0.8376819127012605 0.8545827475082891
0.9214126117681783 0.8946890749019139 0.8531592748730118 0.8459838377223358 0.8283299773117958 0.8310935628568339 0.7950770935721877 0.7686323919119559 0.8020420689024779 0.8138491516159228 0.7975449693677689 0.8197396143215704 0.8436915225518662 0.8423862994645042 0.8185916367584672 0.7943568178404967 0.794333235169518 0.7779168218030316 0.7158540338201338 0.7650527677188743 0.74345190052429 0.7789196092378596 0.7754116608133378 0.8093177154134022 0.7917188551447355 0.7780540459714368 0.7677960404994378 0.7929878402130114 0.8351465936725585 0.8353076625191109 0.8143261934538631 0.8593884990730868 0.8685321303513786 0.8648274733813539 0.8860971248958884 0.857343775961126 0.8572716843068403 0.8385630146857634 0.8153485715443445 0.8485734259722802 0.8432117587494046 0.8879425719174759
0.9494452435874894 0.9086153817731646 0.8596444609915954 0.830620317360871 0.8204461623570872 0.8006878836753044 0.7788978158215694 0.7844527270226819 0.7850783989621132 0.8106118585597573 0.8156362288308276 0.822145112784966 0.8236165015728274 0.8347831530571566 0.8202263777050833 0.7643710224323365 0.7813495589372162 0.7611154608722914 0.717135434045559 0.7233479703047251 0.7319547755647839 0.7475529186441757 0.7718996618595358 0.7967166815596906 0.8052071507880185 0.759170253047898 0.7764276911088236 0.7771393953733139 0.7855003540274085 0.8009714846301964 0.8123215354264586 0.8245000440519528 0.8548875523814459 0.8580747048107126 0.859507718019749 0.861328397614217 0.8566574883872035 0.8379137020700599 0.8250847416639795 0.8650532674867004 0.8724609301315043 0.8766101313353921
0.9465083746753196 0.8997391779801808 0.9047710351882907 0.8863942244598162 0.8419179284394175 0.8146824674934497 0.8146269088053659 0.8265787172720367 0.8261783434014996 0.847092069423673 0.8832092430204994 0.8308193983916331 0.805031959122479 0.8366589189004452 0.8029815748289406 0.773697347086786 0.7362219879723432 0.705641907520925 0.6979703648152354 0.6878580620583148 0.7247080503691589 0.7699606558324833 0.7959489450029734 0.7900821213920255 0.7736163071548182 0.7331470105076026 0.770730572394048 0.7704170392891099 0.8203726734825505 0.8063415159183541 0.8335456643319944 0.8106508080857093 0.8697913496197912 0.8212423045005547 0.7809116221397397 0.8339344569980758 0.8403526099401717 0.8378894535253997 0.8225750466012879 0.8637604120720437 0.8809201980581979 0.920363434753416
0.9367486044514582 0.927602974766268 0.8933388615001647 0.8758675946892046 0.8631665210609859 0.857172503791517 0.8115518035725865 0.8374533359314213 0.8371619762557324 0.83217817374368 0.8459853247857223 0.820475501850693 0.8073776335862344 0.8054232893741473 0.806499913524368 0.7623228809709143 0.7323888011066473 0.7004087306776069 0.6937128907529526 0.6931450042590436 0.7292667548295331 0.7420471766910394 0.7568539868445826 0.7147426694561358 0.7463944231424908 0.7376295426018669 0.7275376499049528 0.7599179858160439 0.795181560574794 0.8096704151193334 0.7885159055073518 0.8104307160939509 0.8497061194962758 0.8186711003991778 0.7837049913515082 0.794116701876996 0.7948065505454295 0.808020559469514 0.8234440474496434 0.8720814928558328 0.9027106557207304 0.9036771084172079
0.9215253783475763 0.8768547017818579 0.8566224860808104 0.8347612904104955 0.821338988971605 0.8488225812418981 0.8421382494461181 0.8260119943717494 0.8322628513430913 0.7978367232522524 0.8047137916238273 0.7832397383148831 0.7573784960578944 0.7472281997423671 0.770669663043648 0.7140945523006945 0.7065165625479202 0.6970055431813338 0.7095714810790222 0.6914392184068081 0.7206609539390688 0.6839200793687102 0.6715261458813109 0.6930273526843913 0.7126056993288454 0.71391152163397 0.7382438118799369 0.7560486660740422 0.7343002571475372 0.7895605275851767 0.8052053854962974 0.7727728171136301 0.8172818937626014 0.8163803053334356 0.7773613465686247 0.7797393351495788 0.836210379656865 0.8434806416568088 0.8360875501881437 0.8828076226928991 0.8700320755533423 0.9074442096806055
0.8702231884514857 0.8603899018966685 0.8797805849348351 0.8663885387162249 0.8105830506240392 0.8407631191700052 0.8486619150013436 0.7965111768929004 0.7663345994775651 0.7916065902931635 0.7563891283787311 0.7255864646756616 0.7234447972242978 0.7625732029657535 0.7255420439585043 0.7193971689683967 0.6964932245333935 0.6514093134203417 0.675365482655659 0.7039164166182547 0.7008647406926573 0.6569639719765076 0.6340953439872806 0.6651191603167239 0.6738708775592606 0.7158412732459283 0.732727555621641 0.7260185943994716 0.7420429991155573 0.7598437143506582 0.7529362808967286 0.7500800674581345 0.7605253721115062 0.7628307972923143 0.7896332914288113 0.8069532984055716 0.7971808492116936 0.8169114262650361 0.8502978107103052 0.8845607989533457 0.9125032434212456 0.8840989338203642
0.8176491375291238 0.8420286219608769 0.8861469812869988 0.8486020793192648 0.8066965438254533 0.8188326732166061 0.8453969153238196 0.7956939294883129 0.7402908980468718 0.7322884854939979 0.700786612307829 0.6912485355229915 0.7222171325545672 0.7003598543678929 0.6947265618961177 0.6996390774948543 0.6291747836669315 0.6369607366900206 0.6115239983807135 0.6494852289517159 0.6665874392804529 0.6300992275794934 0.6283256245854374 0.68323475053434 0.6930668612979803 0.6963522002153532 0.6532802837946002 0.6880379457572052 0.7391755149271486 0.735791281458015 0.7244745917642447 0.7495517503142041 0.737870910053742 0.7497803932571933 0.7542832092001753 0.7469357046909483 0.7579215908828436 0.8113419058775231 0.8065125576187244 0.8531095691342613 0.9172631506472628 0.9048298682318564
0.8314100023530906 0.8085020387450469 0.7885606524585024 0.781372566097802 0.7875134385771775 0.7764760221444934 0.7734164161014075 0.7503560380193088 0.7413372049108304 0.6771652775962974 0.6717131042213886 0.695372113625003 0.66811414230483 0.6820869026230955 0.6803485286851432 0.6726603879044075 0.6329015543714355 0.6157614340391715 0.6487033774021528 0.6176984170057928 0.6194850729906363 0.6461622438309231 0.6659328649214723 0.6560111151983138 0.6887158962411473 0.6636919711696598 0.6390521950091339 0.6593418449468846 0.6849313533380257 0.703805332686926 0.6952943364175589 0.6925185166436278 0.7082141949568046 0.7472753725360565 0.7620846562959136 0.7518834555878382 0.7811484036064902 0.7714901404426675 0.8105710316440654 0.8511809549998508 0.8838691083232032 0.9372570574081259
0.8088767313677252 0.7914600438281547 0.7741177840294566 0.7540685969825299 0.7473957093514947 0.7289243610774393 0.6946716700361222 0.7102046021634363 0.7004386875497601 0.6619422990599758 0.6469118314873376 0.673682244876015 0.6779906470570722 0.6592171940756819 0.6854514897186209 0.6521209845544207 0.6248644684089125 0.6383033355961529 0.6449852414110885 0.603335780244138 0.6154149876152453 0.6043830508333999 0.632600473478338 0.6178969885220118 0.6431090619699709 0.6660441158201755 0.6823866025313821 0.6865797556133748 0.6676064085060531 0.695038316998183 0.6866269465209787 0.7079542166810501 0.7184081074225072 0.7412840524320445 0.7493589274051414 0.7800837293031986 0.7885807809740893 0.8118255019865089 0.8260159077166113 0.8661852375789035 0.9213568335644982 0.9510652143395978
0.7714911980959647 0.7645642568860567 0.7621172389140111 0.7296026061056043 0.7236568423553891 0.6734738473814239 0.6512302283455637 0.6697415245139957 0.6998962259404738 0.6527336681417938 0.6581691346966078 0.6544103320285728 0.6542300125516758 0.6736405087145372 0.6697321622296871 0.6759837148003763 0.656743261863009 0.646868115527839 0.6124336472566208 0.6429851031861149 0.6100852954174513 0.6189569086361882 0.6135183395987049 0.6293001404893693 0.6570388589646662 0.6809446065399414 0.6569155428165735 0.6820200351450575 0.6766483124093223 0.6575912382332215 0.6606430019352695 0.6999514739896182 0.7354959268466897 0.7469213248021898 0.7111083260421687 0.7362296798215151 0.7753463901804092 0.8241796720220793 0.8294034189358311 0.8809110340087069 0.8718569209793796 0.9244678942383449
0.7242489700895378 0.7165374954748698 0.736739601590621 0.6898392338237187 0.6879366279929374 0.6693907369730077 0.663479774285404 0.6535149361662603 0.6750189135703614 0.6436627522223192 0.5955348016125281 0.6292127327008271 0.6037240941021055 0.6595195629395219 0.6763386726892298 0.6260769705695285 0.6333805456267759 0.6273638493581203 0.6217626798279673 0.6645772596508784 0.6569850107086406 0.6329775701239582 0.6173732219441646 0.6433343487248613 0.6611731693706298 0.6646021529704563 0.6356961976938609 0.657952610450467 0.6869733663278877 0.65823393973951 0.637614946076561 0.6760784389758047 0.736794171154347 0.730151213492862 0.6756720492226747 0.713021129566657 0.7539327381369454 0.777375513735973 0.8284016588457469 0.8470797762879667 0.8546867351157407 0.8788587133922604
0.7111377326946144 0.7382690951349612 0.7307818455357795 0.6868796293502113 0.7114761459357348 0.7049883098267542 0.6932428625362372 0.6419116181933303 0.6368272870775626 0.586645526255139 0.5741827629116334 0.5770295081311781 0.6135639578463506 0.6212001183690145 0.6484823356056861 0.6124615730066305 0.5870996687040225 0.6053062052317874 0.6496183671817981 0.6557448025683461 0.6386165574414547 0.6260354446564987 0.637937144901377 0.6164082021666478 0.6510347383539649 0.6329186983999227 0.6485260561821505 0.674757714364494 0.6581798022187657 0.6749068096598644 0.6598481737099229 0.7144283151160791 0.698367432006926 0.710711385731024 0.7299885068655801 0.743071886402586 0.7351896179421369 0.7787691481491659 0.7932506030343419 0.806690543565528 0.8146606012840011 0.8433032175266466
