Raster_benchmarking/continuous/raster-148.asc
NCOLS 100
NROWS 100
XLLCORNER 1743168.4323801377
YLLCORNER 5469279.593202782
CELLSIZE 10
NODATA_VALUE -9999
[rows 57 to 75 of 100, columns 43 to 85 of 100]
0.4527822491997783 0.4359437673632373 0.42962487920482456 0.46784195673382617 0.4707000888573935 0.42407454595431593 0.4719153204176394 0.4603975113064586 0.444126370188537 0.37747171797210605 0.3953599368622028 0.3607322038192144 0.36829964782243013 0.3974895473700834 0.40445822573684287 0.3818455754046818 0.38400188655000006 0.38738296133057293 0.34150232056541013 0.34869281175972905 0.35097065956650897 0.33646824968535605 0.35697364325339476 0.35691496177626436 0.36959096465019003 0.349106921063666 0.37148770360825173 0.3693996408538265 0.35829859625329147 0.3246248421606288 0.3449613942624911 0.37253052490541 0.4169253890928091 0.4307443945282172 0.4074989116936381 0.4556872889270026 0.4507380741457719 0.4648036065466729 0.4271859050904012 0.45896835522507584 0.44388239348552017 0.38508915572778357 0.39973356980655234
0.4712089829925443 0.43915327163225365 0.4449439940099465 0.4318346026201401 0.4657972710897946 0.4575899129452951 0.44911521453199155 0.44348669957165743 0.4002816865567331 0.35147110023387346 0.344221826127757 0.3615446875190954 0.34914669815795923 0.3674411493019636 0.3347985616914836 0.33132291925497603 0.3515921198597961 0.33630284399319776 0.3459197455361969 0.36856564855342006 0.3721882445723902 0.3707424229974998 0.35539719957171084 0.3474802481928482 0.35859861296037665 0.35300382566066246 0.366909921619734 0.37840142518156894 0.36325182796453026 0.33514307754607814 0.3634874919698206 0.3720443470624089 0.38556378732245755 0.4001965290941843 0.4076817513953705 0.4038464783283667 0.42537046760436803 0.4290355045987735 0.4327793751402712 0.46290394384710376 0.4329561916661037 0.4097733938135914 0.41894656503293093
0.47043979832015054 0.4976382798983271 0.4472577203473969 0.44913058403480366 0.4551650269808546 0.4717538194086348 0.4540205663071883 0.38612249155135225 0.3740241858119024 0.3563169675569129 0.36726801544627063 0.34289343897320596 0.3131977253146159 0.31506516568293325 0.29769193097718183 0.29620344486590566 0.32247952865384355 0.3487383772337752 0.33672770844804273 0.38053924141570217 0.35266227311357173 0.3440851433386689 0.336936094105272 0.3578451301420219 0.32352000273053544 0.3016149639677441 0.3454512490931206 0.3872123082647767 0.3497673527449232 0.36758592698060305 0.36636183728440236 0.40270374604423714 0.36886625191134487 0.3675636424744956 0.3718308236297974 0.3942632613294209 0.44182662771113695 0.45843526176673216 0.4505206811989968 0.43540676845057585 0.43722933434819755 0.4283784114944593 0.4206485056472561
0.46385548889033273 0.4983887668907549 0.47634492628032843 0.469680191990288 0.4904189713890092 0.4479037167097728 0.43626447524469564 0.416782387097074 0.3714098811831643 0.34666706870704056 0.3652777968415705 0.3272311359796153 0.3296350272353103 0.3016641240387121 0.30955980742452255 0.2960475411279576 0.32671673938054935 0.33757656685060455 0.36535397523273017 0.3387343071814553 0.32311491372265483 0.33677561209525486 0.3190284855063827 0.30694373570286665 0.3084999587582404 0.3121896638329517 0.3465825162702026 0.3550525646776032 0.3532120237723389 0.366991808388811 0.3761456525128949 0.3805085049688341 0.3973503958040199 0.40415254652490545 0.36543392922701085 0.37540349810270296 0.4339853983020194 0.4151739634252981 0.4317753412383899 0.42299665792102115 0.4471997282976378 0.44214121192208683 0.4601292484784575
0.4790838083779312 0.4903958321104955 0.5003667080438489 0.5109955971775962 0.47861844084542315 0.46139912107744135 0.43089264899151053 0.4199196130931927 0.3774911172883039 0.3715966354338842 0.36603479956106344 0.30288589875108873 0.2751786193752175 0.3035295204004593 0.2920695582579662 0.27385873583255615 0.3175291196414873 0.3051394057474056 0.3148729735319285 0.33912881297327246 0.2924916423918942 0.291319943274933 0.3087545720121584 0.32513287505509225 0.32656791601700347 0.29617984521228397 0.3458143519256268 0.34296322935229784 0.35926137255122825 0.36995870995684976 0.36242950710807853 0.37543709882936066 0.38224706578323975 0.4041342514373856 0.4060999593972208 0.3927461131386477 0.42322386641267223 0.4062752794240814 0.40676888746311385 0.4427278836755645 0.4376289034731026 0.43236431951296234 0.484711493821172
0.49152836324408755 0.49945244129115085 0.5095752914718349 0.5106042869451677 0.5186994199978058 0.46123972951555714 0.4499091793255161 0.4366856355258711 0.39551244560687016 0.3501051280491362 0.323694663979291 0.28500476362646676 0.26234831109359924 0.2929140806677062 0.28541860729597 0.3112214380849054 0.30672048368917565 0.2796078231696177 0.27926291110748735 0.296413491850772 0.2833817821949468 0.27458456719279517 0.29132246360477654 0.3404491355175733 0.3270057094311611 0.3296937707642139 0.3444234558284918 0.3963119532924798 0.42239493932562394 0.4175956680492188 0.4146796376972636 0.4060071808217053 0.3802642071672269 0.3773775438489293 0.3699255673755852 0.35658174923030034 0.3865538561861914 0.4126553029284089 0.44661100890289895 0.45566682703920786 0.4295302301510816 0.4748977230716449 0.4922032512903309
0.4657644531138898 0.49194640289525077 0.5089157642954208 0.5252170224199717 0.49082190168911255 0.4988528497504872 0.45174168316752666 0.39806556059471226 0.359474777756572 0.31793616167097816 0.32226766081559016 0.2750710422245823 0.2679327676715438 0.2645284261915273 0.2615594905281434 0.30828941293065104 0.264543677034661 0.2726493355644856 0.29861102819472707 0.30096987786311574 0.28704279102325597 0.2860751540819993 0.3196199255556116 0.3215722453285685 0.35966405554068936 0.3478591070353301 0.34873463120992215 0.40851327861640846 0.4347018875718419 0.46963508920468 0.44472867171768793 0.423131865225931 0.3803323229518685 0.400502546454498 0.3814203440316793 0.3745442016358811 0.4276286290186507 0.442349168724213 0.43458563774575065 0.46038564241969976 0.4797699253936334 0.46854214834142593 0.5024027537810271
0.4800597480435821 0.46137686363241315 0.5065452139118283 0.4930305617473608 0.4566844717917087 0.46579080627785313 0.4245991795665852 0.4201352572937133 0.3893447155841098 0.3630540730871389 0.30298878933794465 0.3022120423122734 0.30117601346999384 0.2913819686129327 0.2842581390668924 0.3002400013225588 0.2639779262062632 0.26379021560535393 0.29398311632879726 0.2699374649012652 0.2763120394655794 0.3131664853563835 0.3129157797517073 0.3242169837818956 0.34386266976619645 0.3229987653445049 0.36585918517778604 0.3794872773674408 0.4166412851313888 0.41370380751085156 0.42397363688322426 0.42601689859325925 0.4169299745019971 0.4218213761257998 0.43729160734613376 0.4007795353014155 0.42318496679518525 0.4465458441807271 0.45654377561749826 0.44405103525291617 0.462591011914425 0.4680017202161371 0.4736729395299182
0.4533476555336386 0.4429040734739788 0.4772067994127984 0.48633338998434783 0.4347418951031553 0.4028431170969725 0.4183178082485806 0.3799229858151405 0.40572810786391694 0.3842226000700566 0.34687323826643957 0.2977874713600437 0.307759083093154 0.2997721837553074 0.3238919958245762 0.2911563563133098 0.29210084549511056 0.255436759702023 0.2684866335557745 0.27470002703070767 0.2788992819909896 0.2959950140199886 0.2859498361781613 0.34467192084946313 0.34176436411798555 0.3292046045761431 0.38701766663805987 0.4072937550591061 0.4166454257638134 0.39661506656929674 0.41557400480039564 0.3987871898894955 0.41866244560452237 0.4561817088936425 0.42932399204758315 0.4276244563550589 0.41068204932103136 0.4520621967342433 0.4347347880599167 0.4505768011576803 0.44339444610863704 0.4704329165017919 0.49140102196376134
0.4602906449845043 0.43701786301411377 0.42655429657135024 0.42250510193217844 0.4187219524862069 0.39098184397364666 0.38348394842953876 0.3728053120492565 0.3925511690999055 0.3605744719769284 0.34291936345508245 0.3583938001591857 0.32490193031754233 0.3109572477296303 0.3252119478636371 0.2937294479691356 0.2799860793235753 0.29330182930911847 0.30433203690955823 0.3261795320415032 0.3065629504284267 0.2937773856237338 0.28572127223888366 0.31540717036482085 0.31424993043337157 0.3543978380590568 0.36045505521655324 0.4104243191016959 0.4086170113437661 0.3902112448263402 0.4111059492001048 0.4309183917143381 0.45042147445383907 0.44067033221067514 0.4586039822288844 0.4698385335047908 0.4412696345444168 0.44632208848641597 0.42802565302466644 0.42096695133599293 0.45221522069792575 0.48766647503818067 0.5025235795180741
0.4451925495008752 0.45100315499461596 0.4146420513053074 0.3973555918443095 0.40534970360598976 0.41648150722296134 0.41078305434247236 0.366068947265346 0.360650256587606 0.37846373064455713 0.38174581917703215 0.38868193978967674 0.38784319369994924 0.36906405864631836 0.364858417573582 0.35541925788403456 0.31044857285492733 0.27969416208173986 0.2728610428440678 0.3191183694582703 0.29147253117968025 0.2737115991324879 0.2850708371742616 0.3162885329344644 0.2999902376934578 0.35551913327971524 0.3716597939364987 0.3655803910539242 0.40721123962569206 0.41634845326278125 0.4255125162002687 0.4298712890736633 0.4581460286815306 0.43845857998242077 0.4520201969233167 0.4726750969861606 0.44171132521202966 0.45996534893916535 0.4353597373903531 0.433839447421892 0.448009919423024 0.46025986772633365 0.5179902628030375
0.4184998774346428 0.42947343714874026 0.429481622226191 0.4250947339090386 0.38689589084395754 0.3672557826017321 0.388275790044862 0.37918318928880124 0.35608318401560696 0.3649676701947292 0.34880923533052466 0.3869854124401371 0.3807764346783975 0.3603560797103256 0.35333461643517716 0.32837031789761445 0.28583555370002045 0.3008335816638431 0.273638725999492 0.29854297088492043 0.2990037893111439 0.3125451178475643 0.308529325327217 0.2992215965417154 0.3116850031659715 0.3604661628640308 0.37127522156652915 0.3848985110707049 0.41354725524571434 0.45014369818557565 0.46143119774905667 0.42854655322261337 0.44419414016913167 0.4771301859026127 0.4698033117110307 0.44499241463517203 0.44958720432333543 0.4360507607118735 0.42687556901987195 0.4487830607867032 0.45551103748526794 0.46432386009686627 0.521521410368125
0.4174783771660411 0.4152492852538011 0.40673432268764664 0.4003712982412169 0.39873341106286636 0.36971569818674466 0.4095402217112669 0.4051574662252006 0.3507160588915936 0.34081953658002034 0.3384025481242127 0.3764569794628682 0.38439544352230226 0.35748536165898737 0.33979072744070365 0.31367300254128905 0.29651675914122505 0.2633072510711718 0.2626716092492018 0.3121096751137998 0.3303025459079303 0.31846415935185757 0.3083201886771619 0.343994270402584 0.3554285002010579 0.3255914782046683 0.3700957182525655 0.3955873556303976 0.4265472710682278 0.4615975321531894 0.4595552876990054 0.46590358479601507 0.4505732328784571 0.4592041922300742 0.44708220878817484 0.4438854764511385 0.4481515998953439 0.42720663806115183 0.42503351214035423 0.45520174333100694 0.48908861405253434 0.48854175464827093 0.5327603013907715
0.4066935009974724 0.4323073228660475 0.4046590743656242 0.4196159208134882 0.3977124867938763 0.39463556854182213 0.3754823247410463 0.354143363226383 0.37364942063011936 0.3385651949183786 0.3212895283311087 0.35628367941640166 0.35695120137774794 0.30926499034942967 0.3221862667438429 0.3001991034873124 0.26803046651578083 0.2517914385540632 0.2876510923760864 0.3259984815481334 0.313372404069114 0.323500343063332 0.3364409529072333 0.3363118407849955 0.345933541003198 0.3624609637149288 0.36633854299111074 0.4169099303985082 0.42921601236553786 0.41586613985920207 0.43245238989821916 0.48997699817187923 0.4902717110935503 0.4720054790378888 0.4931990219655916 0.5050791465304476 0.45588176947608994 0.467364478308025 0.47771456240504867 0.45889463779847967 0.5023990983972955 0.5116816321460338 0.5662075787921873
0.4220624542561696 0.40375940207562344 0.42125246857165155 0.43982852395107935 0.4194945490389911 0.3938965333743225 0.39091180589599317 0.35279936605308104 0.32412485329734114 0.3052132950300554 0.3111659613565925 0.30414874222438876 0.3135725456747745 0.29359380619531783 0.3172716897188501 0.3206577282711258 0.26293629822123343 0.2517294477733562 0.26667278971568237 0.2897196386933107 0.3369710237960914 0.3381472970687484 0.3458551168775184 0.3640278356081704 0.3906056114596347 0.3764655159903434 0.4013582076681687 0.41021984989740107 0.4217515163227583 0.40012578792919445 0.43455146370578596 0.4732317862343763 0.4677731572308504 0.49013477596870303 0.5284619195440357 0.5302756243508666 0.5060069672774707 0.4895491058165854 0.46554251845593936 0.48157393419499384 0.552742789274549 0.5640651799865387 0.6078419408497281
0.4415020329382008 0.4193650533187609 0.4002846291533696 0.4222384419933928 0.4128131562336684 0.39053522461530626 0.363668551217511 0.36497966870135906 0.3345929815606436 0.3480200850866537 0.3190236428040477 0.3326947055003953 0.3133812248869237 0.3190479467597366 0.2900268348827606 0.2883995637851799 0.29564552998757143 0.28372349569867455 0.31189529672525784 0.3294592900340843 0.34765401886405606 0.34479418407065204 0.3761702009642422 0.3653283050690153 0.3761250096306799 0.35642333680992744 0.3767058166444292 0.38346797058883 0.39996766431499853 0.41480971540138295 0.4415729929599768 0.45048876048027997 0.4825442931498582 0.5210290579584556 0.5185792715628327 0.5420661808040845 0.5024271797041643 0.5181058958642006 0.49584557097757315 0.5021036433112521 0.5661789748931353 0.580923230168363 0.613560216257296
0.45152675926740493 0.40646788672973705 0.3943368535886811 0.3950996134780013 0.4106679925408341 0.42104982205741104 0.40956798594988636 0.3884793691185321 0.3416583234366165 0.3636708116636101 0.3375744025194969 0.30108530079109724 0.30280905815663045 0.2890253077154042 0.3013199345704294 0.3456964278101616 0.35427133778934305 0.35979851828361414 0.329801203580063 0.3326550021585822 0.3703878673766555 0.3772655823173667 0.3655711290804025 0.3849041477445835 0.38690563114611365 0.38773596256350273 0.3971576982946747 0.4179419486016614 0.41327700554901853 0.4680702048192179 0.4557532388252767 0.49668669401855287 0.5185480512322718 0.5302348906807738 0.5155885659437992 0.5303578774651089 0.5085491621081368 0.5246579860968976 0.5540169072823182 0.5588071969986347 0.6007825950626976 0.5940193026087052 0.6428169617420141
0.44796888369848975 0.45647878154241994 0.41939678914017325 0.4132500925042427 0.40975681324295005 0.38750198907840494 0.39805101463724085 0.36549464043800056 0.3542671339660099 0.35946463496989745 0.3363702311099446 0.3021023918599196 0.2857275798636743 0.32863094166475904 0.319170400756347 0.32616927345587166 0.36454094623051947 0.3667758565059772 0.357148145875326 0.3784749996891905 0.3860784708277299 0.37543397570185805 0.41792340674781964 0.38846749810691755 0.4124852230899497 0.40130898952134963 0.3975996566525308 0.44580740235098243 0.44921537139506496 0.4886262662701481 0.4876582642982028 0.51528434772245 0.5220881506700724 0.5432323709256487 0.5459757677155282 0.5327668122924843 0.5556708039859021 0.5378892983570606 0.5738698659586532 0.6028255594488287 0.5986508781438579 0.6266800160983098 0.6841297603098171
0.4424692443395009 0.46340332522170136 0.4430088108025839 0.44135461911748075 0.41584668084097287 0.4099636698317063 0.39211346943719805 0.37141023713407795 0.3928897650381233 0.37740833879206687 0.330926249233607 0.32117789489855564 0.3292915775152775 0.32046407131193577 0.36254238311155573 0.3758708701451952 0.36194101094837344 0.3486686194767087 0.36687652783395025 0.3546156801892841 0.36319146217208204 0.39085350929385104 0.3941410471256577 0.4219993765725063 0.4151164630255804 0.3906456022668991 0.4048539358993137 0.44520176360438846 0.45160198193366863 0.5153481734299298 0.5035923676544698 0.5144057091187081 0.5689397137839832 0.6044195694788076 0.5884666409990726 0.5801058954705486 0.5919243358011803 0.5931924810809469 0.610388354024785 0.6536530869415279 0.636855305554656 0.6654132516659094 0.698680120957317
