Raster_benchmarking/continuous/raster-353.asc
NCOLS 100
NROWS 100
XLLCORNER 1743153.9324143787
YLLCORNER 5469296.819449724
CELLSIZE 10
NODATA_VALUE -9999
[rows 0 to 18 of 100, columns 0 to 42 of 100]
0.04642890691638864 0.014078121729945303 0.058129661125638735 0.0426399792307238 0.07371402460602137 0.14172866845230392 0.17796493224507182 0.19954367912992224 0.24705255165657306 0.26759991256904975 0.3521035598421034 0.3838759774764001 0.44946963708149595 0.46501465094141187 0.5143451569473793 0.4403193487821803 0.4225359801018086 0.4242831621204331 0.4496344552221315 0.4061020371876442 0.41909133486799555 0.5108785720977512 0.5274098899776286 0.5489276301764142 0.5811728848823458 0.5773601564310449 0.5619681731327859 0.5057585478060888 0.48632843372543005 0.42678556940286044 0.46401606239053916 0.4617544774368683 0.5491487057168712 0.5453500716208548 0.5701833240586844 0.5846105857691785 0.6066450115228977 0.6277734406777541 0.5646544255321146 0.5828677952644505 0.5375000631920773 0.5352719912213244 0.5666254608197505
0.006241375374841464 0.013212835886224523 0.007389070613320311 0.048600612063383 0.0629405964512188 0.13328335601191782 0.16098568341002664 0.20974858359869247 0.28476781687454367 0.2823411592228573 0.3168958410539586 0.35986764094929113 0.4017736250318723 0.4384067568815921 0.5048218935815383 0.46816166039436996 0.41580628140159004 0.4149458570161155 0.45212185277756733 0.4760325322296753 0.4945206371469258 0.5364403556608797 0.5334641453433013 0.5464275295839356 0.5275727775463062 0.5603503821236255 0.6118799576296319 0.5238057818239861 0.4516854936225768 0.48425223455166166 0.4511358982950667 0.5294889048559095 0.5651357901508246 0.5663181114454304 0.5982241180812484 0.6117082187648528 0.6064055129526126 0.5402985561451439 0.5235855812321712 0.5632181035047651 0.5220306424955827 0.508214792069897 0.5239907547308688
0.030206830044062015 0.006970218272425234 0.07600874232587566 0.08651055204821702 0.11478636213127684 0.14737069194604274 0.15216703486227992 0.2434062514269642 0.2516454096686324 0.2692583900632168 0.34242377086063874 0.3849297530896218 0.4105213404656318 0.46790984364809013 0.4933789996813091 0.4778712310489849 0.4785751147896536 0.4516622543997714 0.46194596354850653 0.4799953569181629 0.5009560802444821 0.5373893081992032 0.6004205002861451 0.5908882409914858 0.5981494917280178 0.5783874974594709 0.547031984168594 0.5154606309674787 0.46329606705584286 0.453767399319947 0.4459911038266165 0.5304862795461531 0.5735064631530586 0.5457638687973483 0.5653542620656055 0.5916254775829113 0.5637534616877461 0.549044384993557 0.5626824825806883 0.5819659546752199 0.5217972543785443 0.5516778837264423 0.5114953157057924
0.07020609013759059 0.09621218545973369 0.08954280965252638 0.09888950652570029 0.10705146789995097 0.16498895920062492 0.19019666670240307 0.2417120569430647 0.21522368410386533 0.3255421682703207 0.3623076238856212 0.3756360792772702 0.3938715364840155 0.4218425732023428 0.48168963537556053 0.5098712457751385 0.5233015025799179 0.5143364117329664 0.5112854531575263 0.5366682132247944 0.5676969560028029 0.5888377295310872 0.6573711149901049 0.6580575489369347 0.6466995848113669 0.6173194704743873 0.5725435618406324 0.5465994919355123 0.5244336186150241 0.48158941204492345 0.5050000868878364 0.5332119819882927 0.523368226488129 0.5163810343525005 0.5571702364047468 0.5832124772827482 0.5583819590912948 0.5873996492263075 0.586659215576364 0.6033844521712478 0.5801474916934498 0.5419768895530434 0.5529659957592458
0.04459532633399239 0.06595733154308225 0.12897110145149748 0.16311120131446902 0.16395663281844822 0.23276308695626033 0.2710052876739815 0.26437358551810464 0.2365960276640856 0.29684681623298964 0.33595921155922753 0.3434453988196876 0.42361341087044035 0.4347792678061286 0.44605918970679265 0.5352296115039243 0.4944589388260767 0.5436601485293208 0.6146024602156385 0.5717660823570373 0.5733729163205901 0.5961190097856056 0.6564832554924832 0.6468385026124964 0.649475375379426 0.5969051382107005 0.554399294822419 0.5616475748584863 0.5391430156153412 0.48821888049979834 0.490265345338884 0.4718581797261333 0.4692056525257098 0.544649098149763 0.5814261287068223 0.5883355593539022 0.5551869003199594 0.6194257525683494 0.5800014024237936 0.5354270340390389 0.5657962769012529 0.5470168338558641 0.5853159657250915
0.09759386738962386 0.1308340625004361 0.12414718559540368 0.2082404455108321 0.23485180370925335 0.23042050573932174 0.28614803333767785 0.23266056282877606 0.23938027796756406 0.3156151718248081 0.3450984075289357 0.3246802000348885 0.36920565692450047 0.4495346487498805 0.48046122522949825 0.5383155913906119 0.5073464855489315 0.5666175874905113 0.6746513068310743 0.591982128646503 0.6188073246015949 0.665151400586895 0.657263268247949 0.5905376402608796 0.5900103958604239 0.6021912047721544 0.6326586454856918 0.5453685203711637 0.46363597212373253 0.4971632084735501 0.4384039762148332 0.43195683710920674 0.47767473965337753 0.5287454639782342 0.4898790401961476 0.5407225924947707 0.6029944620873756 0.6129106364884098 0.5712617126635174 0.5318093096171348 0.5632181001265559 0.5169434107208352 0.5525860966696413
0.14041259943379347 0.1691861806173902 0.16719506393007608 0.1875324477148877 0.23013769847116486 0.2946710980148178 0.2827216428738792 0.25249965434979194 0.2592477834583855 0.2971956578701296 0.34007772139158177 0.3631298009859118 0.38578740018788266 0.4432078007126135 0.43156441248801614 0.4762072186646969 0.537865122810198 0.5718181704571575 0.6093599842285177 0.5997319876909376 0.6507856553261077 0.6626252852008768 0.5960024656086107 0.5611943514713283 0.5248035402544577 0.5544595046494497 0.5450632044756816 0.520119670380771 0.4420452437139281 0.4662073051384849 0.3963889350322626 0.41909095357677134 0.48945736125474293 0.49350253512247705 0.5140457317005818 0.546548574889293 0.5992465692610303 0.5736344678761458 0.5716599254202241 0.5465239863153264 0.49760633144583144 0.5251107855601572 0.529492147024498
0.11803533512986114 0.1506468821095883 0.18783815207947738 0.26044615431928814 0.2809661622003439 0.2804190142650907 0.2862901396087587 0.284795913317715 0.29949150956485465 0.36504638416424645 0.37529222004744267 0.32994461443239975 0.39440254969757615 0.3994940300313976 0.39626442162775105 0.4871583661311459 0.5268581697247532 0.5336600429418692 0.5706144665780314 0.5830306560234457 0.6647023948014634 0.6014187962275048 0.5977620954443057 0.5598402549785406 0.5348755271365675 0.5772418245463002 0.5345487965911829 0.5228047946191043 0.44541218275964 0.44960332013504933 0.41734600979101366 0.39545243700608196 0.4275452317910445 0.4592520797778687 0.48308060779723616 0.5251075020567283 0.5500488122708164 0.5712512889899505 0.5536093974823567 0.5442889830647611 0.5073707894372432 0.5299330496469642 0.5204852402188864
0.13834470696990514 0.17018091454210016 0.19120641444262812 0.2975446397689904 0.3378320270032313 0.31094024742788223 0.32933623469754547 0.3277017500022948 0.3060567039599408 0.36459212047172723 0.3450939664276108 0.3408575396636368 0.40016111345873395 0.4066070673992368 0.4163830605209128 0.49981365888400453 0.5584232798353158 0.5617881488389886 0.5680168855080369 0.6005490142286404 0.6324625703941229 0.6355946822478294 0.5746505616474924 0.5266200022601433 0.5570723792085823 0.533349364321706 0.5335109391633105 0.47873577519004656 0.41220838830100537 0.4156969872086911 0.4845055572288887 0.47618237701000027 0.4679953066223533 0.45843820359743764 0.4658815272343126 0.4619078768939899 0.5559758967262772 0.5685518723911661 0.5078948452623911 0.49981895240204677 0.5289460678847618 0.505268737280447 0.5387189045309628
0.19484178530227494 0.19942342671513305 0.24330875380336195 0.3077998794932805 0.36331634662895407 0.29190603324184766 0.30217326720291215 0.3493746149132026 0.2900724290746552 0.3468330868244032 0.34011007441604624 0.3759896976482648 0.37953024475031283 0.412328383853496 0.44343070832506876 0.48917760635656615 0.5804456329055082 0.6297352419482635 0.6846763521109597 0.6362661375683893 0.6190210282791373 0.6304753588121563 0.5764163129243904 0.5221972969593777 0.515155773206078 0.4996255954271258 0.49581647887883895 0.44916703793897167 0.4367550892982041 0.47867215089347026 0.4726388158615063 0.45530155948395423 0.4284183786259214 0.4519645517010859 0.44469391353449494 0.49339947768604964 0.5044471401898413 0.5215841480164098 0.5531769321030712 0.4862465943306085 0.48650996250645284 0.47002398099871173 0.4901951527457452
0.283816680256096 0.28125445796886006 0.2838417644930873 0.30245253845995734 0.30563251294061816 0.3206872063622156 0.3747956950106415 0.3606655996916252 0.3079769580630711 0.3223158197148563 0.3385687709747897 0.3536384364167851 0.42064928263530915 0.4665062018205978 0.47733692750642387 0.5438865630454325 0.5877866394221835 0.5778105765634046 0.6612423087506727 0.6353097223668193 0.5789792773891677 0.6044876199709422 0.6078845779796159 0.5674732280529793 0.5722878240389178 0.514918513685201 0.49488763999293894 0.5151254482003277 0.4503491147280827 0.5147709279430837 0.46886621479375495 0.4542945510860828 0.49544775132649366 0.5065008176526952 0.48876639551458567 0.44896815881454816 0.5071541219777465 0.5202317507748024 0.5480842878155776 0.5416286875040891 0.5150806757649838 0.4940168372786853 0.4736605163188863
0.32791836450514905 0.32604764429191496 0.32132755682661807 0.37438988703247356 0.36195845564754897 0.3775131266536109 0.3923907062995802 0.4142380455016347 0.334881051350468 0.3728882662001863 0.4329429958552682 0.40280993123437797 0.40523912855237476 0.42448908537699953 0.4912810757289519 0.5010648696534866 0.5315818621938381 0.5224870064897958 0.6010946248551627 0.6278035352354739 0.6112578723181568 0.5710466113070422 0.5641249695622436 0.6071281022879329 0.6116984625822592 0.5657075889913517 0.5511324135240948 0.5685171856486656 0.49435838032271834 0.5181731895892091 0.5132234983902255 0.4672967047618641 0.5111886557942115 0.48982799597115384 0.4842794436695771 0.47271496923789524 0.487917799881707 0.5304078687364563 0.560388020231854 0.4973394794507278 0.5235911782625126 0.47705411099861594 0.4212427511864845
0.33079277060825063 0.3010414935994412 0.34577076496581494 0.35747262973340743 0.3875065395861633 0.3744106247544792 0.4116398247954401 0.42300830332611333 0.3705295954345827 0.3713044076686074 0.42641581661859496 0.45889837750469153 0.4118669167141567 0.45606625313804466 0.44991206291758357 0.5038837063959358 0.538604735045716 0.5239520072054032 0.6229337707699977 0.6412855690550741 0.6026747933657999 0.5961788827729648 0.609743676164512 0.6247008534128012 0.5649306688666201 0.6085060863791784 0.5944530672448399 0.5603759351803451 0.5433276187996091 0.497994900713369 0.5023248826482962 0.4776935497093123 0.5303716724461075 0.48224317331305305 0.513705754856777 0.4884383508300118 0.4648276377538643 0.4898742515230167 0.45307265969084604 0.47385547082389273 0.47749209037714413 0.4974144010115324 0.4487390457670294
0.3465593561522157 0.3624523914523828 0.3216826870416458 0.3883683841641503 0.4090839698328502 0.35191842759392533 0.39414967389299027 0.39218473087923117 0.455996831676288 0.38134993983035476 0.3982367785793104 0.46454133543752724 0.4702722042660144 0.4183190560677019 0.46244689151528895 0.46490047655211986 0.48371646353492076 0.562190852511912 0.6356876180751118 0.6027533933377497 0.6554339971973683 0.59539808413261 0.6385878455266011 0.6178860573996033 0.5557094670863594 0.6016653482989277 0.6463819132281431 0.5662656822769986 0.4934427368288001 0.5222078518977654 0.4499846742104886 0.5063621157480841 0.5116637707467244 0.49861379570527453 0.4830453279782364 0.4564144844714788 0.48111447481095776 0.44883372721807696 0.4134000626791725 0.42555850940199297 0.4434906195985581 0.4697985058492955 0.478889197957767
0.3575290314023153 0.3759119645212173 0.377955664224428 0.37463602911673566 0.35450500821099057 0.345972670796644 0.41565808535704063 0.43376112347821577 0.4300672998228204 0.4309538452916245 0.4318278899015552 0.43664511909836395 0.4737886623199652 0.42163090008138 0.4252600162692226 0.4410285161874963 0.4807485981346166 0.580896474216224 0.6028978060892769 0.6252357012241614 0.6128421373696293 0.5933437923761928 0.6058148518296147 0.6066721796982412 0.517677370618524 0.5445852223303642 0.5869258079220082 0.5286932210363143 0.4914170774305101 0.5174057831314675 0.5093890863040534 0.4818639241877287 0.5101876737741369 0.4969516681437696 0.45382879460869546 0.5095888217133877 0.4766053109262255 0.4448632647366545 0.4117830863710717 0.42895208482606656 0.429562306750326 0.45301339052951795 0.4133196377969863
0.43394757235583725 0.38430748083226024 0.3770284452770094 0.3219778618869032 0.3075432708051938 0.38148644479132526 0.42733309272416975 0.47352635604194615 0.47626432132530694 0.446887098554742 0.5233538184191576 0.4578875248047197 0.4209277842181004 0.44904656587161923 0.4565773694001071 0.45269715375782166 0.505461536918143 0.5769001455925905 0.5888859393197017 0.5909536976652403 0.6116370296141347 0.6296821937612875 0.5995007889832172 0.5279369485176554 0.5187874453634321 0.5389839715351709 0.5703613357540008 0.5409479392489451 0.5271240463462231 0.5013444325476647 0.5261289173840241 0.47669323519524054 0.5025963658825126 0.4726339006770668 0.4698250050223151 0.5011530159433166 0.4458974249064522 0.45652519890585525 0.45718733495035324 0.44640933121920956 0.4811048400396111 0.41084389947851857 0.41850619331574884
0.41705525853162745 0.4141511861461258 0.3216122124004438 0.3225172678801924 0.3515302278441045 0.33440855401769853 0.40778378991226816 0.44872490077686233 0.4924435257939184 0.4864602471769667 0.5295655739838111 0.4707622266580539 0.43682197427993225 0.4660665374770259 0.45283741705540703 0.5072246566291837 0.48396583010763494 0.48454029799139814 0.49564335380687913 0.5179910162826791 0.5340823706033504 0.5556620057584502 0.5087245046357551 0.5322388801328116 0.5317318586856908 0.5326709225516696 0.5091164438767205 0.5167497581944797 0.5535199146498206 0.5327066543774942 0.4913813879926683 0.5400308331292563 0.49688905702485403 0.5167082703844313 0.5010557271119676 0.5043618343876434 0.48945786649946316 0.4780460100248312 0.469934645245735 0.4275605065160044 0.4175567711653205 0.4318564898413827 0.39788156551641046
0.3583210698564692 0.33470685327691524 0.32976870223734983 0.3006765459887811 0.3281833767832121 0.36962869512891044 0.4151775437501266 0.39573526370816714 0.4259979593435258 0.4737489040644794 0.5388050786374285 0.47868767117666317 0.48607916030488907 0.533221638686571 0.5404337203038405 0.5383021525020079 0.5128071841315186 0.5212387252443859 0.47387965519012765 0.4878308321406308 0.4799165932116222 0.44824337719850005 0.43416744997110884 0.43456225179512353 0.43800728138828854 0.46847405355561716 0.5447393663381322 0.5249233519665087 0.5458485233333946 0.5239577054015236 0.48569390861297457 0.4819260292971123 0.5002027242329743 0.543246654134956 0.5381459290704791 0.5428065392230477 0.5281086973832682 0.5022037626114868 0.43759872139576866 0.3942039314190789 0.3955612033134156 0.3605512112828841 0.33336327041073766
0.3795157727955071 0.3632775794946643 0.3805324832193366 0.3410860737780462 0.37553156072932625 0.38758886965366346 0.4420181548421097 0.4258350876479755 0.4389235131209265 0.5362709892690595 0.5576830360012127 0.5462687454751332 0.5355977894510003 0.5452075105013502 0.5044184774312636 0.5282730006975995 0.5062884102748281 0.4756973199601667 0.47543247401361677 0.45087592955448696 0.4222128064618228 0.42312173878269105 0.430914581427408 0.4138928837006321 0.4466792360794896 0.4414784977151642 0.4865496854788354 0.5033063695098797 0.4884359854276956 0.5004664079468892 0.4487967753497365 0.46300921412043383 0.485131849231981 0.548365201740861 0.5637783410614049 0.5586612948226993 0.4807488940935022 0.4895785627464308 0.4258664756518081 0.439988995882123 0.44585471091562995 0.42202404926661724 0.41313681154483417
