Raster_benchmarking/continuous/raster-477.asc
NCOLS 100
NROWS 100
XLLCORNER 1743159.497667449
YLLCORNER 5469295.461049389
CELLSIZE 10
NODATA_VALUE -9999
[rows 0 to 18 of 100, columns 43 to 85 of 100]
0.5859412888371814 0.5794854823995271 0.587379264984502 0.6137829374828221 0.5937056635353939 0.5826309986373975 0.5680910985621414 0.5569138319831989 0.538926604138815 0.5641593150333147 0.5697983263049824 0.5601992237777095 0.5630218737525752 0.5764881331921458 0.545281076454123 0.5197793534715381 0.488628716932781 0.49177766834193926 0.42278896782848774 0.3974781613835795 0.39927834162947756 0.35041525025574305 0.3492068733737207 0.2928349912440529 0.2663480992849165 0.2320176556876542 0.23799541556181517 0.22011000652363094 0.26610958192287154 0.2587430770551896 0.2687252618318089 0.29808406681424104 0.27482324411691106 0.2822001709766419 0.29319057954177213 0.3225298855690289 0.3524281054549324 0.3621618903791643 0.35708932576916785 0.41213453617587353 0.4201700287040903 0.40701903241739434 0.38898966194080187
0.592748254635256 0.599855132933667 0.6358819869206481 0.6316632930489171 0.6251149324186664 0.5990211956761949 0.5581306908889079 0.5556983418644198 0.5521152179702369 0.5964036607512985 0.5672296619769072 0.5393700020655529 0.558413777682819 0.5515004643088859 0.5806551627789184 0.5486405728002369 0.5095049809576839 0.49298052368456263 0.4162878986651386 0.4148865521397725 0.39901784524966016 0.37599913606671287 0.3409214803941588 0.2910390505359002 0.25239897447888404 0.22804082671497888 0.22790265685880445 0.2530833514223251 0.26511194732706317 0.31214383491107806 0.30412848532415104 0.32420933812040414 0.3120147921667669 0.31839135027958837 0.3240922569386896 0.3424762394356039 0.3148187908563835 0.34900989298464974 0.3308470270733341 0.33774241728040955 0.35659282074599186 0.3832425578971462 0.374551763743623
0.6057666519693977 0.6618171773757414 0.6335469969123051 0.6348544991561264 0.6253705895632674 0.5802432931574228 0.5748842333218155 0.5506763390722025 0.5759788833293905 0.6252388773769288 0.5761039814034407 0.5558437516102105 0.5612862380294281 0.5828217978971089 0.5744284584174442 0.5702281304937667 0.49271292304344433 0.45585738171819395 0.4314715906346915 0.4151591546660987 0.3674176944139509 0.34559596916146046 0.3440131103004246 0.28518395420218884 0.257213170995277 0.26005045914855357 0.27330509453170393 0.2837663170676757 0.2838318793653829 0.32948335612541135 0.3256974170533785 0.31593564717644274 0.3540023111422384 0.3801329081071111 0.31974085768091787 0.32522147255957334 0.3079949487619957 0.30723893818617554 0.33586109174917367 0.32103459974869886 0.3319200427027443 0.3530132067091583 0.3392481945922742
0.6287580137689918 0.659533929658584 0.6513424653643192 0.599764130001559 0.6184158504697944 0.5955045019100046 0.5746386299488109 0.5703237580729853 0.5940656004702898 0.6372050108741056 0.5979324600514964 0.6051140648295976 0.5942643860186918 0.6209235212721121 0.6107490555582658 0.563249809568936 0.53359086926001 0.4695600683565193 0.44458116769848083 0.42020188191267915 0.39103525450384025 0.3600996091927993 0.34764702393614966 0.32509571009844473 0.29349809709294633 0.3143549991622362 0.30782946028683894 0.32336863962051154 0.3425884801036736 0.3512860886902928 0.35026768489648963 0.32196768867541065 0.35863602257124033 0.3430278304843563 0.34695166287678625 0.33737175696116467 0.3319178154907045 0.3276354070882034 0.3074066457628327 0.3316419460147653 0.32235231796654984 0.3370503734860676 0.3411524076911985
0.62169469322421 0.634236595462384 0.6326211445421407 0.5869850863768848 0.6192035626873017 0.6116184587326232 0.617433541689526 0.6031895795486342 0.6240443709178992 0.6392990168580603 0.6303749849974775 0.6137873119460244 0.635087878138834 0.6427974678918449 0.6010632564309834 0.5728861302423774 0.5357568088481083 0.4920059268449694 0.46326234228107155 0.43525081144690725 0.4228231494250696 0.37832073670198013 0.3831429185853863 0.3380271051440219 0.32446515254069336 0.34060119818611706 0.3543644737174636 0.35189319888099135 0.35131944994465836 0.336777990860498 0.35225609482947823 0.326974789184083 0.3395092554019702 0.383191254283789 0.3749590707884076 0.3521278173597249 0.3419362778146632 0.33685014610637726 0.2960658223293091 0.3154356928244614 0.35060251547358584 0.3270727537502174 0.34044102682038124
0.5882150358405211 0.618819689135755 0.6003002881695177 0.5814376306905844 0.6190590601947643 0.5893240009194892 0.5954393310809318 0.6098373685455197 0.6422564507072943 0.6763091329792961 0.6644716869757018 0.6159431378493221 0.6478992050895431 0.6476584574812282 0.6119421383141516 0.5586279299381326 0.5083769091051736 0.5046759825363333 0.46849791826332243 0.4445545143006886 0.42943001558605126 0.3931885234295017 0.3721697699078764 0.37030687999841067 0.36471797451314314 0.3387555554339969 0.3294001998181409 0.3137013286621857 0.31540703096383604 0.36522439313565974 0.3488430537620501 0.3499108871291046 0.3527687217095486 0.38227947208633645 0.36921844583111024 0.368245852524141 0.3774973293596626 0.32975314140740225 0.3222260239187139 0.3205069126972223 0.3401507095753413 0.3427904383080871 0.33739064820577014
0.6017168713389415 0.585248059831516 0.6120990824319247 0.5930040160589097 0.6271832159408782 0.5896134885747011 0.5957768192850253 0.6215069049352925 0.6347329486611734 0.7063689440209884 0.6597809967114429 0.6248129508874264 0.6212317161962756 0.6432036059282741 0.6086020072131505 0.5576258171022955 0.515426362342226 0.48967598752573593 0.4696987892614807 0.4678053320114041 0.4612894629773442 0.38532051271551543 0.36276460611637185 0.3546841759566508 0.3586935184520545 0.3390732339456205 0.31792609882980843 0.30587496951244414 0.3355694698169464 0.3652645921149266 0.3434876764406903 0.31217087335320726 0.35807196283387305 0.3738676879161652 0.3824236561255031 0.36694500237609406 0.3745508475772608 0.36687349302181554 0.34857572264797215 0.36333818076769553 0.33416197241488005 0.32511375520252705 0.3374011981550202
0.625513579860447 0.5939152312240638 0.5882901785272344 0.5816510461592272 0.6252168467926089 0.6430192999618454 0.6292847786396871 0.6424532174213143 0.6627742236971318 0.6985573982686547 0.6653666164369141 0.6759545121803824 0.6470575955767043 0.6296583631940407 0.6162793946887273 0.6071084434332762 0.5611824715278856 0.5100364600032846 0.5157782526049676 0.509804573327826 0.4738799904512045 0.40811356322115977 0.39876534589653817 0.33905019222583777 0.33485064875702125 0.34522553105311843 0.319302126184365 0.2898750099734858 0.33117106110140837 0.35057913466354795 0.3102938660133858 0.3089369754771969 0.3118256906302008 0.36085642119688216 0.3701175141829636 0.36068840702500393 0.38095367073548975 0.36758806359702734 0.3420947355074214 0.34798151744295974 0.3322579681354332 0.30717248475424497 0.32648935351747904
0.6034642715559734 0.5962256643074737 0.5994662612931336 0.5995656120920555 0.6514355511059298 0.6539669554682759 0.6756179587521418 0.6826875802074185 0.6830210325412222 0.7228530169857106 0.6656207641128674 0.6679425889396321 0.6371802567067849 0.6386803714552414 0.6329422141300806 0.6031274659175605 0.586801497459552 0.5626249947259373 0.5265826522773147 0.5246308840279025 0.4672523953189904 0.42741095001226526 0.39607610721304526 0.3507966248685405 0.3431646564887781 0.3289854342994212 0.3293345281746242 0.3017490636112379 0.30885037354107014 0.3376330360138342 0.3114131121949871 0.31013826392607813 0.3119528744596567 0.3092238350196601 0.3680529226994965 0.3684512440979113 0.3669876593997726 0.34903282579562217 0.3455108178576781 0.33467265895729204 0.31826663389016624 0.2990837035177698 0.30946336872045455
0.6210281709423777 0.6346231522236296 0.6230852734588278 0.6451992621249493 0.6460818398242654 0.6584208782265343 0.6931946327028747 0.68724989273948 0.6980648415090742 0.6995710026147509 0.6843914042926413 0.6584666739239927 0.6406783720998844 0.6207576611694919 0.6281314447949928 0.5855892671318426 0.571081867866461 0.5966824269519813 0.5801870676330521 0.5465442431241249 0.4747437603581488 0.4534608697567623 0.43242397188876414 0.41091789314385213 0.3684159334748193 0.3343650837133381 0.33194241596817947 0.32575904444795234 0.3075661563864027 0.3363952691797377 0.30662050856113904 0.3145807949906536 0.308421427187322 0.353699255670156 0.3657618902962066 0.39533779632156746 0.3745660902649038 0.39143193954374905 0.3539167471129575 0.3565534954649103 0.3488914983222776 0.35903859706859864 0.33503295899449265
0.6481490744051311 0.6284781518898302 0.6085106954644373 0.6316854472982092 0.6319672452104023 0.6599769275555378 0.6617020382135945 0.7033746867402542 0.7214194489579537 0.7074437663129679 0.6662268796943196 0.6673554434764225 0.6465881563457886 0.6418457696301875 0.6491232054957095 0.6026797352361583 0.6186829457185674 0.6052031244835818 0.5654514444538962 0.5588645938936335 0.5191842763324777 0.46890196472329787 0.45434268836522185 0.39610568711170396 0.3712592685872954 0.33143717180114257 0.346573234114987 0.3015324598573336 0.30810744249974914 0.315782600849992 0.3124883554977133 0.29538523914887205 0.32478993056010186 0.3402930379524703 0.3391717600989629 0.3805332688042388 0.4077700763898983 0.39769372875805414 0.37375647907064413 0.3777847730993292 0.374046646429124 0.40269528919308495 0.3412677362195061
0.6677866033452695 0.6556082136891748 0.6283899152549143 0.6561883704992586 0.6774874732795244 0.6728143420039754 0.680631358017088 0.7210465683404601 0.7285306340412427 0.6760966947622825 0.6635748996291776 0.671794320911659 0.6475140776549618 0.6420926810302572 0.625491896621941 0.6159402795460006 0.6050427113978847 0.5972105984211565 0.5822218463829777 0.5692239751110112 0.5231483335652539 0.4673340629687762 0.46504438525815733 0.4068027835228223 0.4115398982061105 0.36933338621070844 0.36339808556716946 0.36260929187552576 0.37208619299859336 0.33000306906942267 0.3215244198128052 0.323115464523344 0.32166411617047624 0.3477497788210771 0.343494078856856 0.3935980813398712 0.3833890072264829 0.38611322172909274 0.3700972768790496 0.36423335408417346 0.3754245438027095 0.3981443841719562 0.3792110540621074
0.6729346379253477 0.6451363799461319 0.6566270814439165 0.6710313680785408 0.6928042528686605 0.7260553659398158 0.6948613852462244 0.7314933574306942 0.702245288404572 0.6884245917811914 0.6692738906604462 0.648423487351189 0.6391989682384981 0.6393277188187575 0.649956814296988 0.6257774051305227 0.5930929463413047 0.5970450398264708 0.5686773490937994 0.5404949586024537 0.5323724287075737 0.49322234322578756 0.48236697108861526 0.44305270696394766 0.40054160960821417 0.3882867203453225 0.40552442973035435 0.39008274833366136 0.36908999009983195 0.3928224933871619 0.3694502568946392 0.35078973468167773 0.3171143504149203 0.3455007414338044 0.346947318319438 0.3910624164597978 0.3629737717468425 0.4122370693278178 0.37568915079990983 0.3599673391265256 0.37824300456096005 0.39355664434787785 0.3586595449278545
0.6788683626248531 0.6685995580016763 0.6791101293263913 0.6866723031133671 0.7152949657308941 0.7357481026395345 0.7327121546259001 0.7454944304101889 0.7201196248016559 0.7022589620424401 0.6681257774761094 0.6643949091246443 0.6309868201839697 0.6150245261937871 0.6392210993228206 0.6170298893231424 0.6326386653427064 0.5798950593054376 0.5662917533896884 0.5539706316679344 0.5186341828620389 0.5123739792814158 0.4838678752686199 0.46097153943622465 0.45259515677903606 0.4386597471773803 0.44119675668309716 0.4339625834422947 0.38280495605219306 0.3655785155606436 0.371599270784553 0.3523148772252116 0.3442536174502627 0.3461659132644822 0.36259420511029633 0.35365780980332884 0.36391149478197155 0.40483021600771024 0.39716128921325444 0.3966133548820832 0.3948110693410486 0.4084701313739965 0.37434186342599646
0.6927879818393777 0.6582079107864005 0.6733885936169535 0.6827155934775809 0.7198380215905327 0.7462722426512323 0.737615851158364 0.7714007960012735 0.7277461363396784 0.7617419258720373 0.6949769897639082 0.6533240903379974 0.6118347388746652 0.5971810913250531 0.5976017011335373 0.6266591732180815 0.6341623303273589 0.5911808247769299 0.5651923494123867 0.5339919780108989 0.5108205188229477 0.5071653448785366 0.4968331293646964 0.4873897048883568 0.4829684513687673 0.46124560788733027 0.4851078190916452 0.45000767049156626 0.40516237433861635 0.38396539427066784 0.38795229418455773 0.3786340013335726 0.36336033298412623 0.31295486059935707 0.350332419043169 0.36735220616877373 0.3575296701335291 0.36607213132383826 0.3766647068060555 0.3863216690337493 0.3687975187873221 0.3972855071642655 0.3512804387936362
0.654440187941396 0.6605457996037646 0.6596553486084445 0.697294932207679 0.711232986558543 0.7321158719333662 0.714456622464433 0.7140993295740938 0.7313948969736362 0.7018626711007115 0.6724960955384601 0.6255748235121201 0.6032586613650237 0.5922564963383925 0.5836007602369998 0.5783533725063772 0.5901739704307316 0.5711164189240023 0.5550683650802579 0.5718380113156221 0.5449730574400508 0.5441051194147836 0.5294977120938958 0.5011852482299626 0.4672749573144774 0.49542619118582265 0.4925990106472633 0.4640593296811796 0.45297465950776267 0.41632840447959457 0.38864101484406594 0.383267187655204 0.36651605397832027 0.3439320752991322 0.33593254540843287 0.3352813559558929 0.31494992549948775 0.3143292633891666 0.3461144285160121 0.38022755763266874 0.391841277206232 0.3741883408728068 0.3308236261527273
0.6943807453496071 0.6501085143736158 0.6638079821978129 0.6834668021725694 0.7021867633065754 0.6669654210220229 0.720892738598598 0.7104731278498135 0.6898516733300517 0.6834822914952622 0.6774171890652587 0.6578169617756345 0.6160482700182617 0.5950088219196676 0.6154311850931892 0.6020822699205023 0.5855733159204192 0.5782022403151839 0.5584939512025434 0.5918077186657454 0.5909211189630373 0.560731708750019 0.5357067357254531 0.486634301513327 0.4881560861206483 0.5206591594147972 0.5174963777860245 0.4846695161839555 0.45541060582525655 0.45827122971036954 0.4188610468161992 0.39417457390330646 0.37909391765336653 0.36635480748047 0.31594204649718316 0.30068475782561116 0.31071543291635395 0.311209792653876 0.33182880099164047 0.3831875734009332 0.38665858802781294 0.3358561018617157 0.336817850673436
0.7148713156536604 0.6862183059638131 0.7141870113721851 0.7232100417694691 0.6667019124645965 0.6547126671779365 0.7053529344460558 0.6841734306891452 0.6900299243611377 0.6712833241549437 0.6731008546328453 0.6621877990781135 0.6432929165618954 0.6302385465167972 0.6150133025883692 0.6317788893291689 0.6529370671485253 0.633487960678238 0.6064197548429636 0.6044685162408271 0.5866300961837135 0.5681447918225366 0.5310036926184413 0.5035548428364892 0.542287524164237 0.5306432706551268 0.518215517867466 0.4980627596495653 0.48818037535606507 0.4317490051285948 0.4115595429097621 0.3761459747681775 0.3747817356188591 0.3802388734346322 0.33938411808383107 0.28173535995882576 0.28801331430224647 0.3204262077634704 0.37060825769808553 0.38500973821175544 0.38648147689510615 0.3478135817821425 0.37329265256806815
0.7450822098140006 0.7250611806394225 0.7489462102113562 0.7396316310819949 0.7032542965479675 0.672323488408697 0.6852792044086699 0.7278456111654008 0.6881596939511816 0.6905188661473974 0.663641516687011 0.6440357086442196 0.6255893229086776 0.6546507457612044 0.6453115072901305 0.6723351326573734 0.6846167032120303 0.6609058274588767 0.6392235655141871 0.6477090413757213 0.6211831734898586 0.5550011729107557 0.5448448114796115 0.5506679152738935 0.5368640408733838 0.529852613611978 0.5282179924843902 0.4666892966296251 0.45171037869902175 0.4625456657823647 0.4389195141611016 0.38304806121666973 0.363100021881493 0.3519963104613876 0.32942011171856705 0.29402138352868423 0.3070429898053675 0.3343910603452222 0.34853642703429444 0.3660642194839055 0.36025396744114796 0.36328293750424906 0.3687589669056117
