Raster_benchmarking/continuous/raster-456.asc
NCOLS 100
NROWS 100
XLLCORNER 1743159.3755108668
YLLCORNER 5469278.800695574
CELLSIZE 10
NODATA_VALUE -9999
[rows 38 to 56 of 100, columns 43 to 85 of 100]
0.5574892563762534 0.5834324858998411 0.6012390279941 0.634740134553371 0.6122825975528929 0.6091317953849588 0.5855869009158914 0.5971438468829459 0.5852312305963336 0.5941639754901866 0.5893037816428021 0.6038328549831268 0.5862802479269092 0.5685284638405187 0.5421205401379185 0.5636929710576553 0.5465183052761469 0.5738886570905722 0.5739449064754265 0.5802568861191563 0.567662670693717 0.5731604523083494 0.5882550390153173 0.5821256215448359 0.5442614528671813 0.5426464612543326 0.5531816904633051 0.5527312029975204 0.552489882300318 0.5546300500727498 0.5329600957547098 0.5154165292104527 0.48768284045927596 0.4846162273542723 0.461752027225937 0.4510614384655558 0.4006697989329658 0.3925115588958467 0.3884549994806936 0.40653866481600975 0.3931922368093386 0.3794749356631043 0.36914227739828986
0.558381212945771 0.56908415798733 0.572450258323046 0.6137212792581391 0.628206867368797 0.6018675554493975 0.5722429839721208 0.5830221218781902 0.5781319065993257 0.6031289860131342 0.6285457466178505 0.6031047655257579 0.6227365607047672 0.5790511919796149 0.5535434331669857 0.5811408567646434 0.5760828261297454 0.6019264701782683 0.6137237046869664 0.5922770179790515 0.6037020925956641 0.5939186115126612 0.616047242038008 0.577383932543821 0.5674282972277179 0.5555097484559126 0.5351609155652128 0.5314243154929221 0.5412752546850904 0.5301572453578574 0.49853789072899785 0.5017290024785259 0.4920404644782402 0.46893284554912984 0.4805565471107549 0.46592063846678267 0.4131754477119661 0.41600673958898254 0.3866468148425892 0.398226173343644 0.3819598535732948 0.4047820673322557 0.38531907002704663
0.5613734883531558 0.5965696152314485 0.5791407609017406 0.5850470243090867 0.6173575566739037 0.6060989699756624 0.5762361392581121 0.5555530522944568 0.5562408681447695 0.5775702859870083 0.6058423058652808 0.6258051578285074 0.6113143596383845 0.6165812640158747 0.5787811018860735 0.5892194294292934 0.5942324354662253 0.6139490923564358 0.6331323127071261 0.6063870777880335 0.6249819179745171 0.6214267092074173 0.6182308303855927 0.6047341400520113 0.582557780625105 0.5853328233782245 0.5864916489739244 0.5517873685466774 0.5442203963131544 0.558473932999584 0.5336672623417925 0.48788606813179924 0.49995073200576534 0.5044822747930391 0.5016433131458651 0.4772835218562511 0.4389682120987387 0.4415795673467156 0.4431302968178609 0.4173087583356137 0.4092925925428603 0.4025317404365447 0.38353843777961916
0.5766086382106345 0.5764537073884473 0.6030066561686129 0.5826925446435041 0.6059592929727606 0.5870506704964762 0.5791641425581651 0.562234027161839 0.5617285234126637 0.5725956900918022 0.5957860427418462 0.614089518871823 0.6524063212884976 0.6243127390637478 0.5904685974089802 0.598005105261694 0.5684713564962942 0.5956772434610416 0.6134852235401074 0.6125615645705352 0.6127950209109766 0.6247371835004771 0.6343657831371311 0.6283845494914927 0.6216643852636394 0.6004210327689535 0.6047902476726994 0.5640732911176173 0.5806485499264722 0.5550714726136834 0.536356769270429 0.4956150307704704 0.4958223777988112 0.4874293332395041 0.48295285333616833 0.45995730320590295 0.44761712983800717 0.464251176394811 0.4521539982009923 0.41597468980550095 0.41558230347829656 0.3981393605779672 0.36621191428398336
0.6022369619516141 0.617956062255904 0.5898335875278284 0.6231153930172854 0.627439078380982 0.6011642228318765 0.6097828314633212 0.6004056136981576 0.5752249913592122 0.5839419086884698 0.6053490374807607 0.6156445842192214 0.6175154991972791 0.6143067041376331 0.5866238369617471 0.6199092426722752 0.6081575419688197 0.6296476306765132 0.6082057673678173 0.6404845766792949 0.6320701831372966 0.6356251845522263 0.6284174530680661 0.6401479478488736 0.6513954944042758 0.617861662370956 0.5751605396888169 0.5657810316065973 0.5469160907762741 0.5566140997244662 0.5555665054781056 0.5051651962049274 0.48952036422346534 0.4830830770314854 0.46960043144170155 0.4833412924732774 0.4663669947448353 0.43085656690941637 0.45816732855795295 0.4327068199151722 0.44711040773446187 0.40988714018048095 0.4068112886300469
0.6173633245121483 0.5951480271474466 0.5973431793297616 0.6172595467926075 0.5984430302428575 0.6286079818651604 0.6190608755641333 0.5973097717857254 0.5967416963545475 0.5879672273556339 0.6373322961628926 0.6562100015397053 0.6606488630502316 0.6193490172294105 0.6084432566099693 0.6260856337382834 0.6309583792958824 0.619596515140636 0.6210791973225025 0.6467928983894339 0.6789964235451438 0.6570521233094616 0.6362183781772062 0.6437710775395397 0.6782593726914702 0.6417551525922442 0.6005953665888469 0.5659011949792873 0.5583841249722356 0.5765955447506081 0.555792752241903 0.4897720284153754 0.4390111992562595 0.47455222481217624 0.48228160491142397 0.4490307084963403 0.4488687393127995 0.4673994469191573 0.4478663535702259 0.46258968254265154 0.4444228281249785 0.44904439021564707 0.3927736134939188
0.5916185316646466 0.614556889236505 0.6216777637431238 0.607948104429721 0.6281496118505547 0.627544550273954 0.6405140684655244 0.6197927474067354 0.5941979665455525 0.6179577225130388 0.6290529082274557 0.6458706325387631 0.6665812894070829 0.6568304221889919 0.6384504226799921 0.6461659462479973 0.6451141090111464 0.6192819169109114 0.6269613413519713 0.6738370790263338 0.6783310917028716 0.6833400769668001 0.6823641061239913 0.6921331489517483 0.6600934728383442 0.6748002516071875 0.658083533135478 0.6205625105928962 0.587684739182191 0.566194870017927 0.5297896558565598 0.5260449919352443 0.487362246379746 0.4890719425537458 0.5049814977232547 0.4658102426845576 0.45123239166535667 0.4699839548200066 0.48947234868245537 0.47726684997155727 0.4715953965388015 0.4780684246084966 0.45885399315877967
0.5942904103258096 0.6414077104110214 0.63713932988705 0.6301267488948941 0.6519848301269697 0.6192550027593791 0.6347928883823194 0.5988788508860385 0.613407333979291 0.5856442265974052 0.5835750804224835 0.6294422904362956 0.6183081100884311 0.6244390253819699 0.6660784500073323 0.6318509109629742 0.6268511827939773 0.6457796281915983 0.6586863002969475 0.6861564270159715 0.6906374983947102 0.6661974571274061 0.689186641237746 0.6651364482006799 0.6825761565725834 0.6717851465936262 0.6643278715342908 0.6437556255733144 0.6078289310080626 0.5933023625380699 0.5486856036622076 0.5256017707661165 0.48010766917285314 0.5011243472947324 0.5146678088974024 0.5020860140831546 0.4873220399674905 0.509100322289229 0.4963926197747398 0.5140607194605747 0.48978863805522865 0.477327521099339 0.4986525651887312
0.6003537340563724 0.6317087631846755 0.64064133479876 0.6683974908669269 0.632927082282136 0.641755370492462 0.6212567497240009 0.592180647824311 0.6041523775390414 0.5885655717272136 0.5847554352702187 0.6141180527547375 0.6066661036073525 0.6307346902156 0.650809306503139 0.6262505634416514 0.6595219404107081 0.6623710076600589 0.6343732867749942 0.651755578108756 0.6726246511054188 0.6690078964600545 0.6714105938242529 0.6668186824192449 0.6706462824922093 0.6941917776793977 0.6710888377078544 0.6174610650015179 0.6179651817859957 0.5917499874350666 0.5519469939803777 0.5252413499928663 0.49835719248356936 0.5030340910111519 0.5104336836417454 0.5252237446642005 0.5268169413915093 0.5038481659806954 0.5145584606313616 0.5375953288769352 0.5258979798757174 0.48850776616623065 0.5053992713786057
0.6208716134789963 0.6501010607360795 0.6826783856517616 0.6632378164818333 0.6576228794554384 0.6515886405714029 0.6364686435511719 0.6289648366047598 0.568500884661958 0.561989223891617 0.5812888854083875 0.607803361711519 0.5940523522911716 0.6419996913215311 0.6191819683476214 0.6212888173650065 0.6365683872176257 0.647636717288817 0.6490156439348956 0.6518892434094139 0.6767945407532 0.6655407865406593 0.6607967937434486 0.6800244899749512 0.7006345089294672 0.6740587301759983 0.6581067701443264 0.6642704600745611 0.6262786943642866 0.6063721076506309 0.5993983100398137 0.5546650058994925 0.5440208735753755 0.5515042513969837 0.5419436564447438 0.5311539311658111 0.5201718742390862 0.5219410490850798 0.5643704418837487 0.5417252423359367 0.5548859773374984 0.5276427493000233 0.49663662692997
0.6340855423576212 0.6706831342414914 0.6771665491787917 0.689502864085011 0.6844044264003893 0.6556815565385419 0.6343568935829086 0.6326589435837838 0.6019736886301041 0.5844981114602129 0.5834842266329722 0.6144877373020124 0.6002381963970564 0.6397141923454827 0.6226067256014192 0.6330347564063241 0.6516033831696075 0.6733024128575092 0.6759770768222139 0.7113222219365021 0.7048735262203868 0.6782449176487751 0.7074061618690264 0.7041572388325152 0.6989122093749984 0.7129421033921871 0.7023078055515364 0.6847870103333559 0.6724687204591849 0.6834874292337016 0.6594674623526484 0.6006104762220481 0.5945116296475803 0.5945577140354387 0.5949938476834675 0.5756721381513487 0.5627472825214184 0.5699589274408612 0.5736401699296265 0.5961236859630406 0.5733638275230711 0.5564916025314105 0.5164600295660748
0.6511448354248127 0.6935702167303003 0.690654245687687 0.6962068186138641 0.7046855152728715 0.677783485161187 0.6382659932219902 0.6401410432017878 0.6414362277709472 0.6090862659768254 0.5862387531919758 0.6108814877571992 0.6339723066888927 0.6383828387998441 0.6471601576057827 0.6415145648645754 0.6872930201751599 0.6988726831812939 0.7305226260833633 0.7174884507905367 0.7380810015830923 0.7176833616947519 0.7194742704734451 0.7455452984388283 0.7533465322317564 0.7329448253316216 0.7297746939415706 0.7440014953863049 0.739158373915662 0.7065303537822929 0.6890579970894563 0.6615495375575708 0.6062694296078521 0.6106480535942566 0.6058015832620559 0.5920876866025113 0.568808473391949 0.6134392796405452 0.6119687457931575 0.6093172606146368 0.6214057709166317 0.6077649641004015 0.5707939554091547
0.6724186906893076 0.7032093874789972 0.7218482045692293 0.6897922427881927 0.6887215274194189 0.6638105038789599 0.6621215594221116 0.6527063281169976 0.6440395588198148 0.6319542317269963 0.6048164708793549 0.6414054987247845 0.6124493608069144 0.6280485339216902 0.650354762125446 0.6562843528628234 0.6975431597360677 0.724678051896496 0.7373857000797374 0.7522640601290888 0.7392581180841715 0.7479233217616796 0.7209086416355822 0.7491977149558545 0.7316760244811554 0.7468688901157677 0.7647068672614343 0.7342627428039196 0.7453751025608719 0.7483814075118463 0.7006520731430894 0.672277261312984 0.6617449018663203 0.6573974571721198 0.6272108435565192 0.6231233736836744 0.625267263327083 0.6408104316902907 0.6467704639194627 0.6153490314698536 0.6052329391783645 0.5939826393223357 0.6173284316008888
0.6813835859497613 0.7316442791485646 0.7224685659644204 0.7311969566580031 0.6994570959261128 0.6947780818677948 0.6815184680327127 0.6682805880208791 0.6457026246720531 0.6332803213611884 0.6425742683463972 0.6557118770779965 0.6275276907308619 0.6623619241854225 0.67110823221821 0.6656296411872672 0.6942397662406258 0.7225530391554249 0.7699871830694465 0.7440766993203277 0.7736206699092038 0.750959152591312 0.7403407455436163 0.7514566441559841 0.7586584610691739 0.7537785987687018 0.7868975245645922 0.7854074832754674 0.7660335838832701 0.7640350228839922 0.7394461631388506 0.70911484718521 0.6964588771044375 0.6647439304521756 0.6704982949756625 0.665990186189361 0.6756386491006513 0.6564361427146653 0.6600857613104352 0.6255948366373564 0.6091297311680355 0.6031037590216528 0.6305899521432811
0.7177066113257096 0.7486261573237929 0.7485581342944144 0.7385632082658947 0.7020959713441716 0.688905214984935 0.6673599767714584 0.6631718309710484 0.6907403891560612 0.6890043186379078 0.6822362553939076 0.6648683932557673 0.6570447081567174 0.6692235384947091 0.6822569011561317 0.6740814504170418 0.7120511002996556 0.7493255316388444 0.7427549779073218 0.7495638207661537 0.7737317409846266 0.7613201996813602 0.7585636386046622 0.7258559923818616 0.7499445846876213 0.7388920365062753 0.7648279850148131 0.7696596830625253 0.7510816428994302 0.7425703571691584 0.720381055566502 0.7106573733811569 0.7017406579406091 0.6926434207497183 0.6690362134814309 0.6980636696271734 0.6890075974894997 0.6985377077092626 0.7103520446215031 0.683552894972487 0.6543798518768739 0.6608162746311579 0.6432590274295089
0.7566590304721927 0.7510679055377794 0.753756461418452 0.7441527768069917 0.7029742561725834 0.7174992984711754 0.697424133097842 0.6919125243176732 0.6983172217343676 0.7053014335568091 0.7132208169698795 0.6910197062223047 0.7113651890941297 0.7196046936288079 0.6849767692336106 0.7135347308888864 0.7293603471281298 0.7421743529780214 0.7516747409833153 0.7324309488887185 0.7311398592162819 0.7343538076558828 0.7215611794776758 0.710160711327355 0.7089203075149698 0.743196410649242 0.7701112262231495 0.7620733031169974 0.7495265944593893 0.7504017567297657 0.7080998835467593 0.7305144739800208 0.6906302693602807 0.713372298626294 0.6959385154333751 0.7077633672380661 0.7304215687041659 0.700951196745868 0.7154546143116803 0.6801306681168668 0.6862923775649563 0.6738196637604559 0.6868518778152057
0.7349423036809759 0.7541320873800169 0.7657385458243335 0.7724062810241311 0.7507645539959292 0.7271777356914294 0.7192759658267668 0.727912533002173 0.7234772749370902 0.7156143648190479 0.7409319578328881 0.7453387424370832 0.719653991835809 0.7257525023437097 0.7323435006637091 0.761977782919976 0.7754857813255507 0.7763519535144088 0.7788797988862536 0.77813381489031 0.7422160249432163 0.7702979066599059 0.7322496082546447 0.7176707035369355 0.7374073835749569 0.7757038370918046 0.8018587343800231 0.7981131758309573 0.7900759734969651 0.7593196368992676 0.7382376998819179 0.7405430048050062 0.7041131336395419 0.7308017275782076 0.7304057945860367 0.7276635513532237 0.7375742319730143 0.7190999316396278 0.7495138729420844 0.7102371189606155 0.7002486739892163 0.7190432022905987 0.6945751516150644
0.7784327645091279 0.773464791934504 0.8105357751769107 0.8031605319670758 0.7568341790793911 0.7481079024325092 0.7868794378782163 0.7891022607959944 0.7708968831179761 0.751009768360616 0.7265005614805343 0.7278683817237905 0.7482384026926706 0.7577521903963841 0.7466557123910272 0.791892512975629 0.8013928377239279 0.8219870074788084 0.7951334255991914 0.7684064467994837 0.76521917240725 0.7813605842224803 0.7758725022430994 0.7377551426890273 0.7333966661729542 0.7572806510544469 0.8079779478196465 0.7839795955334854 0.7864061930720386 0.7614543595423084 0.7674490483244281 0.7403050440693314 0.7185386198762427 0.7181795220229997 0.7388506515638549 0.720422480874904 0.706900270630139 0.7564605892432564 0.7667677246574215 0.7546200513931889 0.7499149541035061 0.7623996566953388 0.7112426579485204
0.7894669610970434 0.7952461309341754 0.8030349156976242 0.7866057830680366 0.8045983454030945 0.7841758803577595 0.7673732497990551 0.7940941326856222 0.7758303887465017 0.7445353968258014 0.738264313667726 0.7740734091924554 0.762872541590116 0.7712462501290647 0.8042730687630337 0.8224644755297283 0.8360675458377205 0.828475137198484 0.7892726132828549 0.8061467864080339 0.8129510488490835 0.7928167911437652 0.7961175650908507 0.7960937798817618 0.7864900096323459 0.7799780882799332 0.7869664407958198 0.790597444236282 0.7881310622804838 0.8021832253031735 0.7876919878411014 0.7474305335634147 0.7553741174319578 0.7454942510061571 0.7614174895885203 0.7341837901914656 0.7346203002695137 0.7600323195488309 0.779341500625992 0.7572469923336491 0.7643118033948141 0.7866508519725884 0.7761676018506967
