Raster_benchmarking/continuous/raster-415.asc
NCOLS 100
NROWS 100
XLLCORNER 1743160.7985655642
YLLCORNER 5469282.529359086
CELLSIZE 10
NODATA_VALUE -9999
[rows 0 to 18 of 100, columns 0 to 42 of 100]
0.6077791533784154 0.6253810500233825 0.6493197454176318 0.6770665670264931 0.6737624459012664 0.6305937371470484 0.6010527003845402 0.5841290237959063 0.5598877025397575 0.6466365256497072 0.6312675416151005 0.5449334027869016 0.49521279557606834 0.5354917347312101 0.4717962488936042 0.46311547588196406 0.4711132043720328 0.4998350982923733 0.4922385747839655 0.5633266454927203 0.6300790333073601 0.569015179116712 0.6258149446737797 0.5890781737512246 0.5857371303955946 0.5935682653997486 0.506783622016839 0.5527088046973918 0.5578882226940789 0.5534316943130702 0.5258676570405887 0.47952855348053575 0.49212801594139427 0.53830054071013 0.5168381022430323 0.4906745056566278 0.5136235804022351 0.4826384632324185 0.48380225759698103 0.46348569904045656 0.41249561473425234 0.3434496317653023 0.33592116666326816
0.6678238919723078 0.6942368236219089 0.6854264553940923 0.6814305896556877 0.7131039602306819 0.6845139267545373 0.6628794324999762 0.6183205865230509 0.5620503015523907 0.6020171315851872 0.5324313545937828 0.5076660840133573 0.5012702123035279 0.5138345137051281 0.49663471621831995 0.4673303750545531 0.5249665566800904 0.49178922222881105 0.5303197472091398 0.5269951315905517 0.5493540507616216 0.5946225109289288 0.5814667192799855 0.609809959491607 0.5852042385657924 0.5966842671279143 0.5919896862285774 0.5370119081112821 0.5485637522976001 0.6073404285453725 0.5408962733938868 0.5466421123765612 0.5459455492351577 0.5072844688308317 0.4666721623121497 0.500079025958228 0.4680342457951813 0.5061923534267586 0.4865205750917697 0.48335505760243785 0.42338630046670284 0.3335702124188298 0.3437028615271627
0.6843944763676659 0.6960168673891678 0.6752246227414791 0.7239622600346843 0.7016929628770467 0.6747831885089878 0.7053226956186155 0.6588918891432836 0.5556672564397238 0.5622869828879474 0.5114320894680326 0.5496774053630594 0.5407607961098394 0.49320236919058735 0.5206664556753674 0.4782553862433185 0.5090199068601005 0.5246054696144035 0.5251847453392374 0.5737493457464105 0.5503736771146482 0.6280090808819395 0.6311013118181587 0.6228633337616682 0.5598491432422549 0.6004800436615055 0.5747111649712003 0.6236689860972462 0.5915541027921288 0.6089006775858247 0.5948628639873438 0.5838614494988226 0.5859810587518571 0.4944895774435104 0.4654318308387459 0.4745228053820969 0.4271945384076906 0.4577114853229808 0.4964184911230135 0.4629053927666321 0.3829206058285959 0.3311191312175951 0.3044382392250903
0.6824600205180854 0.7402999364646199 0.7019412170892488 0.7433637841009623 0.6924053990755024 0.7112424414902478 0.7028595855177404 0.6299415934202336 0.6209159216193239 0.5515502651615752 0.49569474188631063 0.4769363383515422 0.4853105305648687 0.512969487819728 0.5540860987834648 0.5356705259052479 0.5470149815066258 0.499607905475646 0.5048913737284288 0.5905172284435364 0.6143652306916998 0.6134601139203274 0.5626576352904201 0.6169780473802966 0.5789186072100888 0.5701147551574323 0.6235358263128208 0.6675676315864079 0.6348729422056559 0.6035766168160803 0.594065906618046 0.5855022614018855 0.5494758985984202 0.471888666171494 0.47003889336552584 0.45960745791352103 0.4028450241875413 0.44741544214317186 0.4843646086781129 0.39769834085595424 0.42295451014816227 0.39478667742017576 0.34176954592149644
0.7418243825499934 0.771771735230679 0.7735134436425642 0.7538538595761217 0.6810873112133761 0.7474347598912571 0.7217979175879526 0.6932996778958196 0.6095609348743926 0.5537271115370119 0.5158576462527397 0.5310587580851488 0.4629463742542275 0.5065766101824987 0.4933822188385247 0.5562868920618895 0.5469148749445778 0.5031290549111802 0.5200024733394094 0.5283817060770281 0.6140293359706661 0.6170385071417966 0.5519474888903741 0.575743821750516 0.6076806182886885 0.6049044128270902 0.679785137776816 0.6927764577067135 0.6912412219728071 0.6358639727554429 0.6451627682952815 0.6090112229423292 0.5036399515928592 0.45783807550095307 0.4676433905287006 0.47887174416964917 0.41206969625969836 0.4659323684865705 0.4500778554700155 0.4171116891050041 0.3975666151463162 0.44800643751203245 0.38694158780008786
0.7178962475639318 0.6951580436699051 0.6889808969041735 0.7280785899491176 0.66838606804228 0.7215818488352704 0.720024988889184 0.711570769329744 0.6285106306259917 0.573123898379169 0.5585977354012844 0.5119506946244522 0.5086763901395273 0.5390794001164214 0.5837564397109066 0.5830161172697846 0.568074169260125 0.5671087188873494 0.5101124170040164 0.5222008536900082 0.5647836933594461 0.6120766566070107 0.5596031954698146 0.5838634698145725 0.589299013697851 0.6375742122718592 0.6454099185100677 0.6053174933272951 0.6654511309910233 0.6450663502323722 0.6602418595613128 0.619228425306195 0.5616718908898067 0.5139461420129648 0.5605692076861662 0.5072383520373211 0.4713169715741345 0.5122001906268782 0.4713818322087903 0.5030760316423777 0.5065250022664766 0.4718293536713495 0.46459331829717093
0.7009026656085613 0.6885119033499545 0.6823648915330913 0.7026038518062809 0.6664688513619055 0.6840857676218821 0.722354798773955 0.6733445079119175 0.6673864173757921 0.5775622825455303 0.5566462369737338 0.5681599255916533 0.5759279132688853 0.6216187032475885 0.6299583399783375 0.5547798412458228 0.5512099011038802 0.5406636634342018 0.4972792416241957 0.5010185571514127 0.5865747977535672 0.6111150683157573 0.5709882062116391 0.5902498113502097 0.5371188447892496 0.6181771703911502 0.6104090062032885 0.5658308425679311 0.5881092148426121 0.612255563078611 0.6298100235680166 0.6021130550928389 0.5868705275230041 0.5770089056093829 0.6101363181526221 0.5813486831954158 0.4873075520397712 0.5279411575783468 0.5510887457276719 0.5621118244833496 0.5130549124159846 0.5026616668933785 0.4509573012918902
0.7063977434827378 0.6773642621004963 0.6589545085570311 0.713825301250875 0.6708794916890166 0.6782175438435036 0.645726715319915 0.6537722909061823 0.5898657754166354 0.5803104494222686 0.5633899817060037 0.610696349139694 0.5695795265990488 0.6179127698164834 0.6047314816657495 0.5922609105307293 0.5867979569721046 0.5147227930207283 0.47835753633844147 0.5239764421258531 0.5322550733043494 0.5919011948080245 0.5650205508042537 0.5274237571994936 0.49583001762393913 0.5518204960480847 0.5951407284916372 0.6199493581728809 0.6556905893642287 0.6341440618987798 0.6464483621530989 0.5832780548724741 0.5943519799619644 0.6427486522509451 0.6382969782612646 0.6194135201477164 0.5218759011524255 0.5151827498014263 0.54392028869875 0.5834384564385593 0.5328322529882458 0.5236960684804072 0.4800855654283842
0.6395502832595723 0.7009005950003576 0.7137750480352761 0.6870265569331302 0.6952755344137873 0.6884279451261899 0.6127324738641557 0.5959932705200329 0.5706929765504013 0.5842739830053859 0.5838479198217156 0.5862370926928503 0.6322121045301509 0.597499115734703 0.6885699697929425 0.606350719198824 0.6098416629983893 0.5607581824419918 0.4931820019994599 0.5608873904164835 0.5374919264176224 0.5914841904782414 0.5253165196433061 0.538346056025136 0.5301298290628291 0.5144154254713974 0.573439787234162 0.5844693083629697 0.6288833643933064 0.5988451283020904 0.6063751531772478 0.6230996815037839 0.5669341022745514 0.6652207797162071 0.6867831540746943 0.5998756033933359 0.5956872402335741 0.604168071604527 0.584749823832336 0.5966587195779645 0.5241702409886008 0.5402356982529543 0.4757900694641624
0.6678926282569967 0.69840965430259 0.7267736288101507 0.6913765151181006 0.6747686020321763 0.6475014876562669 0.6001702500934092 0.600923675241848 0.6220993061706755 0.5825765670778398 0.5691844525002383 0.6245775862359015 0.5893864625594055 0.6150105744501498 0.6417528314023564 0.6327111038502312 0.6351786600282076 0.5613287362118529 0.5536337804158403 0.6116064892338343 0.5353646669835721 0.5469399536652506 0.519487001878804 0.5655679823449187 0.5442580437565 0.535618885673341 0.5593215781358103 0.624598456136994 0.650104500603488 0.6048678630561407 0.5978257441932644 0.6015676535814612 0.6240073389901597 0.6251814931352445 0.621785241295461 0.6154584311314889 0.6535938573561799 0.6397298050365761 0.6227389114141091 0.5341066747991114 0.5658542848823828 0.4941165693224243 0.5668363986685703
0.6178336070784143 0.6358722038295385 0.6727691033730129 0.6590540911088426 0.6207793416250602 0.6688433973093876 0.6401033209030589 0.6419179519698405 0.5844177212936887 0.55208709857248 0.5775652508641951 0.5715571131022673 0.5826850630320296 0.5932698820999738 0.6664468794410648 0.6346326045866783 0.5837017465936978 0.5915097775969174 0.6501460250737171 0.5961521084914438 0.6103718754166823 0.6029488590798796 0.6054461926158797 0.6177938840965062 0.5557293105154996 0.5780277419358028 0.560475960865559 0.6075373657331775 0.599672259599151 0.546794079642334 0.5267188293118189 0.5959977829572195 0.5611906606831076 0.6409711701153857 0.6900887605606054 0.6424421274471527 0.6430855468689616 0.6495989665707275 0.5738502833975943 0.5791816603724907 0.5691673365336566 0.5339104931687035 0.5691266167295961
0.6262858408693854 0.6797190885370413 0.6781179858854238 0.6918522565103583 0.6646116609401839 0.6710173578623178 0.6334094855046941 0.6027850904010885 0.614685629517937 0.6143067474190593 0.5877275389121911 0.6111348811920063 0.6096959004250868 0.6001879596002982 0.6235682363458048 0.6326180287434412 0.6477046562607073 0.6175485361811974 0.6854271543189167 0.6313154412888186 0.6057376747952445 0.5868729710371571 0.6451102014006393 0.6267341620311615 0.579682954663262 0.583307205592003 0.6201743959248358 0.6300576507859726 0.599515297498116 0.5941907918224855 0.5579160609874465 0.6009514322147425 0.5883025375357587 0.6433155298587723 0.658884112322436 0.6450747205859402 0.6849765150383755 0.644340747282142 0.6560471431506197 0.6176789418172803 0.6524986891917048 0.6288189925981876 0.6532781104268992
0.6684231781147039 0.6754776221620793 0.7343134995126831 0.6707887072781132 0.6798939135291748 0.706523840396215 0.6909994622405599 0.6488950888308357 0.6203449247790718 0.6195377324371112 0.6758122186295548 0.668904754873853 0.6314215366707137 0.6045677549491083 0.6117800591260518 0.6022308711077176 0.6494052628199449 0.6696693957791295 0.6905472318670269 0.6009123581585912 0.617754805487169 0.6231367518327539 0.6597257959525764 0.6057478212455846 0.5700499532343201 0.5604120935077657 0.6168164939312305 0.6142009234100748 0.636534244604596 0.5948050206418521 0.5784238458862544 0.6081880781680332 0.6045144814046856 0.6286722827682516 0.6429972556439846 0.6872940061846293 0.7139154725178743 0.6667710570739858 0.7140234025889546 0.7178771597976258 0.6879056352721411 0.6726082951892541 0.6674315486586212
0.5626477503806235 0.6045504755402681 0.6650226892400363 0.6445404000939571 0.6616701239545373 0.6401327764780329 0.6824418176326268 0.6051765582406174 0.6375099026653287 0.5924345482536472 0.5793038195460611 0.625710470572864 0.6011681208177265 0.6034575891100638 0.5716170884530573 0.5523858656306887 0.5438969675255685 0.5660095179801491 0.6350876330038644 0.5866445568036059 0.5662864051534956 0.6297917176024416 0.5898603899218898 0.6100619443188217 0.6191382474607374 0.5781250127326395 0.625179986648976 0.591611157739606 0.6644403816138379 0.6357390807846721 0.5905248298277045 0.6245165835879865 0.6067433306157193 0.6553552398364945 0.6549647306586001 0.6185261270182405 0.6668534992132458 0.6627271050753184 0.7156105316268815 0.6989672063534591 0.6901575859262122 0.6806788255688331 0.6412801565203008
0.5366261107204481 0.5487477742356953 0.5708953224933341 0.5702428288578206 0.5486990705998258 0.6205948569657863 0.6474230217126111 0.6207762978145518 0.6223561104233599 0.5530497236955696 0.5447916238317411 0.5836548885010997 0.5369653823542347 0.565490124644905 0.5653083627495243 0.556474044351172 0.5010392472412785 0.4994021888155939 0.5438155144090665 0.6032002252903708 0.5655518085272321 0.5833801629828311 0.5879523131216613 0.6168650393796067 0.6417758445933197 0.5854300770493029 0.5845187878545336 0.5928891996841154 0.6559783560355221 0.6385839810907861 0.6162192852775195 0.6232042049630961 0.629966990685585 0.6736139477298997 0.6248314133873559 0.6622602302031662 0.6287542611055612 0.6849104464702717 0.7581316593104022 0.7586607223466331 0.7280648483269301 0.6782488742049344 0.666083437312861
0.565144203194488 0.509193265033312 0.5118590892193167 0.5408264087672116 0.5041411238263711 0.5226911977529629 0.5643011783665797 0.5519865110077935 0.5373518751770356 0.5227191058530837 0.5343196535424272 0.5334261003510045 0.57147251568965 0.5586695556852791 0.5587785214116706 0.5486914637943083 0.475019957599398 0.51199815427071 0.5010922894359596 0.5513599357550069 0.5530001012822666 0.630231022500883 0.6293775397413974 0.6601056840632034 0.6356450357070176 0.5826732503082487 0.6192337923492867 0.6430091176962666 0.6004969359365577 0.6550374488529699 0.5928796405474808 0.6305295729424925 0.62425397115973 0.6181567861429026 0.647444083352538 0.6488419506362655 0.7080237008165752 0.7130489808600251 0.7619554666499178 0.7204632762899124 0.6652171786885777 0.7004799422671213 0.6772033564975687
0.509558250050708 0.5264665796673351 0.56887388620078 0.5185505471902192 0.4702301717999132 0.5084409856679222 0.47447048990194923 0.45309237078509296 0.45781797481556746 0.4912787396783369 0.45518620501825313 0.5196757650826146 0.5258951984922716 0.4838885324730425 0.4802776265643917 0.4903408544581505 0.48762124135199186 0.4858917622189661 0.4752529157932659 0.5374216137179205 0.6144723583449491 0.6241276389974248 0.6786284426958286 0.6306148260111368 0.5958285644344746 0.601949569006717 0.6449678497537789 0.6010171768617804 0.6036993843081547 0.620090574813749 0.5823291561544635 0.6139975545316795 0.6241597637109861 0.6717855090865802 0.6501832406948878 0.6738573899279686 0.6914527355889976 0.7310591498466347 0.7722443840052035 0.6852074094954748 0.668162422596607 0.6096534533896918 0.6097997902426555
0.5074601833999284 0.46513107169903334 0.46948158574683607 0.4850131721676298 0.4616950408458789 0.4594456089860735 0.4671122722969336 0.4193169531823831 0.4219986719927698 0.45548235646863117 0.4173306720773223 0.4219492701692351 0.43211408017551767 0.49701033856550636 0.5339396028031863 0.493123285164252 0.5010033682873184 0.5223836905551819 0.5085154493714811 0.5575490635852759 0.5605079655481673 0.6242896948613699 0.6568689946645032 0.6645847103348969 0.6169036545785919 0.6043757742523397 0.6384563842973693 0.6667373173562894 0.6173868437319754 0.5823718498544032 0.6283837782399612 0.6424693133116354 0.6038132133190385 0.643808650428943 0.6643989018176546 0.6938895206674353 0.7002355269895719 0.6763346547701158 0.6718049913404075 0.6430041211269009 0.6564025052224859 0.6247237239965856 0.6336903833135236
0.4421244593255767 0.47908375848441437 0.4710566524251654 0.4510934199295348 0.5092271893440308 0.47494434611924835 0.45852993944214 0.37223196867808606 0.3764108746272537 0.362487100074517 0.38246593170902726 0.4012437681398847 0.43198146718522556 0.4664849886809791 0.5040986008620431 0.4550042279319758 0.4663948415211873 0.4945336881412997 0.4995841184158444 0.5163415734503914 0.5911338789018471 0.5911688453156391 0.6277261338429699 0.6174411274925576 0.6297155595614832 0.6545166822998257 0.6614983546255375 0.6047782942802671 0.6089625735484955 0.583176874079748 0.5905871808735411 0.5924006300014676 0.6369098659254392 0.6276416826195867 0.6792851596512224 0.7459319437060822 0.7010893117224761 0.6491934624834282 0.6496699254810844 0.646948543233164 0.6205703999028019 0.6444835800832912 0.602211901844613
