Raster_benchmarking/continuous/raster-318.asc
NCOLS 100
NROWS 100
XLLCORNER 1743152.8140717861
YLLCORNER 5469295.921690626
CELLSIZE 10
NODATA_VALUE -9999
[rows 38 to 56 of 100, columns 43 to 85 of 100]
0.45674459878173485 0.39871874646618705 0.38434750787884764 0.3869751644282079 0.42309071592681335 0.421096248621134 0.36487186516207176 0.35282387118485126 0.3055394928970946 0.32441285379893764 0.32267861376656676 0.3369603541001081 0.38030308273531843 0.420081999947457 0.4803065487764149 0.522869649018125 0.5037565485044906 0.5025016243335854 0.5768501497306078 0.62257577156398 0.5774713977688934 0.605948565960498 0.6213883027402977 0.6000804308259017 0.5424225897562958 0.5649052067553201 0.5606454696282417 0.5577408246746633 0.5434350894948704 0.5385245252751518 0.5594068445004641 0.6109630162827553 0.5886183710654803 0.6150010533803617 0.5938495976324961 0.5982458281694852 0.6081883175058165 0.6739861582030291 0.6973094656915394 0.7179947445078934 0.6834751887997198 0.6503491857583474 0.6757009927679772
0.4921852759373783 0.39320475895203727 0.4551272740551431 0.45411991219757164 0.4753968129443451 0.4193222677562323 0.42456427315505574 0.3815077011480119 0.323014841240944 0.32587164311582373 0.3612952203965368 0.3485232302155387 0.36377663433698415 0.38990724784835684 0.4413851858358013 0.522001171875884 0.5302463275586444 0.5353426190193225 0.5640219477351336 0.5973862626884892 0.5549527747885666 0.6045770530637967 0.5885524015812976 0.5773514445868609 0.537396593314058 0.5517288348807281 0.5727486065056312 0.5524823994869086 0.5390026363468178 0.5823357862490346 0.583418754994267 0.57881467895524 0.5762451756626218 0.5828630159696995 0.5733182755083065 0.5456826166929181 0.5550385703790001 0.5816236391018592 0.6442001294948501 0.7033310492684006 0.6879367676708276 0.6442364867645888 0.6817388852240267
0.49293503561154045 0.4298672441687227 0.47852056669219095 0.5021161351647935 0.4755005374491921 0.4602907844208468 0.4723588185631209 0.44125678406173885 0.40838156020757427 0.3802532787414049 0.37311663118075117 0.39938088883289746 0.4155142884712138 0.44579483380360524 0.4935664870274758 0.5339068987550041 0.5411553343255237 0.5417432391298487 0.5791807722942771 0.5489286240004807 0.56294909819118 0.5532691665024412 0.5442297178488545 0.534494989851694 0.505013081469155 0.47358379452655747 0.5225551521179493 0.5232160704840564 0.5294837857795174 0.5249102925877789 0.5510032594035256 0.5204182799787562 0.5338435750872236 0.5658670072749163 0.5275756039847843 0.5245878301541235 0.5712237145892567 0.6029142229193237 0.6459137490025518 0.6929203025075251 0.6488739494742137 0.6515155765141408 0.6177568304054772
0.5229637986097085 0.45381487973782936 0.5005923193270705 0.520000447400856 0.47469077578970853 0.4802545134809178 0.4952885159877088 0.4809902861410027 0.43792279337075435 0.48738670698789016 0.4597536288306113 0.42886784749757956 0.4668627583627194 0.5125053400304909 0.5548337778894824 0.5706688923465548 0.5675971114152127 0.5742370232567853 0.5603296440273251 0.5287460494414742 0.5547731625563339 0.49049564768490816 0.5192426144504261 0.4957667785247583 0.46984219341948696 0.44102534159173584 0.42463072314167244 0.4645273083765134 0.4539677327798556 0.5022551002055793 0.47961274898721895 0.4588995895028088 0.469871982050956 0.4854042353881306 0.5001309591088854 0.5729080901329839 0.5825214718636205 0.5866664571957193 0.622301396548017 0.6465783808374505 0.6637388745469706 0.6316267659649382 0.6294461821024822
0.5250102745571058 0.5278517211053771 0.5356010928648159 0.5509186199234701 0.49887040063127497 0.47190831942219374 0.5208475974544573 0.49424467748955375 0.48346273274923873 0.46691976031894744 0.46666540669674705 0.4614997473803663 0.5175517218933406 0.49867311651515533 0.5342764608409426 0.5493397447231649 0.5833860239582103 0.6255157779710063 0.5883130041557345 0.5453284337494478 0.5530834972377923 0.5320589971694488 0.4746982654632382 0.47745709741865655 0.43650646292210615 0.4010018528412973 0.3776252742644934 0.37401181114219356 0.43340559781084276 0.45450139303958526 0.45809781213035006 0.44150407417538773 0.462991964587789 0.4755285164159465 0.5061797465041402 0.5475592218827735 0.5505840749545174 0.5633394135682036 0.616101416481462 0.6207613380258644 0.6038685476645208 0.5902243241074906 0.6246669642400079
0.5428805180964063 0.5411333354472698 0.5293667780471039 0.579092735211645 0.5030248594235299 0.5190303009756954 0.5096716285629277 0.5129795629003637 0.48806729184380027 0.49058251524598284 0.5129535553658952 0.5207708190492029 0.5621369807942554 0.5360211780812592 0.5340077905308975 0.551701204149019 0.5940876006796626 0.6392839958191788 0.5783352290976557 0.5747670339577857 0.5608925731068839 0.5209808908923542 0.49936038382225434 0.41675743704918655 0.4416361555791649 0.3852082704866964 0.3759360989375219 0.35139813482943205 0.4070602733723794 0.41033121826419877 0.3914526537539663 0.4141120865599769 0.45878933894518137 0.4805089766015942 0.5122426622609879 0.5484089960504889 0.5817495863177099 0.6106372378114443 0.6100920980652079 0.6144799288669657 0.6001579042892039 0.5966637416336688 0.5892557070382224
0.5371056631583692 0.537953412263274 0.5661456188210572 0.5600335947711493 0.5071854535826343 0.5261288933794194 0.48504988666411875 0.5374992326377814 0.547522535884057 0.5286499543281405 0.5639251572796957 0.5913639685405818 0.5617502428211232 0.54832468836047 0.5877205435360383 0.568961890328688 0.5915771645457383 0.6230589183309224 0.6044096684123408 0.581753687831748 0.5751835270408306 0.5146545777387814 0.4999750082488547 0.4662748005805901 0.3995490098572603 0.3490623288104595 0.3779434731209889 0.39092882370423376 0.40276281070818537 0.43564503178507585 0.41322398131838395 0.4329809865906681 0.4476197668642919 0.4979495863819797 0.5110932162873453 0.5099704553938936 0.5494153343163873 0.5779153765849872 0.5855585528005441 0.5594426766199594 0.5705593126182035 0.5843545790683424 0.5912160167427564
0.5708047542151389 0.5774784371140476 0.5419436235100569 0.5129001629096892 0.5092258163082348 0.4797125581451481 0.5167963464832287 0.514102085408014 0.5499202636783636 0.6023088362534476 0.6080253972433037 0.6016224515410199 0.590711391562745 0.6044927233552277 0.5820458315034649 0.5992215231540824 0.6165374526016476 0.6474532360382554 0.5905694496933221 0.5661946953149415 0.5582111379996483 0.5582037853499152 0.493419502761726 0.44746616075020706 0.37804063619320455 0.3642187381238636 0.35606189171711106 0.3378774607809403 0.40324130429648924 0.39573494071502124 0.4263518276442063 0.4640545854088488 0.4611787858450288 0.424205190751571 0.4467675696978204 0.5188594171782123 0.5530663953180621 0.501032035345971 0.515654448134699 0.537007396270323 0.5520000073189691 0.5473486933284323 0.5957038594548861
0.6307758688390283 0.6277573245791539 0.5864913584426585 0.561746341724037 0.5389809706737785 0.48444852465760696 0.4930514579922429 0.5395667947747014 0.574362904027295 0.6036565684338865 0.6494500240594586 0.5931504514713627 0.6216952583403552 0.5833532069773036 0.6371529648501435 0.62917470049892 0.622156966299029 0.6135364504449258 0.5938306878119953 0.5303288414519038 0.5349514631093998 0.5425497489668625 0.49221828860306305 0.471750547189725 0.3883752424987426 0.37551321442910196 0.35353670499595974 0.33657170994284463 0.390152783660492 0.43334734018916554 0.42998745777051994 0.4377477676408225 0.42066428435641534 0.43858089201930717 0.4585148547598714 0.4593433511760471 0.5088033922242247 0.5075364876707177 0.5114229170083163 0.5140287566161814 0.5270295825957299 0.5480961291604324 0.5454070680766923
0.6619001765226931 0.654174308636183 0.5824589135982262 0.517743580358097 0.5241941423487503 0.5223278424736264 0.51844666559644 0.5782113444303133 0.5844397947591435 0.6709259411195051 0.6435047523581293 0.6212645704798254 0.5910542463657532 0.596196414934043 0.6017509524881672 0.6396275562975282 0.5959594992166041 0.5988226909471083 0.5660134885601056 0.5178543149015888 0.47838241433226614 0.4957697657663557 0.4689517274495328 0.479562560751903 0.38223001422296266 0.384668416129607 0.37175182643573057 0.3819199235520778 0.3903037142847116 0.39146086426578197 0.3991916809673929 0.41888711408877943 0.41552314387353184 0.4293200970724434 0.4223715859104761 0.47742538351293495 0.46189094323057905 0.5214739494912712 0.5241224098066118 0.5020445836440738 0.49889562005320015 0.533598505400304 0.5430135692981567
0.6270771090199423 0.6536174895484691 0.5809548836003111 0.5308535692216514 0.5507088008670872 0.5350250249226507 0.6000547780852705 0.6308492319545742 0.6368503336358254 0.657995846490758 0.59150100193787 0.5612790135883451 0.5784310211397563 0.5680285953172178 0.607585243760418 0.6037698371776565 0.615206856294401 0.5649824418765177 0.5505337213900172 0.5417406089230207 0.47636595470482357 0.4834281965269737 0.4765993041661018 0.42466615306512184 0.3877537404652469 0.40409535073270003 0.40405615687542223 0.37787836290905213 0.3807508836627458 0.4187241343582871 0.40390288270569724 0.41555009788931946 0.41094495191780234 0.4132278796004207 0.4243472123798993 0.48226917875899034 0.4703233121541158 0.46349538414896635 0.5211364378596292 0.5055346964271547 0.5358442062205926 0.50356876867779 0.5203742241612286
0.6415638753706723 0.6691905709818001 0.6260168825996597 0.5856000902101545 0.5422411078193321 0.5881063917090859 0.5757209428593926 0.5862042957658462 0.6130704418969231 0.6271481365381221 0.5741848020818997 0.5743079072658339 0.6060429462462386 0.5845158274138718 0.6102395391242825 0.6426094877173872 0.6123665015417876 0.6187826442650106 0.5908517929355912 0.5163726670395707 0.4891626879282176 0.48215302044210767 0.4208784861604077 0.3963074491095447 0.41434737486755624 0.4086471827541805 0.36877291352323505 0.4001142131213953 0.40331862436701676 0.4016091108122408 0.40868578802986405 0.41900361771591293 0.4323754417424793 0.38351737381217993 0.4021301199307902 0.42406603950018584 0.46057333505943954 0.46228239250771086 0.4631842977788153 0.5063507761274474 0.5006128777756234 0.49817531275540494 0.4645117837041926
0.5819009432252773 0.6482401747507223 0.6192784410703609 0.6141015525790725 0.5771566698630116 0.595492222406413 0.6133162641486083 0.5692594812982782 0.613358368024043 0.6377752207339541 0.6122751008439545 0.6249806981388396 0.616263169668559 0.5992020085626704 0.5837872273170626 0.6343797901103955 0.630605551134533 0.5765718289867207 0.5841702162676129 0.4952629799126121 0.4756862063064374 0.4688873604974081 0.38239691400278397 0.3845895246879803 0.35627978601714955 0.3655756475143395 0.34234546922976744 0.37619330041283844 0.3495921978417938 0.3867939395788923 0.3976620247849855 0.4344601562807343 0.3956174829829195 0.3929937720913088 0.3887528481098537 0.4307422416192478 0.40942455216539303 0.4127804193476844 0.47263325299663556 0.4649166204451304 0.4562259683658592 0.5009883080744868 0.47476011553498293
0.5635069156606027 0.6204720284073655 0.6143493772989027 0.5963720084468793 0.5731645468667975 0.6168210155010121 0.5974962696652144 0.5891161387829379 0.608008933667876 0.6106963035512113 0.6122990237078828 0.6322852685728593 0.6282215221259444 0.5891878633295966 0.5678342796673078 0.6343684395266362 0.5969133955307813 0.6012905898501646 0.5343668073116078 0.4800512167922562 0.4542072821077764 0.4085719567976859 0.3609544647884408 0.34066725288684285 0.3132913763235916 0.29568186524007967 0.27253797679127384 0.30306992931284465 0.3082911340892736 0.33118014985823513 0.4031030859140791 0.4634294824680957 0.4193844655987687 0.444456968768288 0.38059795470231067 0.3879815280786077 0.44450278243114666 0.4084434421530186 0.466970588291337 0.44106635148963835 0.43517512727229374 0.44662282155071875 0.4953870233366673
0.5792950898116869 0.5461097673942121 0.5496720765471984 0.5756200579348911 0.5732835634466099 0.5617267442966211 0.5302950293410548 0.5585210353800637 0.5486379478936735 0.5739618606488983 0.5408379409829139 0.538038376229329 0.5490998578647934 0.5368629821535214 0.5948677232734627 0.5755700016445641 0.5880743969067728 0.5688422900293246 0.4951685540195724 0.44630237429529157 0.408457384744583 0.40448249607122333 0.38019238279424 0.351922931937647 0.2971645030378539 0.27567780825211363 0.253353563468612 0.2929700193718131 0.3377044245127019 0.3929374755731011 0.4285909874666674 0.41794063973738216 0.42316960031532425 0.4205861857041376 0.43238024859675217 0.4263404687454816 0.48378407203929713 0.49974805057290717 0.5073397343031854 0.4679858190136424 0.5003896737244843 0.474047603768998 0.5398249689192344
0.5785507503864846 0.5156774097611337 0.5008963228359398 0.5370149381274683 0.5360832441796942 0.514831316215183 0.4868701661331295 0.487369201857866 0.5180490578913641 0.4829354205329592 0.5051343984169177 0.5463571824597041 0.5269379778941283 0.505684689961636 0.5182370901850508 0.5382284529091799 0.5673730887293551 0.5393772563361061 0.4662836922166816 0.4457490126928502 0.4346603430418218 0.39233931822304424 0.32771066946007515 0.32003624814396014 0.32628975654902 0.26506290413177863 0.26335189501866313 0.27795179820217286 0.3287762046153969 0.40218266586561024 0.4103152898134941 0.43705726649431703 0.443006620182886 0.42210845882334835 0.46522741854271293 0.46150675946498143 0.5105807268136422 0.547436093673744 0.55614595046558 0.5392566983673344 0.5278504469831081 0.5203501836196504 0.5037199969892393
0.5161800798824607 0.5343202594832902 0.500916727550018 0.5014506965241241 0.49202332601839094 0.4975503823060605 0.507671929788507 0.4967360111429823 0.4579200836892824 0.4474958380320292 0.5058147727534501 0.5266277751209456 0.5099300540354532 0.499978191541744 0.5166038972812086 0.5257310370446198 0.5206877512269764 0.46711804742483476 0.4393468535399971 0.39130986634767095 0.3954379494339222 0.3381072709528586 0.3268159524089799 0.2949591755689939 0.3200971793502727 0.295415439462564 0.2866007332902487 0.3098994615135801 0.33095419295665884 0.4046355634198401 0.3934180876882161 0.4214807995993832 0.4246524329124058 0.4270873996961836 0.47256582083138987 0.45479517916504225 0.5223563978558673 0.5079400406772949 0.5376125363757481 0.508002296967455 0.5376732212145569 0.5171261476877533 0.5333505126609617
0.5148614552641855 0.5293513627601331 0.5154511397005602 0.534594622140145 0.5266730230945822 0.4682911714420343 0.5155613650555504 0.4900596313631987 0.4776244944826826 0.42647740908410736 0.5146234420840764 0.49534136931299133 0.5379554025413321 0.5437620749061458 0.5337530034956807 0.527072702978041 0.4769962105859028 0.4650929105361375 0.37831894285835793 0.3523709325824807 0.35402748639617154 0.30367847040961105 0.3319415994046024 0.31350540945367994 0.3188828751306426 0.2847792341210368 0.32665444044837727 0.29765913703273106 0.38036385343316564 0.4046675462733941 0.376137005936251 0.38684705233428135 0.4407858881790898 0.4746115079477326 0.43932899782753787 0.4487902347064284 0.5008394654900854 0.5558051413342326 0.5218712302887806 0.5515028527589758 0.5689593363194815 0.569044531262091 0.5685105547491569
0.5336150421085858 0.5510036122967789 0.5015011100746908 0.48825370476969854 0.4989542706097505 0.5204143528165541 0.4865360510919457 0.4740525213356233 0.4793047850972934 0.4816112976397081 0.5040842743461162 0.49536374793821497 0.5226903903153092 0.540625346081144 0.5450806874101534 0.4982352726459443 0.45659900106708035 0.457851137257519 0.384420176026955 0.32186635880842385 0.3279554012694876 0.3280589653562938 0.35632877891336895 0.36368138053605914 0.32831065230636325 0.32077212946038214 0.31135677077371565 0.35303371605148703 0.38450507908767134 0.39692574225766347 0.41895127014309547 0.42160482181005976 0.4114240204135988 0.4210419701949028 0.4780349817079435 0.5055105950999709 0.49249158430446116 0.5169589703857894 0.553065580402981 0.5338009877188374 0.5699344296466865 0.601969010436473 0.5954382444693729
