Raster_benchmarking/continuous/raster-379.asc
NCOLS 100
NROWS 100
XLLCORNER 1743157.5030738881
YLLCORNER 5469293.273134425
CELLSIZE 10
NODATA_VALUE -9999
[rows 0 to 18 of 100, columns 0 to 42 of 100]
0.16202508722393033 0.16841222925651692 0.15672565297870739 0.20105319850397266 0.22682898809019647 0.23891652889454157 0.24645233968449617 0.22011740274763053 0.2195199286365025 0.23147692672180342 0.20334080105737856 0.1929694471246185 0.22107270618674243 0.22005436214680332 0.2065267432031378 0.21046914526538832 0.2123924328095277 0.20584510425474395 0.21931133319877377 0.2246798788713093 0.2189432517181406 0.23994575103007013 0.27597581085899836 0.296962212544852 0.27939097315216904 0.2860442747466319 0.2873927648516935 0.2944504243186894 0.33118605344251223 0.3344090956921108 0.35585053868465033 0.37870960219530675 0.4089386177681121 0.40646985693534915 0.41050376740165023 0.45076717689753176 0.429499531083193 0.41778765799437995 0.4166645865732023 0.3931653240434922 0.401959752770878 0.4138300044100603 0.38679922866349686
0.15885684103901346 0.16140740903557174 0.14828831118223393 0.1853093781325425 0.21330477345325807 0.2107947973033401 0.2257254286065374 0.22007849087574272 0.21123629678605513 0.20322468576432468 0.2088334577508949 0.22418836955886934 0.2199982166463923 0.2290614034106257 0.19804925096531803 0.21378088649264634 0.22002841892338312 0.21332718169017129 0.21956438158983876 0.2533060165150284 0.2528453861885429 0.2555455527899792 0.2731536082872049 0.2698482089402614 0.271797260549483 0.3016041088063647 0.2922839158497172 0.3207363075278895 0.3522559567083138 0.3658404988277975 0.38967030425427235 0.3940650070697892 0.4025759533732717 0.43553934461233496 0.43527004128101665 0.42199434835032484 0.42673922630327726 0.4200703983222145 0.41499464001025643 0.400002493766781 0.40212124416039374 0.3934346477845837 0.39692426896273153
0.13650593310318812 0.1365026091485341 0.1621121436794037 0.15451576749210882 0.18720179935902287 0.21466491775190552 0.20962617911732365 0.23289299115463885 0.23038943029838782 0.20788040969281268 0.21051810845473173 0.22708196814932394 0.22080151946547322 0.21278495720024765 0.21986007944491281 0.20057439832711976 0.21336973734766262 0.22405600642827767 0.25839787401946046 0.2835271080422731 0.2739242551575645 0.2888081645397722 0.27191895394676907 0.27851809073652806 0.2911680604927155 0.29347520603495275 0.3001091522589172 0.33093014010475286 0.34295633098178413 0.3860685534343589 0.3850585217198893 0.4050798348078401 0.4141460565463603 0.43946773606832357 0.4237050958701972 0.42693524348845363 0.42794370785176594 0.46284438505038056 0.42868838026870465 0.4399315046009897 0.4311986355827005 0.40397518472758454 0.4083620408664217
0.1405680603955786 0.15603887066465133 0.14872532912034506 0.14047141825141485 0.18349178476164782 0.18401078941695478 0.2235041869683539 0.22492312766029718 0.21838452881408102 0.21257635180080964 0.21752775584105805 0.21898526947133448 0.2294804487758957 0.23946553257062822 0.22402001847290523 0.23331628094439855 0.2181446934531907 0.23529163343317838 0.2553213997563312 0.27149758533535084 0.2997902626581099 0.29652213899155055 0.28846482189045813 0.3070670546112876 0.31635078918991305 0.3249044226185577 0.3449482505212615 0.33145723896349305 0.354971227304614 0.38502284295865913 0.39286337198895843 0.389396006200604 0.416927188574167 0.44009649197343603 0.44507902984214537 0.4429577207948912 0.44679198817464355 0.4687873358271539 0.4488415938528824 0.4539917095104271 0.4350042312791935 0.43273689290490164 0.44060528252209885
0.12946051965440392 0.14658270928347628 0.12659434564581323 0.12346108480451565 0.15920648391764014 0.1799125369222901 0.21110241573202157 0.2080694404758041 0.21615410176057026 0.21280362265852962 0.22327633041213812 0.2534903851351501 0.244693070086715 0.22336487575369793 0.23098383596459554 0.2457775380361755 0.26171933008923354 0.25837696618339956 0.2528824590168426 0.28839798127502686 0.2984962819277956 0.28142311444031015 0.2934857711532777 0.29537572932778394 0.33697774518216295 0.35151570864368364 0.3334411466345309 0.36273971160818214 0.3824143544161489 0.3929541131194444 0.3901032648883775 0.3943802911508943 0.40699329067620466 0.40908841335718366 0.4237614486866891 0.44598267015384846 0.4579594813222714 0.4725381364538703 0.4498068030073227 0.46012494669036597 0.4706855325583303 0.4694174912331261 0.4481854828458888
0.1281304090497515 0.13563470694618254 0.12207920432350913 0.10772151676282204 0.12522736177687974 0.14811294148348245 0.1796086360982479 0.17544132121631376 0.17327714579036535 0.17417671824505293 0.19960516260761052 0.22473105763494383 0.2195020251045372 0.23839987719151284 0.24238864853156247 0.24464049547562394 0.2664203484644056 0.26796157738892323 0.2631316881247621 0.27051540841459026 0.29653887572312504 0.28689714147163253 0.2875160790329616 0.30653439355980816 0.3158102298021839 0.33970002873337213 0.3409492354705468 0.34155178066420633 0.3612443539563622 0.3909267086088497 0.3804600939822976 0.3924357271485195 0.3885061842072283 0.41648044116247035 0.4353002262119625 0.4360570761871497 0.4481794919066419 0.48040040619144203 0.4756632379286648 0.4716074557227658 0.46628601031124167 0.4790888748107364 0.4757989244216201
0.10894932243997117 0.08786899908449637 0.10853526759595775 0.0848770592720157 0.12216059360561049 0.12866203039805718 0.13561550648229817 0.13433781622555746 0.13816337120139888 0.16588507886218526 0.18538005714346986 0.18529927993296066 0.20743825314351658 0.21497828765900667 0.2404625363821057 0.26478878626833724 0.2684048109607541 0.23696724842332928 0.2542887297823308 0.2670439522399343 0.28261598205427446 0.2806196096870977 0.3106837789088666 0.32229729838789417 0.3131342024792987 0.34730457635932255 0.3582756231159122 0.3538213527938065 0.3557825881862055 0.3687122484535772 0.3935334699780079 0.3894323001947604 0.4061589884232283 0.420039661372844 0.43845197556788573 0.45735845016066845 0.44709135330681704 0.4668461027558893 0.47037101747645943 0.4725307285174918 0.4838545659205629 0.4542590144976521 0.48017169526505954
0.07479155741318133 0.06519235327107524 0.0931389039022957 0.07608925447602094 0.10704404391665492 0.14378269177622782 0.14036642249786752 0.13982078782720436 0.13620922506456415 0.1502723699436736 0.16897213670116237 0.17378217533595225 0.1994452523918565 0.2139348479089512 0.23892927841689038 0.24420342163804248 0.2645117278370291 0.24064919521846964 0.2463433303985298 0.25245685221441844 0.24158358891178497 0.2779625344096646 0.28645252386436154 0.3138451680052779 0.3311589005389863 0.340933901558463 0.3426553283972026 0.347913010276593 0.35965655697518795 0.3623570892786733 0.37569407877784466 0.3834658538849351 0.41508776452100815 0.42779247940159554 0.4614373554060485 0.4655482560653525 0.475598928858976 0.4530767298737581 0.465042710350666 0.4701193105712282 0.4769824854678474 0.4506858292037494 0.48165982203955926
0.07415153500270112 0.06616351520739855 0.0893236054990114 0.08441951238372715 0.11058730077031882 0.14024225204610993 0.14609837371594248 0.14625203544745996 0.12979562398987202 0.1366801225108482 0.13446547595115713 0.15093207408094306 0.19757059997982654 0.23033743161705658 0.24124822928353154 0.25878027458646824 0.2414231779739733 0.23862092093569026 0.23150428494291883 0.2336989734070454 0.24346874380059108 0.25286814903202226 0.2866540669524084 0.28647958250208905 0.30062917145046725 0.33091541852107387 0.323671431531232 0.3344573646780453 0.3480799260528857 0.37905313480485137 0.3863988067092751 0.3989759007215662 0.417820125044157 0.4543881891879536 0.4464048835945794 0.4703963504636211 0.47675442007315094 0.4562131393338797 0.45220832332742467 0.47323633500205065 0.4738969761490565 0.4580082712164184 0.4838457117696838
0.05631185376514245 0.06246260018327913 0.06421061791708829 0.07931556825839342 0.11644987020331136 0.13841454173903273 0.13138966606500874 0.13090426959483636 0.14614928026442184 0.15614904752023012 0.14939656741969956 0.14575992173056396 0.1683886130091072 0.1954751990657149 0.23903266676391263 0.22608300532907596 0.2511119109163112 0.23348044035600812 0.22469477421715056 0.2276355884506356 0.26061217174716733 0.26185885623487604 0.2753306152103838 0.3071769183591439 0.3084616158112883 0.33726501595639335 0.3300851575829502 0.33620344284900416 0.37536679763287883 0.38382496389337284 0.407647879414483 0.41179760590976566 0.417359416015908 0.4330703908694737 0.43858570354114296 0.4643283793041391 0.4747560138883982 0.4802816609164668 0.4689662412683723 0.4690349943516392 0.46001991514888646 0.4544220085417942 0.4913323404461413
0.05821049729985017 0.08519201247611886 0.06922430755773083 0.0853962238949244 0.11410643433102775 0.1290027599431386 0.12127897388717042 0.1408497739342981 0.13512409015736518 0.14706547852192203 0.15318814789686597 0.1334684127282199 0.15673264382956373 0.20358479860353804 0.2057197270523771 0.20936634318505148 0.2297182275382578 0.22970211263224655 0.2194597094547247 0.24907484225066695 0.26815340447992575 0.25431108707716443 0.26463071766724117 0.28943963741439804 0.30802520474218603 0.350839358173651 0.35473459340646296 0.3518365574069412 0.3726514160606686 0.3871246650403877 0.41247936489067455 0.43542405663422384 0.44428573565896473 0.42919724140562493 0.4559565253869852 0.4678589531654052 0.4808229076581713 0.4876357065992688 0.48477030056028647 0.49137430885633004 0.4721338988986147 0.4727822792983242 0.49206250646223765
0.08537526351631512 0.09690268803655114 0.10159738330063123 0.10923359417393028 0.10280596674926608 0.1344258749031295 0.1431099662127673 0.136472718476334 0.13517518849001273 0.14950805012442822 0.14950077244646698 0.1333773236174535 0.15573701432913983 0.16831758603425143 0.20342596908282046 0.201971970620926 0.21226515172164095 0.216725900792414 0.23522383851432419 0.2431245649308925 0.26667481111875835 0.26730523191122757 0.2922274832392679 0.33250131038400177 0.35018898242085933 0.3670921804053645 0.3625142157473112 0.37647013661866885 0.38755635212140876 0.41753665468819834 0.4377398169147879 0.4532724520619611 0.46344400081690923 0.47096862564927816 0.45846385538343837 0.4696882468708576 0.45439772396914174 0.47843363734310257 0.4585748807406187 0.4775585869625662 0.45472360045071875 0.44434814997244426 0.4634788225210708
0.0608533528139187 0.0889486431730445 0.11305040339367435 0.10475745732720151 0.09472056772921938 0.11405594002905424 0.12603117700206493 0.12534291692099975 0.1485582482763302 0.1485133989541243 0.13146462900666878 0.1271957718416518 0.1656066108688704 0.16656498204400158 0.19718778658619346 0.17121514461689938 0.2023793463285552 0.21950553311157397 0.24176601664743788 0.23338139787326595 0.2726734987784322 0.29701568661519345 0.30874853625882265 0.34905644246348483 0.34751944655886724 0.38879398158236594 0.3914216595891282 0.3963343711541899 0.41453045858711285 0.4438503542642143 0.43746208469985837 0.4564422338538168 0.46723519899522253 0.47907043741429517 0.4496133533761119 0.4704103914818001 0.47334681629951153 0.4555419037728729 0.4689333034486335 0.43990533155161693 0.4513357649407353 0.4371699324967959 0.4568206440297202
0.06730060685234113 0.0754427055846273 0.0910768508460138 0.09338106887159306 0.085303783299257 0.08636569930948722 0.11843164951810262 0.13653625129826436 0.14662064060478489 0.13923586007706354 0.14518603770771854 0.15762800602300908 0.15620358458017275 0.18566641445360987 0.1941926918864345 0.2011328333954342 0.2085726399658912 0.23830949333218243 0.24590220452660044 0.2531041522170058 0.2650967876652142 0.3115455889333126 0.3185199610882955 0.3536341089340233 0.3629660903728544 0.3834830468662562 0.39276735590625805 0.3950374203747785 0.4087025346030577 0.44762737030578076 0.46600584879006585 0.4583915965138016 0.4750345082658764 0.4735060924454188 0.4527877551187938 0.46840190459795217 0.4652180148576059 0.465568339041151 0.4666729637563055 0.4659564591524645 0.4574167771290102 0.46803061203069124 0.44747407808469736
0.03780860407302024 0.054543719544584125 0.08238757800701921 0.05677058722378288 0.09261061592866567 0.09406676029599653 0.09814509921343569 0.1349243367592399 0.148050176229991 0.1351958259506173 0.1329562811617437 0.14618253657827868 0.1659309012848323 0.17706359207132863 0.2003956802073353 0.22046511489420903 0.2300457289555266 0.2419553361990073 0.2469522680261246 0.25250374757298794 0.25945140852992404 0.31258387707960983 0.31236303526795045 0.3177742632186602 0.34320734319271406 0.36681287370633725 0.38792854621652095 0.36875848277215606 0.41691339033857566 0.43293100809172713 0.44299580236687347 0.46453430393248374 0.460861539679501 0.4613418530292515 0.4605694427811826 0.467374411585748 0.4770293359918575 0.47838442141419507 0.47480832489329056 0.46203658161261285 0.44551340328475625 0.4700554607979473 0.4738561238659071
0.05179434060246692 0.05271790197543577 0.06675899332124509 0.05983857437783917 0.07650848287361987 0.09879749216942388 0.11120750670801338 0.11713145953910599 0.1246384271112136 0.12380617687971986 0.15728668069997853 0.16563841999603496 0.16913363016457914 0.18391850436589244 0.20213044392412774 0.20680298111504566 0.22780311598525055 0.24432680343583826 0.2535252627718701 0.26391937937809934 0.26856346066903475 0.28637940069528156 0.32069171389106294 0.32896086184053464 0.33327202068962447 0.3490797347731141 0.3738523552576317 0.37766623761916823 0.4002760216058827 0.4238013081700477 0.4464816867396303 0.4405201164981879 0.43925313514098424 0.45444963476261413 0.44246026577822506 0.4640033928369993 0.4739129359419412 0.4652221366016209 0.4748148474878413 0.47339651207952843 0.45418969040554263 0.4474707827149363 0.4614761354461931
0.05495377303088769 0.06157035957106623 0.04862444049577684 0.061346734447020455 0.08085652290012216 0.09287965303514326 0.10014882913577768 0.0729559407305714 0.12711125251621094 0.13571577723165645 0.15661475721441487 0.1819686600392158 0.19420024450863796 0.19251335717183812 0.20599024984488556 0.21540194316396497 0.2356112046547874 0.26923148437243555 0.25922367042318945 0.2665995856800091 0.27814301320277157 0.28512519006103026 0.29678323908092247 0.33124768065570404 0.34615863216886744 0.32589651101047257 0.3519015384649836 0.3880944674735205 0.3991630899301516 0.4318573893807842 0.4368159482186913 0.4280489111419414 0.436534506558133 0.45471857294083945 0.44911295468829093 0.4161810418755644 0.4318944031235148 0.4749453659514933 0.4751600629553562 0.4771216300105676 0.4548725930161501 0.4525555893621274 0.46833325726283787
0.05281951830958141 0.05876400347452452 0.0732016260175969 0.07490215346981825 0.08891199932171867 0.07740848273605375 0.10213284099227965 0.09674407422759357 0.1375693835018093 0.15103077733033932 0.15610389886932616 0.17568563699958037 0.17903114337600878 0.1893775483500495 0.2270490557327909 0.24049174290629138 0.24515680949892316 0.2763594230876171 0.2779170109501878 0.26624119552191605 0.2646569536369864 0.27506132853530996 0.3105221349736468 0.32963239215161183 0.33434501166105485 0.3481270465013453 0.3552934332623451 0.3741518356086733 0.39540311661054817 0.3935213662692459 0.3981651379960615 0.4064032978165674 0.4252545132931067 0.4510819081571196 0.4350170263435063 0.42812180062100325 0.4265526745688282 0.46065886542068135 0.47311644998608293 0.4463315718464025 0.4507790569989914 0.4489574231886294 0.47043042561472326
0.04949504078027309 0.04332413081624549 0.048685068057275724 0.06898256667118394 0.08551986086116686 0.07459835034691704 0.1183889356047622 0.12702581396556253 0.15480491824949885 0.1651450660954676 0.15503459938658837 0.18579715196271898 0.18779918131558576 0.2117872792800928 0.24245444218024312 0.24621181816746915 0.2676890499131094 0.26570653494101854 0.2752566408194025 0.26014847851546086 0.27160810737797686 0.260607547067905 0.2796984401968039 0.29758995814859396 0.30597951738598517 0.33301090052858134 0.3650432699196043 0.37666669511222767 0.38671670082046544 0.3748762415510131 0.3827018682286603 0.4059588148920261 0.4343251577933178 0.44424006589796955 0.4230750278762031 0.43249905941124683 0.44551920329516786 0.4437266197648258 0.4639546103064934 0.440524742433518 0.45956567588335023 0.4545105027978052 0.48466578768079305
