Raster_benchmarking/continuous/raster-358.asc
NCOLS 100
NROWS 100
XLLCORNER 1743153.5405702803
YLLCORNER 5469285.141225947
CELLSIZE 10
NODATA_VALUE -9999
[rows 76 to 94 of 100, columns 43 to 85 of 100]
0.25885355824144596 0.2300821813024135 0.20308227404281082 0.20909805844984936 0.2221412181066811 0.23242794752693197 0.19949536090194353 0.18775653750682267 0.18414924951720216 0.18830558434306033 0.23877505905489882 0.24695858749412017 0.2730034089506075 0.25977381794959603 0.28023189222106387 0.25646285943347624 0.22710998484118278 0.2232844393672689 0.2083914667589431 0.18955041784936966 0.15576648973854307 0.14026049761218295 0.12349510898309798 0.10203012416557893 0.0990571617958493 0.1291388889658763 0.1194418261061662 0.13518471728131803 0.1387360074692995 0.11581767068909272 0.13213349081847575 0.1333059571396948 0.15341702518503034 0.1709045403955087 0.18827031884334375 0.22785783625123257 0.261500144465052 0.2654628173653291 0.28615504330569513 0.29425740105228515 0.3177405133991896 0.34170431297190274 0.3081908276586915
0.20017594605944544 0.19477953110788074 0.19720717164705492 0.2142361004834536 0.21830153714631587 0.19039619929489676 0.21049116348649868 0.19452322206163955 0.16238842258774983 0.18725523838171323 0.20131188157261262 0.22097307983494932 0.24726542013464733 0.2246696659397088 0.23476774828676852 0.2281370241415014 0.24344330312480447 0.21117977272181637 0.21063837767110252 0.20568458550471072 0.18387667392186124 0.13924489019448472 0.12060983961654696 0.07976121437715233 0.09226388977815346 0.09900852688779391 0.11369684036816671 0.11532862016499326 0.11676150542137763 0.1257916971718774 0.098815457022422 0.10461933195815212 0.128145258904178 0.15124649215744695 0.18219126452788775 0.20361615387302867 0.26826753782918683 0.270556016761278 0.26523861950803457 0.29274637602392867 0.3124821636969922 0.3040042763379669 0.2713768042521917
0.18368666399259106 0.1843404681171721 0.20106701933530427 0.20896792925522284 0.1943146579235653 0.17232222015376175 0.18691497669477541 0.186384949872413 0.16280528622657903 0.13880463774905863 0.1587398384379108 0.1877899447358933 0.1852910943239793 0.190620687842904 0.189321308885247 0.19549797176339764 0.20176372807276685 0.18732666276280582 0.20220936780864862 0.16278216760322226 0.12728222812187667 0.1269866309619882 0.09316219026538029 0.08742651734013289 0.09018080399010957 0.11250944903332016 0.11182926576144676 0.0883740545074998 0.07688832078675069 0.10691855430621894 0.13086819656316914 0.13730792162462452 0.1290001996412311 0.14174214293392381 0.15378633828966518 0.2108738461327422 0.22810350895204248 0.24030942333527675 0.2488098495123085 0.2831248481827549 0.2952964437693304 0.2838980555247951 0.2568190820120885
0.15678724613399356 0.1761077225835713 0.19351166505983525 0.20704545886741144 0.1742170458056167 0.18350694930091743 0.16879574461094077 0.16563655581903203 0.1279043935298026 0.1088003662242406 0.13100044165439675 0.13856021570236593 0.1493067463637417 0.18768357974284214 0.1652444715147869 0.19103190969143977 0.1851278451298017 0.16680653063380046 0.1841123535641827 0.1418597400758137 0.11670198646240915 0.12064561763362061 0.08527002570463232 0.10668221661966389 0.11177888798274445 0.09417829396946467 0.09815416424718311 0.07041578248778092 0.06921255170260732 0.08150208002711655 0.1266870153835226 0.11257546653019164 0.12136414531230579 0.1488496237294497 0.13180193041475002 0.2035267746299337 0.2104876517076948 0.2192552650392715 0.26687472519006167 0.23422045246056117 0.2394426059204503 0.2661373237300961 0.24543477067155012
0.20063833449042826 0.1971436160017562 0.20511561138911433 0.18379331793833614 0.17426501323938395 0.1690935269653799 0.18064490910018924 0.14912917587549648 0.1262227497492335 0.11915482915467787 0.13062161677961523 0.1278620783888258 0.16458618192935798 0.17364439150914726 0.1525220801669956 0.17127261426160634 0.14727306485725064 0.13684738292868082 0.1503907749616135 0.11269977410718335 0.10341299300246562 0.09041835677800854 0.08198350991631238 0.09619099510603718 0.1034290527253982 0.09012534208573537 0.06934047515313338 0.09012504273381987 0.09841481794117456 0.08642368564903691 0.10490109297670681 0.11944749631121511 0.11983635471457235 0.14232668276946514 0.1389415590438035 0.18317124124681786 0.21186799691120978 0.24065491096953187 0.24325367722551433 0.2265766931048212 0.2401142931152055 0.23743786939976103 0.25260972630902057
0.20920578213806307 0.20683541894435004 0.1722434202089173 0.16951153819747994 0.1613043971033453 0.15935401248705788 0.1630617779670556 0.14671310775441085 0.1425696457965979 0.14084402413221261 0.1241651620750282 0.14088757113743738 0.1636850486220065 0.16356880244632535 0.17204415223017833 0.1370318233099821 0.14456928540654104 0.10630491852510383 0.11472256204074362 0.08713684116891446 0.09169649957212643 0.09143944243038077 0.10174960180904806 0.09048818424213838 0.07798408391389598 0.08056148702553216 0.07118593850200278 0.08423805204832248 0.10997969568012055 0.09590887676218084 0.10259305185146747 0.09040395385229873 0.10632212534910335 0.1360941537900304 0.14296621180553387 0.1759027952330105 0.1694664562091023 0.20379315656342084 0.24303127206553174 0.24771927847812514 0.2367180873663467 0.24636562633534592 0.25402660149094286
0.2025658897674808 0.21043340571207197 0.15366260012132502 0.147300928970653 0.14836022830560314 0.1616681462050374 0.16173641207875103 0.16242821036913885 0.1259230071241905 0.1192752479426619 0.1333531730100578 0.12520333244424467 0.15235284217170342 0.15028634927352819 0.14326054011601466 0.12367865113019386 0.1131911336804196 0.10603189102832358 0.10370967504198857 0.07053160287538891 0.08428392407957565 0.05710635775628161 0.06170380756543876 0.07812987935405727 0.09350267691864886 0.10675528948901358 0.08052769415578975 0.08084811489309497 0.11025770912766374 0.09819524126253153 0.08636018410237728 0.09295062996666634 0.08358432892058262 0.09958841123894215 0.14473034705247742 0.14845071447900896 0.17494927830239526 0.21508193948148724 0.22588136014520804 0.23575071817669785 0.23154002089598974 0.25656479241692337 0.24763633443783103
0.23484967283287944 0.19159013338822836 0.16638587143532887 0.1592631855449338 0.12580435683012411 0.15997530751437303 0.152893620311146 0.12972923023717403 0.13936281622178134 0.13063730920332758 0.15361440790547534 0.12591490639607722 0.12234946936755518 0.12009097896495857 0.13469706265480227 0.13448503414472734 0.09001313939234268 0.10377796119299242 0.06549619265124373 0.04944022518628061 0.04638602449351333 0.028304882928367386 0.042055399717177616 0.0554966191229976 0.0842907929356237 0.11739497939177126 0.11489925669024952 0.08597834952821792 0.0828985314128534 0.08950243666416777 0.09887129218743303 0.07371221676565046 0.08340779979601652 0.1163925272976812 0.14536239367389273 0.1522101548263651 0.19133133042401115 0.23201545937808205 0.2499536948137343 0.22391737845433615 0.24813807037740526 0.2483482275211385 0.23182409401072146
0.23117468128819302 0.20088405465981993 0.18516660634331508 0.1654691996600991 0.16672392838596561 0.1688449545716641 0.1592680541824741 0.12130297111818622 0.13677584553617322 0.14229912405989376 0.1197221469129667 0.11499771477210378 0.10650077659183868 0.0936608829967666 0.12410130857276626 0.10652014218789331 0.08947353025988374 0.07983292838897385 0.08004089606930476 0.040225154364502046 0.046705628232686314 0.04274270600669138 0.0623387504841331 0.0508472824872334 0.09316258659094113 0.09826643991981658 0.11622021682964503 0.09294815741844031 0.07893536343695447 0.09790237091261164 0.10055368353938798 0.08099382585470392 0.09600766247126373 0.12584185595691302 0.13910960010204926 0.17073206742361535 0.17399667080613584 0.201976398454435 0.22525058114875093 0.22797466915129397 0.25926122843053884 0.25565540642730517 0.22703772234290037
0.25314989662913473 0.20552305321523234 0.20938406121220976 0.1731195766864547 0.1874476046439815 0.1515569223740924 0.1281628930986655 0.14224588971014834 0.13404686415076528 0.10669400388778022 0.10349597319946978 0.11139235174922926 0.08543693303150554 0.06696350853767169 0.08669000232673182 0.08034090457831038 0.10151950716768184 0.0975508777212085 0.08268201737437966 0.06192746976682479 0.04876660114079042 0.06217529393072522 0.03803819821485892 0.05665048425013718 0.08125343573762495 0.07418585582694547 0.08886706004343425 0.09607792391001865 0.059015771072764324 0.07564452636605143 0.09825341443918661 0.1052372588338096 0.07012596411447966 0.10413903839969048 0.16437852244617243 0.1637810894698325 0.1844661879720319 0.21951483869675917 0.20674266929100413 0.2578061359601766 0.2711133628326722 0.26911584065108235 0.24568601898462158
0.23895096149015158 0.2225352170998485 0.20434375045565295 0.192688308336618 0.1763146354304983 0.13632670906463357 0.13650039624323315 0.1395619443289131 0.13447786699342004 0.09624148566692498 0.0734254070210747 0.09484987370441222 0.0937778554090568 0.05297370499865281 0.05911247907561821 0.07547017498702918 0.04103787566982034 0.04809554567680004 0.05174473677140535 0.07463192929601226 0.05310694845273534 0.06103947904008938 0.0847515520364607 0.08080449730909726 0.08022077907373931 0.08742291018068735 0.10595699748677864 0.06150200527887656 0.06483013036473267 0.07922916722250592 0.0774248932669254 0.0940522428087587 0.0931502716947923 0.12658106629361457 0.16701583536388975 0.16407996067389422 0.18270879479113064 0.20827265515711538 0.2313382650765821 0.25338082896615954 0.2826267036647659 0.2617343379557491 0.26620133195323153
0.19706883050334506 0.18186909230227793 0.19998875766152316 0.17466159586926988 0.18775896938679065 0.15085547579857386 0.12496367418759986 0.11448164999036849 0.11236152797538433 0.10491450598549466 0.07032464644559507 0.0828870916295303 0.06310495468578274 0.05947040482954513 0.03803935154799086 0.033354661891738635 0.010716428187309472 0.06500061895321779 0.053135632130948844 0.0645071296606662 0.06928387684455033 0.08020956725397124 0.07631868220374112 0.06887959091727071 0.07219811698194918 0.06846560115657929 0.10202237093062269 0.09386343672074358 0.07713722534963756 0.07848918319649156 0.0972931896445305 0.09310904969583159 0.0696930722479792 0.11650612223040437 0.1588035849297904 0.18452204329396793 0.17766056028459432 0.19962458512817338 0.2190110283076891 0.26495144221858546 0.2897328565612097 0.28123520572208943 0.24688693856530683
0.16729731893052505 0.16373786141793625 0.19446363682514733 0.18906719226122537 0.17569385339965657 0.1649662014670577 0.13759113202301904 0.1350111087882242 0.1260972762630194 0.09766379591213707 0.05921430968387449 0.05455394444483202 0.06876637763865226 0.05151217904504788 0.030091396578225935 0.026746296697070356 0.05862883029803169 0.07655078697441177 0.04997329649813814 0.06396168208135658 0.0768936563303391 0.05863884267560047 0.07872145852648291 0.06275434269808462 0.09152890666688054 0.08784492238832076 0.10177476873814904 0.08743193220740349 0.0905847075526407 0.09080818604976716 0.08091125010356266 0.061411691408753216 0.06763368497397054 0.11182977586392785 0.1298206624336234 0.16657078733247366 0.19387629831344286 0.19365361799660497 0.2322689079172593 0.23226224126657855 0.25412784702755115 0.27385659527022815 0.28246536204453004
0.14362454620756257 0.17236008946834183 0.19066959309271822 0.15943970488891956 0.1702715782633141 0.1296163133160271 0.1329802077243521 0.1189528260720408 0.10817720415021725 0.10975899669915132 0.07714521923058516 0.08019866227223664 0.07111625154595268 0.06482810800738441 0.05196235676494143 0.07765058245544454 0.08540522573779595 0.09817077625292547 0.0829084978862609 0.08946178673914396 0.08904905829259095 0.08441230443277974 0.06294823252695189 0.08094973894379164 0.0867271840442222 0.07589174237751413 0.10719005474400309 0.10066549402352085 0.08075621595525245 0.10338495380575724 0.09134967367568639 0.05876682426846914 0.056080862682713735 0.09658604561155645 0.13075490641205195 0.15950138234943473 0.19594976541865405 0.20440698322988077 0.2064564984276264 0.2215471026269952 0.2219794961941773 0.2340973764196316 0.2725559068376322
0.1680569562935678 0.1592658410886437 0.17606582773540727 0.14183004533084215 0.14275408645062146 0.11073486993496154 0.11494326573737602 0.1384290842547373 0.11161660195706417 0.12095297852240762 0.09496421224218991 0.05677730574519376 0.06473145177734663 0.06401673342447661 0.04758735785360264 0.06251528697422355 0.061874230135796064 0.07810702067259133 0.08009117067268753 0.09361168115458243 0.11099566436965266 0.09447644955325843 0.062049573358722875 0.05524708936825358 0.05450707715652425 0.07601269434488754 0.09962103826967288 0.08438296114485236 0.09690043056537719 0.11258727573321059 0.11220173525371552 0.08882119304083992 0.05345898869026006 0.07874702895754619 0.10831234825996496 0.1239872010025029 0.17529158385583027 0.18784384155463804 0.21546992509492827 0.22046226782683676 0.2374211522771267 0.2274539280778359 0.223889783083971
0.15974725911149318 0.1487357701985019 0.14545902659861304 0.12133192782404617 0.09846857687623208 0.11000972749193533 0.10417482705514251 0.11384140222148542 0.14088957323827977 0.12676287581135856 0.11396234626272665 0.08360001653176338 0.04716317872687664 0.054119292779839366 0.07971442076573197 0.10102880150969328 0.10258721817566999 0.07037501774652667 0.07134498153987585 0.08485605715289785 0.12310056877119163 0.07527808827146873 0.0610632117186647 0.07077895619406609 0.055292140919283396 0.0695476781384596 0.06473436850458604 0.08966866724827657 0.1123611522557235 0.11255930943633523 0.09230000555221833 0.04919948979144457 0.03863446672302116 0.05492420760901755 0.0699177024134121 0.13741444241810813 0.15589670269580877 0.18288118704604814 0.21697287011409033 0.21090970794841948 0.2087888249581224 0.2101036320442839 0.2288708452801878
0.1503736811182424 0.1377309140401278 0.12843424559776742 0.1120147855989961 0.11016046882826935 0.12748866695511646 0.14197716027351318 0.12583032949462097 0.09996676655857034 0.11094415647436093 0.1052627736099616 0.06470074456940746 0.01994278465823226 0.034882286039321905 0.06546994222017175 0.08500009786348335 0.10193961138046664 0.07448132549583254 0.09365991765605969 0.09449788966150081 0.0789599446606765 0.09152193351018151 0.0886230018280368 0.06643324992274184 0.07468819076659271 0.06719190631179345 0.09141295491012519 0.09617058827107468 0.11544244350607086 0.10907918293825794 0.0785390438171538 0.05594306276840192 0.05005358681358576 0.06888256924996765 0.10726182330238089 0.1213555163606336 0.11639673249065455 0.1531567814689137 0.15930398211894972 0.18791181201016116 0.19513383342503007 0.2145768439598397 0.19805664741027934
0.11592058357205974 0.10505299142781963 0.09540426684481762 0.12647950383309728 0.11624583455632276 0.13634121468501478 0.13973233466940385 0.12930552751274146 0.09289741851728593 0.07557696835597051 0.0768480858598131 0.04831928502300449 0.01661111874707677 0.05278291650587345 0.05633559083465582 0.08405075878619193 0.09847012141535987 0.08797750740190947 0.10074865144508896 0.10593908833271358 0.07743180638090745 0.10956636221088242 0.1321953391100024 0.09556922783275532 0.08734314827887857 0.07599363660292852 0.08178092745344052 0.09481601953302295 0.06528075102038979 0.06950510570027446 0.09430256249716468 0.095309273014631 0.07388969429240057 0.08172789995762754 0.0872257023424056 0.0992827454719351 0.11765128769832167 0.15854939905816706 0.15685280526645756 0.17378126364405005 0.19962679601656286 0.20023349824373965 0.2109010108657554
0.14085590398900544 0.11421352003108629 0.10696407804585856 0.12345525517937893 0.11081590180024613 0.09476873475436777 0.10366562055165944 0.12057975007064879 0.1166640620310598 0.08287418468971748 0.05331586044511277 0.046731577454646726 0.02739284402419235 0.04322136924630854 0.025472625687175152 0.04357623478503495 0.0801571907416017 0.07497800989853383 0.09413680446670122 0.09594371600538867 0.06878756155570576 0.10991005336115993 0.12245670737070452 0.1331482080201661 0.12079361476318154 0.09102193398057412 0.10281471884573075 0.07845831686082862 0.08011470431608607 0.08656643679375504 0.08180513474491576 0.07380021100103638 0.07752182556795721 0.08247525015313831 0.0993347758420402 0.12464385367603363 0.10228853955780164 0.12904034930289318 0.14975321997098748 0.18963841370716691 0.196860506082911 0.2077266974946489 0.18425832227961267
