Raster_benchmarking/continuous/raster-364.asc
NCOLS 100
NROWS 100
XLLCORNER 1743158.7388126543
YLLCORNER 5469283.8487440245
CELLSIZE 10
NODATA_VALUE -9999
[rows 0 to 18 of 100, columns 0 to 42 of 100]
0.5561161299340817 0.5506990075093102 0.5261388872804855 0.5128667862621092 0.5575592799447388 0.5236043577596085 0.5027965924294988 0.5444578411198362 0.560466349454441 0.5438120141582963 0.516085938872018 0.4751639260441786 0.47245150040733136 0.4654929049103894 0.44241293940403 0.42488538199454357 0.451976560942538 0.4255887445665141 0.4494039451012981 0.46033284600139096 0.4478148633614021 0.42224097328291926 0.3610052629136177 0.3595409995056571 0.37455216929706 0.33282555709180417 0.28536795526617603 0.2513292366927063 0.19988097391503734 0.20555111350846422 0.2058711019167731 0.20115478819060909 0.18471564685048208 0.22171655026482814 0.2061069159251757 0.24860087495098251 0.2386767389350834 0.21285347321708767 0.21972521857509386 0.2426621928692019 0.2260738890684288 0.25439382575793024 0.2724607164754569
0.5537282057522999 0.5814294492727904 0.5722188714703961 0.5504777380795238 0.5313845297614325 0.5323448156675462 0.5383383795122775 0.5748824122592038 0.539980908256143 0.5240411669258347 0.5275066250829256 0.4821691880674874 0.4676043793798783 0.4638405026745807 0.45083116860833156 0.4420446320755072 0.4397291169345594 0.479035677320199 0.4558253800884396 0.4566446182123244 0.4088258204631372 0.3957006866677389 0.41139796843924287 0.3899936770442398 0.40908819068739144 0.3489177579715151 0.2998132834034953 0.2562166252921008 0.2354356392026493 0.24515205082852123 0.2589212721665358 0.24126490437091333 0.20625599561994196 0.223990989283165 0.2606799394534897 0.2673437306908974 0.26952569127290793 0.24600533710251493 0.231921959713867 0.27662296208030385 0.25035860474339455 0.26355160889818563 0.30311640995641975
0.5566099344851002 0.5789451420926907 0.5909713679462664 0.5731735632796322 0.5836719418568237 0.5512581141907288 0.5676548175117719 0.578316016202511 0.5763135961189177 0.5383936008085222 0.49730119006617524 0.48048614414564533 0.5212812811500975 0.4783870587602728 0.492474973136179 0.4381095601527918 0.4426793609657173 0.4586658910074383 0.48153104903516725 0.4608004831369358 0.4358702583040514 0.3986606915752302 0.42058078180537745 0.40589041103168855 0.4232462435832254 0.33762662299084695 0.3041549884719415 0.3084272912772239 0.2897945427516769 0.290405222053766 0.28685060301217796 0.2454174199248768 0.22594264551632917 0.2591864980106458 0.28421293558630345 0.26983584224758583 0.2637151763003342 0.2767901792670335 0.29013646431258167 0.2672010192174375 0.2795114740686634 0.2578837054262397 0.2986540743725705
0.5875174093359699 0.5875470726391652 0.6126529212935204 0.6039740743388464 0.6063399846728693 0.5837194846297017 0.5929327595500188 0.6079789499521963 0.572800699440552 0.5461829935194056 0.5139268391268056 0.5056359229593991 0.4867403827734974 0.49299147410536814 0.49624281132151393 0.47796453721137716 0.45759075280572914 0.46170711478856086 0.4811823329956674 0.4973247573646969 0.48086937847983263 0.4420387329967711 0.4342545740583969 0.4050099080803495 0.38480622873421894 0.34956999496421354 0.31143416655746664 0.3171444182478524 0.34016072747495635 0.2950967724890324 0.29679044678478056 0.30691072999559366 0.2706155833164855 0.27269576031499726 0.2812435919874445 0.2911892862853093 0.28820493040272316 0.27419265153358835 0.29462565990466755 0.2676106201366274 0.2758941123355533 0.28599233886163716 0.2632247453032271
0.5943486818729562 0.5994124512750391 0.6391179974049284 0.6176234996251686 0.5809308170043124 0.5753922389059183 0.5965558067940264 0.599379620230377 0.5966799189956011 0.5763123801646549 0.5381732120200592 0.5164230265714684 0.5154213308384094 0.5002639644848115 0.5232942204409968 0.4930525122691877 0.4874659258213776 0.501106610216956 0.5303101934981862 0.5072444150821884 0.49847230810579907 0.4441476951296323 0.46074086491912836 0.403044454452166 0.4093167483967561 0.3694891720433092 0.34107181616991805 0.32591344251028287 0.3580647090943022 0.34613233423428513 0.344267376117647 0.35386156748970043 0.3136273592910231 0.3061116070486261 0.34509011995345906 0.35132720117819277 0.31361206544392806 0.3258010838616482 0.28258422915161663 0.2766371920938236 0.25808003298722765 0.29154926391383984 0.30259886671367753
0.6458013997264783 0.6154502628920562 0.6437673929757012 0.632706832624935 0.6330964219513526 0.5867999070662193 0.571922844702009 0.6095694670983053 0.6268050235638624 0.602906082574756 0.582330632005383 0.574920424802781 0.5387513198361045 0.5535492067854493 0.5326198063611007 0.5565902068740874 0.5210690015633341 0.5633621112855087 0.5577181751339944 0.5418343089754141 0.5154437552490753 0.46086961056838266 0.45380750641793977 0.4157647181786109 0.3998224338153687 0.37341436156451563 0.3988215002813182 0.37727638151921145 0.3627422151006892 0.36075087703226905 0.3462029505453304 0.35279350809828 0.3551374979637789 0.3709637981303867 0.3807717925721346 0.38061764926219094 0.38112047858293563 0.34111408112892416 0.3204976501585119 0.28792912024992406 0.26965209842920035 0.28440868513248385 0.2790131870157774
0.6898391575610079 0.6605671723176652 0.6290921618225169 0.6642140579081891 0.6408456623046439 0.6187310609074903 0.591324452200405 0.6146034901012092 0.6007049264157752 0.622908811955716 0.620174108211883 0.6099421045832597 0.6104566305294497 0.5831425312455119 0.5613489394962681 0.5887256696325671 0.5772638118038818 0.557117151258035 0.5603044627157615 0.5618711278058046 0.49753234444186134 0.48719968347423215 0.4337603588525871 0.4430901562287828 0.40747788861769235 0.4321221165372948 0.4285417251353202 0.38370684777209474 0.38313211533264346 0.36619819945729676 0.37921485694814705 0.3669419449302574 0.347742099827463 0.40511424900787707 0.4140546007253834 0.4153164245264543 0.4080018400536851 0.3749662775921469 0.3261585660070435 0.2998787332086233 0.28258483661741013 0.32383368966923204 0.3440226704990435
0.6913655837423679 0.6917310258333689 0.6859088167679172 0.6965237717379233 0.6906035475251077 0.6428246372980233 0.6172047540015256 0.6259650272550203 0.6380728457806226 0.6078679322096011 0.6023727385645546 0.6393069890076746 0.6123927283832603 0.6281473034004745 0.5822248959007711 0.584009053425432 0.5541089300449781 0.575855613984112 0.5481285306242418 0.559919985860786 0.5241600983709945 0.5294162472637913 0.5074974274683037 0.498170282020591 0.465451993783301 0.45925293132864964 0.4390320629801047 0.41868620075917384 0.44108747279968247 0.40287150850418735 0.39831035140690135 0.38697045521045775 0.3807445499594961 0.4144220615317856 0.4340969559275273 0.42578832494955093 0.43683318806368404 0.4053186396450617 0.3538520702736457 0.35552325010605873 0.32290384205830736 0.3027982815265894 0.31727452633071324
0.690388613641431 0.6886100639569284 0.717077496892323 0.7040415165435359 0.7265682705091155 0.6612020984025218 0.6759693233560835 0.6673681755079217 0.6259882466990854 0.6475601984370903 0.6200348434377939 0.6366756772568264 0.6607388022156709 0.6309473710876823 0.6468576040882781 0.5957490945693678 0.5370455877983369 0.5709081322567827 0.5273044345914215 0.5481004838504885 0.5684413371932737 0.5408176323829593 0.5378230186224878 0.49208375712386876 0.5107849713942607 0.48583883146239903 0.4415483804553477 0.46980188686951435 0.45948722783391194 0.4470622758205902 0.4423136745522406 0.4461559265971275 0.4465133852484291 0.4535353617101449 0.4825974752580619 0.4714773930588042 0.4735220029474462 0.43197662181262636 0.39269270563099523 0.3685853932886577 0.32122820932196877 0.34595246422508413 0.33784304732891673
0.6732716842047163 0.6962648405637847 0.7175987043113707 0.7232506253989783 0.6887325925750168 0.6902290245083879 0.7039107533905643 0.6816388383067075 0.6867239461110383 0.6643227264374987 0.6687777948456435 0.6494609144913891 0.6398913960858702 0.6380582606494664 0.6175117587259663 0.5972579540247824 0.5740567720374525 0.574322132687232 0.5456203934119045 0.5442239598470894 0.5362180167826911 0.519601145467068 0.5329063800126304 0.509905783649345 0.5271394055430888 0.49019802521209527 0.5014733030418471 0.47696607610165287 0.511053413311918 0.4946341047186125 0.46864425081628497 0.5077418177583821 0.49615381694641686 0.5163157125518876 0.5000468373769572 0.5221734034354204 0.4693934954108746 0.45515151570690904 0.41627714136341243 0.39755632800751817 0.38487776556723646 0.38157827951191764 0.3713278205933218
0.7017873773312543 0.6763369200610355 0.6876455930440231 0.698076664855232 0.7135533789392198 0.6954809878255528 0.744045612257936 0.6970831536654343 0.7143995896836927 0.65899764787829 0.64632520968094 0.6470448150272592 0.6846998753621816 0.6452566000734935 0.590457783190269 0.5830553023945377 0.5580421794812356 0.5895606029450127 0.5925887456013397 0.5841216255427363 0.5436501131432175 0.538007334594115 0.5044564801148496 0.5333004898465529 0.5525868004503205 0.5271827736099403 0.5460702388016729 0.4939932329758711 0.5405794907561505 0.5244531034917508 0.5297170745145859 0.5388605249794202 0.5155994695764441 0.5121924887248214 0.526807789098898 0.5199583661137782 0.5103585929776989 0.4674052275190934 0.4401979345040041 0.429140969522657 0.421334412610269 0.40726823742753004 0.4064685802021465
0.682788583162991 0.6864201109113037 0.702190427839222 0.683355839136572 0.7125995404523686 0.712646476045702 0.6994403515632042 0.7268250959290956 0.6993931917801353 0.6908947537406616 0.674639703378739 0.6608095458628767 0.6564243940488214 0.659302430417289 0.6365922762670928 0.5734010407913104 0.5777405198436912 0.5874865211448322 0.5614767032427934 0.5655833843416724 0.5336765724826729 0.4922496862950054 0.4914776341974064 0.5077167554591137 0.4954631240385193 0.5019625586051683 0.5131553677580488 0.5116185518817021 0.5412041290084659 0.5466851078979549 0.5326486851985732 0.5232767108477273 0.5510830481657583 0.5490756014568211 0.5228699178920138 0.5119202825510482 0.5007712664871016 0.4593564596807716 0.46106777743426347 0.4386644469708473 0.44680080828898433 0.47483260828548585 0.45747178539553124
0.7222923985505507 0.6724327467711692 0.6768578739796853 0.6670128587770454 0.6795603924199143 0.6873854003630883 0.7163516486036832 0.7212547688103133 0.6766823156781713 0.6849676999986942 0.6716043637706848 0.6584736410799217 0.7018119316508168 0.6548906933786989 0.6437835182458481 0.599182774526342 0.5439995151424515 0.5589011265083879 0.5700395143742603 0.5287465123996793 0.5008621668152579 0.4985963685554783 0.5107465472038053 0.4731463291062031 0.4635784128800677 0.5152333865251075 0.49748609590535264 0.5236199160068761 0.49799602850389185 0.5554028969474204 0.5446875801914692 0.5394282203765053 0.56670858273363 0.5680863771501823 0.559931311364163 0.5333604208765524 0.5205009011634516 0.46776855312688354 0.44946180260956925 0.45129167026661354 0.5063987908724735 0.471120623325671 0.47645421356887213
0.6851067835406662 0.7077283914556075 0.7017852526753172 0.6620950208545784 0.6905031872121111 0.7045184117306142 0.6984714141165062 0.6663581188023118 0.6446130654539403 0.6434726360844808 0.6732977704975114 0.6874897750347236 0.6667306803672349 0.6767841508898766 0.648876276546655 0.574611507545085 0.5423509128724745 0.564542432560714 0.5574546002684488 0.5334901451495893 0.48633307491258365 0.48712377919127914 0.48638837685172776 0.4865993664311666 0.48393721638123116 0.5198514075140778 0.5519447963390391 0.5380717031850947 0.5264509280003713 0.5500357493744035 0.5366767348244973 0.5291241480394465 0.5605372255711079 0.5489664806512092 0.553850570754029 0.5571150730812963 0.5263791343489712 0.5115361392139333 0.512241948388577 0.5126673740202553 0.5078775023692577 0.5220531149181614 0.47303131489258965
0.6585889111997174 0.6596600205621511 0.6823597147710749 0.6638009620364156 0.6453860206854083 0.7079537381083856 0.7120360797120485 0.6874544272599887 0.6362760961469498 0.626841766055056 0.6330554251375871 0.6388925152104776 0.6754079218746539 0.6616300064132407 0.6190605947434975 0.6126664004423081 0.5728741909162431 0.5564211236394938 0.532493226048959 0.4961475848493386 0.4909025319749198 0.503294909029993 0.5424667756557681 0.4924382488953977 0.46714528526458826 0.5068785982854208 0.5606956036913062 0.5721235632248098 0.5448953356991332 0.5599661514988391 0.5217034218628651 0.5423254858336252 0.5432612924072565 0.525320141505087 0.5489712976335231 0.5389693631749347 0.5121688533145644 0.5075906028636447 0.5039670862504548 0.4976926491995042 0.5263077342536787 0.5021225774503515 0.47667673716139297
0.6929202614753878 0.6886590365769752 0.6848426238637438 0.690649567368006 0.6741660023281838 0.7224598797076213 0.7061401875448868 0.687674541474258 0.6412558339461957 0.6507415427424188 0.6408495734006991 0.6532465497791764 0.6893014262153708 0.6873586581930382 0.6394168103149075 0.6294372359774009 0.5979625118829418 0.570806519034987 0.530175150840885 0.5059509676717369 0.5210386281549658 0.5470741433129505 0.528056545067157 0.5388590019644655 0.5222602745698096 0.5463711233661613 0.5872343303394444 0.5919475678935492 0.5677730768331095 0.528939423181726 0.532826001948341 0.5167116385623991 0.5323604493816545 0.5309716991521113 0.5397289726453351 0.5221250437772325 0.5116312033148953 0.48037291834467144 0.5045470105832305 0.4852493351719148 0.4881675463087555 0.4898106975585781 0.497069091673126
0.7724376632710821 0.7331150111660107 0.7446633101114564 0.7232153435387496 0.7201854274848343 0.7407938585810455 0.7190174001686387 0.6910455392212875 0.6780246556179719 0.7019946652250392 0.6764261538216522 0.6596884177614554 0.6711563648159943 0.6894371626457649 0.7012024308939081 0.6586645573367724 0.6035654732347366 0.5609423034856216 0.5457176570420639 0.5649555736472717 0.5421387085881847 0.5194190798541028 0.5384741925915355 0.5158515928662148 0.5150712108481753 0.563742446922739 0.5745623743597797 0.5589696950574371 0.5840376159451022 0.5331435758713999 0.5284200686156452 0.5392580309363426 0.4953727533683754 0.5007957891765406 0.46957497050933755 0.48574638311346185 0.4821171787022835 0.48624710461868453 0.45598675683364054 0.4608354800786949 0.47297327331182076 0.47468689657646246 0.519932165569876
0.765571143312903 0.7588168373613883 0.7658261859600781 0.7502498218470818 0.7380378819963211 0.7543503072066995 0.7432829288760491 0.7412313126233551 0.7365834419569272 0.7322450465256355 0.7247260175606985 0.6891465247664059 0.6649920053770504 0.6768053749574551 0.717748878542302 0.6663984533844602 0.6374906819737276 0.6033641197914639 0.6184725171006881 0.5884732757894583 0.5456731469216763 0.5540800516509127 0.5324990512884125 0.5382344995398162 0.5403982562207628 0.5373939289677347 0.5604412413802258 0.5610371807499582 0.563203811823258 0.5650090969573937 0.5297792393020392 0.5127997904080577 0.4952653670604447 0.516400134698281 0.5005848232229947 0.4706388780095923 0.4392904599358117 0.46125113158244235 0.4700105669640684 0.4721461743649188 0.4764784067573761 0.48145701921467937 0.48306092131850914
0.8114702226395871 0.7913383415713852 0.7562876191941205 0.74197678917662 0.7804235659926962 0.7718040121462368 0.7154415640826279 0.7501292635006194 0.7705856114428868 0.732253804697814 0.7216059054324112 0.7038422682066939 0.6815349460517389 0.7027082732797936 0.7435958473997101 0.726864657199538 0.7020212719127517 0.6400703722172975 0.6385737159426188 0.5899714605065968 0.5585138711044942 0.5744985068676745 0.5238086932029007 0.5223554224602727 0.5652052426982627 0.5511464497670902 0.5910027613941181 0.5575474722281821 0.5552174284747285 0.5494454518818038 0.5248817669095761 0.5087611171921964 0.5010623409797449 0.5247751660307346 0.5121435175455167 0.48826864444503837 0.41486848778036145 0.46438848950828837 0.4445389457398519 0.4686599424634164 0.4807130136473047 0.4654139178423863 0.47765479966445024
