Raster_benchmarking/continuous/raster-198.asc
NCOLS 100
NROWS 100
XLLCORNER 1743158.7640966293
YLLCORNER 5469279.622783097
CELLSIZE 10
NODATA_VALUE -9999
[rows 57 to 75 of 100, columns 43 to 85 of 100]
0.4662595983052024 0.4381833160841589 0.4586396184182956 0.4711724411109376 0.4616916708175466 0.4350314922591593 0.43812806855215447 0.43233125099753034 0.4130637439458039 0.3670923123240382 0.3494647085728982 0.35884187082862967 0.36881445853928396 0.3666871682877697 0.3837410523417275 0.3634377081523228 0.4014571987210839 0.3731212457440762 0.3753803678930843 0.3226584849454046 0.29837690240277603 0.311650829097651 0.3019712770423225 0.30168843326109507 0.31926101157045506 0.2951741472865704 0.2690944323734502 0.3219383034370873 0.3274295702808987 0.3187208681525598 0.3009500463291706 0.33966528464311346 0.3682829560219669 0.3921754360795759 0.3845409771484161 0.4095063813250307 0.39588702385118074 0.432237967699722 0.44603154285604396 0.4550917608850062 0.4508288137153308 0.48582281339465183 0.4802609305548396
0.4394613702940774 0.4403232162731864 0.45402212218744553 0.43716215096143246 0.4224429002448593 0.39932121679883154 0.37905783628936024 0.38676720228144834 0.3916072855858601 0.37020300144869994 0.35689946101000175 0.3592464382812302 0.3571992484686652 0.35944656247621587 0.34861683966866786 0.343849524542838 0.36809806124658095 0.36104794423794917 0.34534874133765797 0.3047695900175845 0.2784648385390809 0.28176472770833166 0.3129759454646913 0.2909367813259271 0.31084111298551736 0.2795182149743926 0.29424072517187466 0.30890452890966175 0.3102067690812743 0.28925237281659044 0.2975772041211334 0.3400772489555316 0.35614059561791545 0.3691143297695919 0.362278803045118 0.38657858132666184 0.40981518250338417 0.4403678037672986 0.4390873296471262 0.4601376626386745 0.45163536076747124 0.4808330755340881 0.46867040691784234
0.4305544812219845 0.41423913378763116 0.4343483978099663 0.3914765382583076 0.390792313123205 0.36613064472181367 0.3646123007827954 0.38030052668518377 0.3742311326632642 0.3541901570439417 0.3309072043526878 0.330498427440132 0.3312532549880129 0.33041950870137576 0.30857653589590783 0.3126670870325848 0.3300292566110215 0.32615061544138996 0.32047431367961354 0.3123704669873584 0.2821733310869112 0.287164441800744 0.3060670388242674 0.27300748831951666 0.27975088475321785 0.2739239357124794 0.26585026499402814 0.27940331640844096 0.29840255809518124 0.2904165638370951 0.3013265040752001 0.3117743620779163 0.35629055796782094 0.33876284529837447 0.3326690365597802 0.3763149129199064 0.3924720767197902 0.42771547771613744 0.4533919216969983 0.47257895370115743 0.45471597242295553 0.4606506031183503 0.47064446351908684
0.3946820825788361 0.399189250509562 0.3815328331612414 0.3736091126172378 0.36000300835788174 0.34862219310425663 0.33947296613253797 0.36299962463861 0.3419085879092174 0.34284065384695356 0.34283679587481264 0.32586863657243126 0.3038312943592027 0.2834411119999884 0.2697612504333002 0.2812598617518862 0.28815682419987965 0.2876695960656091 0.2934564306205714 0.27213631733521565 0.24108533466356594 0.2543737965022782 0.26071547596355676 0.26235829841509417 0.26995943672731804 0.2778155297825415 0.2825380321188432 0.2660884785659247 0.2893052110725767 0.30811957865445416 0.30901897416096774 0.3197649170032527 0.3123916474441644 0.3434395796358769 0.33090928106815665 0.34436829308673234 0.36938743758085624 0.40193558715689454 0.4227866318208777 0.4557617978872065 0.4324279787038963 0.43429976312479657 0.45594464065127155
0.35664689006767947 0.3799078588308977 0.36016976255413424 0.34829040468516365 0.3454432875548732 0.35073482966664044 0.3309074754050325 0.3447332738245698 0.31730512724223275 0.31985715663565983 0.32655556185425805 0.2921069265544687 0.2790268019292978 0.2652251349662876 0.27948678950764855 0.2497292715818629 0.267076462178559 0.2575152388690003 0.22995440823225388 0.21576530377581643 0.21534245130047525 0.23732086477309802 0.2748076069470264 0.25665246375590073 0.2625822283026619 0.26476334130535145 0.25334898050739313 0.27229342921539096 0.27305396174987506 0.2827693799946322 0.2940910522661632 0.3155296831936257 0.3079047956813947 0.3060857159198022 0.3166050928217783 0.3373042333343224 0.3842737206388201 0.3930479070432645 0.43916327446377407 0.4376020930981203 0.40559036388986514 0.42639343176822503 0.42767608127119594
0.33449790410218544 0.333889620327894 0.3176649429854693 0.31023050056018775 0.30759724975411634 0.3064459283359119 0.30628181216770356 0.30043574174026483 0.30754739396147934 0.3174470942384501 0.32357570568120275 0.2897940199416348 0.27324061071753764 0.24788136291247354 0.2598798507584716 0.22813448920881935 0.2334843497777361 0.21782448208251434 0.21706743473957282 0.19307385569157437 0.21195774305875545 0.23185073039710957 0.23138999907815405 0.23481186445184923 0.24433868344113685 0.24270384990975222 0.2608646119956888 0.2637981050931953 0.25026663206454897 0.27011295503821997 0.3025696537944663 0.3135530291083258 0.3053784905141337 0.30554600051079733 0.3197057423281172 0.3595166815987162 0.3968042818714951 0.4016548700879123 0.39741860155872866 0.3972002483756646 0.3899794802523019 0.4064018081234174 0.41298698916080756
0.32242052635435686 0.2943800271593872 0.27987112157402816 0.2767993697684549 0.26800620390353785 0.26761523435987566 0.2513710073186135 0.27239398618412575 0.30305982761992784 0.3113694112807042 0.2977268537032773 0.2931572600099321 0.2811193356690645 0.24961171292526482 0.22927400665997302 0.22607296987532718 0.21397479974600433 0.19280901951053164 0.20001089011253953 0.1788055181913265 0.1841609457100296 0.19575959464168652 0.19735520538611237 0.20606326909044737 0.24370519527215306 0.23854878399130716 0.24960439700361547 0.25938087874549226 0.26102744820008733 0.2945058259979559 0.30884981297562275 0.3197729566138468 0.3299006385858419 0.31044940651700453 0.3105209934962033 0.35594054946579323 0.38226972750152555 0.3983096526686487 0.37533846546117594 0.36939575996374446 0.3779953349942972 0.3896565542466247 0.3688445237588518
0.2780930444154494 0.2622771121918713 0.2644242124778667 0.24780841761547828 0.2568918142911018 0.24852565506538332 0.2270201382492279 0.24375654016517856 0.2754455906206341 0.26931939885445794 0.25486330573045957 0.24699922888593587 0.25723314469620007 0.210918559729086 0.20627667463461402 0.18310116615706054 0.17807084380625815 0.1972378854856023 0.18332563796003082 0.18253783772269283 0.19709265831899972 0.20680126951362768 0.2123362263527126 0.2259920830640134 0.20860362017810888 0.2226878265228276 0.22228609099723953 0.23678685789026943 0.2420098563799643 0.2755304732424211 0.2934867905282398 0.33261477859673577 0.31306659065143194 0.3131656256758877 0.30782322522961914 0.33458920081822435 0.35662907477052913 0.3633410090127588 0.35504205529072186 0.36627883285113094 0.3716934753620509 0.3578044655413581 0.3613293749614403
0.2754976061917509 0.24015476894793317 0.2210511111389106 0.23283539218689017 0.2345079728245148 0.2278160074326419 0.21774958241320086 0.22548041580252345 0.23590047311800452 0.21693698844440865 0.22300358094822648 0.22375083042797922 0.2421968173063376 0.2240598245827952 0.1678095349379439 0.1935926961171953 0.1864048723810863 0.17297646595933994 0.1489164718805833 0.1917843281775215 0.19287909619111507 0.1790035395734435 0.1795356090323616 0.20585611171651372 0.20746745558967694 0.23353291688123162 0.23024200912215986 0.2564600715701712 0.26527463798443934 0.29158804492951257 0.32383843591196293 0.3405352438777856 0.339057895012129 0.31795803223289176 0.3441795962772515 0.3442698108347548 0.3570212650629969 0.32793823127161753 0.3484636950658931 0.351750022641919 0.3777570044342644 0.34422932917152 0.3820560887474522
0.2636523577060246 0.22087812141071303 0.23513263487619604 0.2272328745387533 0.23857998250716145 0.21928073439675969 0.23157510886887506 0.22158063041073553 0.22590493272622983 0.20962108793263332 0.1983079302369253 0.1919958644424681 0.19415741987640694 0.20051807353531423 0.1961077159940011 0.17921919548805068 0.17729085955320698 0.15419853521369284 0.1503800177479346 0.16724585224316513 0.1573700740204479 0.1603057237427975 0.18447188462631084 0.20084993018899405 0.1922440027303501 0.21984188684383707 0.23825762619351717 0.257460491326866 0.2528400451602623 0.28075947479619423 0.3176519912071163 0.31931608129029815 0.32410989350420133 0.3049868165551552 0.317471677575254 0.3324404483525565 0.3331150417723976 0.3143391129283328 0.32339640888360716 0.3469038075097956 0.3344123282405763 0.33505851016897226 0.368762899627493
0.23438205276189955 0.21248375352886215 0.2016720729413758 0.1985708082191233 0.23294933255527178 0.23222283558592538 0.21971370608857943 0.2103212429417442 0.2288591554739736 0.19391583624903208 0.16489743335960905 0.17075095056313896 0.16807499657408909 0.1687612877779464 0.19136926696845818 0.15370088929401776 0.15566788854263092 0.16980833518372826 0.15246277056189217 0.1739633984542733 0.1598221897100492 0.15646752267152306 0.18311656996094328 0.19667424579839965 0.2140948376224116 0.19806440328967967 0.21037358626515718 0.2362244109917822 0.2702056160988825 0.30378198917752125 0.3297388695161419 0.32294897098058106 0.3287464342080489 0.2882302685218102 0.2788173168875429 0.3053388604383742 0.29677869611438856 0.32857387183985937 0.3240638385361513 0.30505180365268647 0.324168558131823 0.3117655515606678 0.3228817999731327
0.21417249790458595 0.19318700893384147 0.18848575301085396 0.20769838531544393 0.21607935727851596 0.22526855709302646 0.19880719155579785 0.2183225902731455 0.19917738117107614 0.20044032776662443 0.19506944044875302 0.1920251761950022 0.1734350448339279 0.17034902017417652 0.18533121146375994 0.1568869354029039 0.13839634504488732 0.16815511596064497 0.15444076996864467 0.18359911250228791 0.19075969112349472 0.16978836014772153 0.18080432111340095 0.21472314443417811 0.22575392997094723 0.2234610053403389 0.23267727707692082 0.24793669852723949 0.27069117414048344 0.28930693146236425 0.31866271942366164 0.32333447085135913 0.3038448884891869 0.29252972576221137 0.27613148538855625 0.28449912670977556 0.28317814957444515 0.3239433056919739 0.3280194343020619 0.29404503450699304 0.30597945912988794 0.2919659131270693 0.3057199984988755
0.19062377604124472 0.20388496624449748 0.17862796359889602 0.17132826812644472 0.19473246093854518 0.2049131787925314 0.18976016366282927 0.19019613265610044 0.2043326624823684 0.18779103142894385 0.16998980554873233 0.18957004956703744 0.19031289093174542 0.18758204119220856 0.17735599462620658 0.17143889194981385 0.14525868389580449 0.14867771750542835 0.17510908954202833 0.17480114172938188 0.17706881542616212 0.19496073004399686 0.17667523211632727 0.19586016684412028 0.21580525354732605 0.2439957997586211 0.25339045130796883 0.24191265765849138 0.23354608126100898 0.24072913904727594 0.27029347279322463 0.30363810971834326 0.28697233793150445 0.25694986495671446 0.260776198543793 0.27439475250305506 0.29794498229524224 0.2900987089620149 0.3034096417994102 0.26479189443822476 0.26624425849815114 0.2811122910604581 0.26688738519108696
0.20157695576611612 0.18652114817226517 0.16139897059203318 0.1820651182962652 0.17843657488747755 0.18905357928338692 0.19857836162391035 0.1868048021346017 0.18539270851979955 0.18196686286734684 0.16990854891011323 0.15670074096739883 0.16730186814379147 0.17896939810411783 0.15818084579504346 0.1404255350297656 0.15144865658167597 0.1617272832519746 0.1719359555043585 0.19205280508055692 0.19786131613476401 0.19004790497912652 0.17500523491313666 0.18898661440716907 0.1964673149768321 0.20980953486953613 0.20767653082271711 0.2511149445360316 0.23113617622068594 0.24290134913784084 0.25733150196077714 0.2667369739855889 0.2598205208334339 0.23300435607799452 0.2299156529635135 0.25376649856694633 0.28894773080869995 0.2883141423293296 0.295682586984391 0.2598479224719932 0.257849992830055 0.26105849984210816 0.2690794536973624
0.15071029665611124 0.1460491569347803 0.173327067287317 0.17582097520476084 0.18482510291160917 0.16097928445587095 0.17942680285724594 0.15667451312697073 0.14291204544640926 0.17429967941846228 0.19002432196172026 0.15822699560524947 0.14163415431590937 0.15303221052585045 0.13452497300843008 0.12948051025397403 0.1359331900419586 0.17606883523505862 0.17671498641681166 0.18405090247221892 0.20283476069198897 0.18985093050064342 0.21151179136244777 0.2072491596010519 0.18218731212151376 0.17516576036153164 0.18877483020709437 0.23424622173095533 0.25170925296119234 0.250785905755485 0.22570395449325548 0.21673649941390125 0.21475963005132737 0.23620782562588294 0.21444260181187577 0.2589698079452294 0.2753290613665357 0.24455542621525642 0.25313722198925376 0.262369842024684 0.2724660695809175 0.2624032185179667 0.25461187200882374
0.1406043580705711 0.14432134787899228 0.15839764675306 0.16275237849485893 0.17055718042724727 0.1505357037518149 0.14489408745334406 0.1808343840083268 0.17076944642450795 0.20069526531159504 0.20458622783131994 0.1836999744685994 0.16033572120165854 0.13769763810760532 0.11563535241809392 0.1399291158960712 0.13344071096427124 0.1707210465548887 0.15655277505043033 0.1745975396642206 0.19504007019196004 0.18506303381289346 0.22371510438637424 0.218106537470473 0.20416185966850248 0.189970945919736 0.20260135110293911 0.19446450839254706 0.21496682367488534 0.23829165060679622 0.19225928018160393 0.19608879832825885 0.19404580550672604 0.21714745125560134 0.23094360078707785 0.23211902097293194 0.22429221657667617 0.23092708382328064 0.22283628129144303 0.24673533043605028 0.23850281992842048 0.23421635002186922 0.25753586824073466
0.1543833653930586 0.15794581497603313 0.1254045929658567 0.15130496979830454 0.13094222445711468 0.1456039939608963 0.13514896761558925 0.14583172353909749 0.18780636695107916 0.22040235113499904 0.20605734731453668 0.1899402691107612 0.1928690316700418 0.13735496995680566 0.1185295580190102 0.15794039282967304 0.15799499522264493 0.1506431063421952 0.1451542103205201 0.1575206271089967 0.17897374835694088 0.18292943329202396 0.2095811249228683 0.20675997510595648 0.20699222618952492 0.18031756401983406 0.18245015373596654 0.21555650147449337 0.22485378138447046 0.2201058286164607 0.18406593077717529 0.16906069280654812 0.18756709654829615 0.20265939450177628 0.18567971531868535 0.21290718351435223 0.20991177221068746 0.20628222243146965 0.22682627798294386 0.2090021609734795 0.20961944516017447 0.2074446912464761 0.24156875201306807
0.14184001134977128 0.13357632933030988 0.1561463561897195 0.13911232690145167 0.1367325796215355 0.1274551150197692 0.15739169341754478 0.15759896381630623 0.1997306332818756 0.2098711819956659 0.19417999922677392 0.20160230433634393 0.18248846305622848 0.1552784558486789 0.1469929767854583 0.13962418682623026 0.1802700182501184 0.18293522103790424 0.1618741259077186 0.1888340572199523 0.19442224379920414 0.1929760947807895 0.18325108413828836 0.19321826924215507 0.20218806408014675 0.1879375297781334 0.19380824712011557 0.18432450364931072 0.20770383685985738 0.20729760302761616 0.17313623614851478 0.18205684726781904 0.16020804137213632 0.17788626974932772 0.18030921826222698 0.20871653496357503 0.20374699968435755 0.195226979962399 0.20103400704470764 0.19536547573567442 0.20457230490068748 0.2073493635654205 0.2439572560533311
0.15319728685530012 0.13761777079127602 0.16459909402418826 0.14748141809700174 0.11355224982243185 0.11480329056488682 0.15216068758331022 0.17949171724824098 0.2031194739097114 0.18895930992223436 0.1797782285936051 0.2047892201908292 0.19627774304357484 0.1806403406556161 0.17021894823787664 0.1437337321760339 0.17166519293669905 0.18180810390141583 0.2018541589341415 0.19845356138377943 0.15143977958101754 0.15405171605093163 0.18092947699625267 0.19774478017646388 0.1988384887023925 0.18930308705655347 0.1642913670032653 0.16861952841631614 0.15574164334950294 0.16853841947414888 0.19569269315186272 0.18044679129146646 0.1653440049182232 0.16971407160346277 0.20230137814258017 0.18573503157058247 0.18390898062603314 0.20623599905074855 0.1910788210986478 0.2112835553536233 0.2114594044378922 0.20235790331533524 0.23750933675181998
