Raster_benchmarking/continuous/raster-31.asc
NCOLS 100
NROWS 100
XLLCORNER 1743168.3100844542
YLLCORNER 5469280.749719885
CELLSIZE 10
NODATA_VALUE -9999
[rows 0 to 18 of 100, columns 43 to 85 of 100]
0.23992193599995512 0.21488697281653474 0.1978998700343146 0.23270665979599844 0.2609195623003813 0.26413031637184026 0.2530518368769906 0.22537697108991386 0.21015208054774356 0.21887755315694213 0.23305635783260428 0.29508824241757364 0.3104118490860488 0.2998887463556787 0.2867171141441434 0.2820021052302597 0.25386175224311647 0.2955620866834488 0.3127046586289224 0.33975945151212444 0.3443468533305842 0.35344518728876173 0.38212643462733625 0.329525399552693 0.3161490958088288 0.35131938507470756 0.3671312750411343 0.38504065533802484 0.4191732191008742 0.4925518299554113 0.5204311506859973 0.5085212477876501 0.4737099063627667 0.499290644715701 0.5050885090384022 0.49995416099842954 0.5223209150365984 0.5114388634708646 0.5179463334968708 0.4867951569612214 0.46101867714335915 0.4765207151063135 0.4336116972431427
0.295838971084635 0.2666115884138519 0.23685704069540484 0.2314908020882614 0.2505926020142575 0.27376066073265704 0.2257901723524777 0.22157595091321544 0.20501938260610877 0.23568809571593627 0.25080793745058316 0.2397672376917666 0.2628688826507981 0.29028399416048517 0.32573758613019893 0.2551032215019999 0.23529227366465327 0.26279177922209634 0.3595823110675096 0.3556818526113044 0.37074790292041343 0.37631416794461925 0.3467768233792204 0.32746400678015075 0.2724307885544093 0.2829265894147535 0.31229613035614795 0.3816137053458194 0.4523805592274483 0.4283755715863471 0.48415587971208307 0.4731787425814084 0.4958862633464117 0.4647447070658511 0.4713944829718962 0.5320754903126483 0.5290313541774951 0.5355252722423516 0.5202816478880176 0.47610597841525254 0.504919139444113 0.46976437803773907 0.4605540679102349
0.2981933412209811 0.271186057565074 0.2802427504249475 0.30418191966064806 0.3186400983191378 0.25953706382466024 0.2771748246177515 0.26628031550997594 0.2622485326395359 0.2704148402543348 0.29391439034179334 0.25536089378256843 0.26894080873670917 0.27346634730335506 0.2768671057628555 0.2966534316553763 0.27489426691608465 0.28028894460945586 0.33491202865775316 0.35871488534929796 0.3673441405539915 0.35220055969588904 0.34825276940023103 0.28841898083203266 0.3218619416961933 0.2797934912421177 0.325058675991713 0.32825086105487916 0.36297672529341657 0.3873044849622966 0.4418287792420964 0.4439187981686352 0.47541009399535705 0.4595490647469262 0.49274574734425586 0.5226150431399432 0.49255809514970567 0.5042533435371096 0.48262210788735954 0.4872444210244642 0.469156193955957 0.4596786727115652 0.47523454719110303
0.3333744476133312 0.30977240326951433 0.3076936908482212 0.3018942856291526 0.3459405745321473 0.28318686347080135 0.2945609790350088 0.2691085771861535 0.29225550328875194 0.2964939297582763 0.2775341223033909 0.2738219525789671 0.24062943774554213 0.25489539501341313 0.2782560898956435 0.3062070769425303 0.2923891145621713 0.30708361445325694 0.3470942839454493 0.35234317552040173 0.33468627143343616 0.35119761962866575 0.3249670658431921 0.33039686526526013 0.3278196274875508 0.33504145436934535 0.29482395139801804 0.2989145911271002 0.3398558111344639 0.3724081387658341 0.3816062435515435 0.3967163139337313 0.4574687764464959 0.5029403903331294 0.5007865938198119 0.504600074921783 0.4678109519515027 0.4671187989439724 0.5220392339132354 0.47160062381255863 0.4647585544617682 0.47371050957964106 0.4911220243087298
0.372393046739017 0.35758515784310574 0.3796192712213479 0.3353825848077777 0.3318602313496272 0.31067612508820963 0.3285943739603104 0.32710666577381703 0.3052642499931517 0.3064317595851081 0.3308954688216914 0.3029484281141404 0.3002342066526044 0.29194258965833114 0.27493567299180494 0.26969255266053055 0.2609133960680174 0.2975609192221679 0.3235831796756046 0.3338049792719684 0.32878488532090805 0.343683952694223 0.309710221656857 0.31731854748753396 0.33678902082331363 0.3560287787289106 0.33966775615366457 0.3353167553318704 0.33023450632355866 0.3542003577311424 0.39986810776534143 0.4187237627221017 0.4766877254261248 0.49727777766282916 0.46874957035761905 0.4811715314181007 0.4441602036203284 0.4853942871942497 0.478862890773848 0.4663189136553353 0.47574747604539336 0.4809954325003548 0.49412787256763707
0.45433613470912293 0.44785835685714404 0.43240908331937034 0.420371238242387 0.3580872211008436 0.3650393547732778 0.3593322617546655 0.41598239109659746 0.41432971460970147 0.3966014600271939 0.35170849510990776 0.35661115315518227 0.3165608008385516 0.26353492464207784 0.27303201811675554 0.29643519913354177 0.2733843852845767 0.30158298537366107 0.28419776045499423 0.3069594307226708 0.3163751325617923 0.3138592040940456 0.305043039579966 0.31613152812476736 0.36261585676200947 0.31508592978785077 0.3236746269665658 0.3270130285221288 0.2923875150886252 0.3122609184745674 0.3530634619289516 0.42862028017363285 0.4865903577490385 0.4733538656706312 0.5186595919958863 0.4623447792645068 0.4605190824913753 0.4947431119658827 0.5227462164163479 0.4410329798219009 0.4296765617595336 0.4769098187354563 0.5019378458413883
0.49473964414257404 0.45000014311192504 0.4807534206275355 0.4625279379265681 0.4217763489947856 0.43983260424676257 0.42330761648673965 0.4507306837206898 0.4173011392599748 0.3931599891050536 0.36846956570944595 0.37107827048773445 0.33907697152878674 0.2867162833123781 0.3041077540239463 0.31386632344432597 0.2945997715600799 0.27976633280908303 0.28507975358385507 0.27884882569513797 0.29099062992046126 0.3338513322532117 0.3899034055954593 0.38384438465303233 0.3769715909956069 0.33735068726711603 0.3352292375038373 0.345402527683103 0.34579497076011406 0.3366424452340658 0.34154999237348943 0.39138279556142297 0.4419062624548619 0.47455051810695453 0.4819012515457333 0.4948811957274649 0.49884073024381864 0.5056658353961374 0.46485701914015026 0.43557586150516325 0.44040656608425566 0.4578649260623796 0.4660751483225396
0.5252341885213224 0.4905305605314017 0.47701854037508407 0.5119797378543511 0.4945083749027084 0.4600653622201431 0.45896665363845884 0.4275111238761748 0.4676516379044541 0.40625473556906777 0.33770813536069066 0.34328740479277575 0.3563105137068718 0.30911469357529514 0.30037154686238826 0.3304210906035861 0.3474584403402299 0.29888313621042456 0.3053457366946619 0.316408113880865 0.3172842036825192 0.35876268136959044 0.42415174274390066 0.4053872660276008 0.4037002069145452 0.34751645323002056 0.31375628363824093 0.32709889531091396 0.36685426967046203 0.33690680538384626 0.3733181326471788 0.389246961962082 0.38534141054473675 0.46430001804590254 0.4856568368300443 0.5237770381411461 0.5235504578627422 0.4903266648434088 0.4688990979027408 0.43878807820716115 0.4036033630229154 0.42077309077156416 0.4256465768318791
0.48978281051809625 0.49228008197339745 0.5158507616587106 0.5144610900935555 0.49175417122762655 0.5065284150142159 0.4462179196716485 0.44358171966347865 0.45394598896009747 0.4285325242601826 0.363661315453883 0.3672919045494386 0.35915151473535595 0.3636644863881256 0.3268075311782205 0.35685662828074327 0.35232860732070387 0.35689284144501043 0.3133889980691347 0.34255427397920574 0.35452307887671974 0.4171613482346502 0.40440589138349825 0.40352569797389565 0.3889145392744439 0.39335405223829717 0.36237111672925604 0.3384094694840316 0.3529739491354222 0.32296157062696934 0.35857376187484474 0.3590854353225139 0.3467289775921233 0.40643221422233544 0.49021737113975955 0.4836732531015529 0.530207158014883 0.5160519295510564 0.5132034562427714 0.46381186907185334 0.46534524469721084 0.43101538328894373 0.41680656612708766
0.5634166178262201 0.5476373983002712 0.5026065958496517 0.5071191752324962 0.5244259157695286 0.49564664975808836 0.4395839631240111 0.4932894185111729 0.48592837419095036 0.47298343329973896 0.40703029998626256 0.39561321838037217 0.3378497812433917 0.379571472079228 0.3868739627525172 0.38107713977417723 0.32077654357812724 0.3169283994706057 0.3580222338061248 0.3561989512278141 0.4334653493820336 0.38486901010060887 0.3812971218529051 0.41535787991257844 0.3956192814673021 0.38400901972621854 0.35839751540875087 0.3387312208791633 0.2973236310620292 0.2924315909184382 0.34166356653053387 0.37192174968232417 0.3516166464503163 0.42389609367117953 0.47815252264078734 0.4502116036327074 0.4850064581952354 0.516023146352702 0.5286819039616233 0.48442981770869914 0.495092920256152 0.4435707237663277 0.4735277961987916
0.5472826222091881 0.5750850794089978 0.5681388411431499 0.5458345241264668 0.5427082074630736 0.48896224916837977 0.4697459543516111 0.5072497576695424 0.4660196871006507 0.4561030013238895 0.46257345474436884 0.44433702132463476 0.40844104271506 0.42185854420321084 0.40751002987044493 0.36526790832655565 0.36552847212058964 0.3497097662804803 0.3658145051911464 0.39802268105550886 0.3752986493068078 0.39083055001002154 0.3607598800088663 0.3881282867144025 0.356977647773647 0.3664498725933288 0.3363809516265402 0.3661166514713952 0.32330927094750234 0.32626205555736393 0.35635293152729064 0.3492334366578832 0.4096140674119931 0.43418726094979376 0.43186299602524636 0.43861296998564137 0.45166213796760457 0.4681663721733731 0.48048163884399914 0.5107305525874193 0.5123596606201335 0.4876298974032583 0.5025127478774941
0.5280734930523046 0.5863862983692616 0.5958062589242533 0.5871806142909819 0.5911158242640533 0.5537175385225457 0.49378058712050854 0.49339781025924745 0.5395538012604407 0.4960638902789523 0.47162381799439784 0.4571874965057844 0.4635358942744971 0.46065168116272975 0.3950770595962611 0.37813451570837325 0.37891955396110477 0.38260034221591976 0.4073652603224142 0.3926897796837187 0.40223418094470464 0.39948758296169684 0.40699228357169265 0.42088542075982976 0.4028316960990275 0.3995954769944564 0.341197541489771 0.33769108868604925 0.34424385810608066 0.3375469380163026 0.3329294614772318 0.35461716993606224 0.38015296668603066 0.4300524552302852 0.40381437586322005 0.39174633406781006 0.4071951404371989 0.45645917208341846 0.5169451446705253 0.5336686122467096 0.5440909520669002 0.4822193128816534 0.4477998496316411
0.5393100169682962 0.56469778220081 0.5715458830647804 0.5952934840102121 0.5730371860769593 0.5550781752195201 0.5420047576241872 0.5018786345869111 0.5221974413738205 0.5233327439411848 0.45388333347372123 0.43901118442527753 0.4503569412362645 0.44747597869194494 0.4206795817404406 0.4372320960963057 0.4588893284118114 0.4589989612150399 0.42607541426524126 0.44842076458199803 0.44881176159277886 0.46090418055185056 0.44505592289465157 0.40620305163168285 0.3954071588221461 0.37228395737586584 0.3781221838109259 0.35005867171683874 0.37136317141018943 0.37073585696506023 0.36629012065350697 0.3775754746828696 0.4059970910108745 0.4450752740493651 0.41735399993532657 0.43613475268485485 0.4413649434914304 0.43772037749101306 0.45835806883661256 0.5280310142256481 0.523992316713406 0.5364900208694265 0.487179727920196
0.5282289350531792 0.5589199349336754 0.5856531919418414 0.5498222479915245 0.5770976085138475 0.5266287343335263 0.5139881791845055 0.5416406849996872 0.5299436558415663 0.48911327423853523 0.46944999602313175 0.4615907641930989 0.46277252968758253 0.506753601076221 0.5262791499297492 0.49772742338802267 0.5521125040883663 0.4799170635183211 0.4618277580997647 0.4862041515324979 0.5170030332010834 0.45833469488993744 0.3934637869278876 0.364642555125992 0.41012981169850143 0.3667862185754282 0.35312929945970517 0.3890553269256424 0.4154597334363564 0.4087570602376954 0.38551432288370363 0.39203049949746044 0.45524472819119904 0.43058349552088465 0.4314051479593612 0.42736574462315796 0.42167659678270036 0.4305798474692203 0.4448591474626193 0.48178269885312225 0.5410633660730767 0.5224551191402479 0.540436854267228
0.5265423224527938 0.5468456764706265 0.5494831034724913 0.5608873206614066 0.5440919477609327 0.5849921511770136 0.5273785198603821 0.5554416006930636 0.57409916836178 0.5511527399401759 0.5228471032258886 0.5142388988202684 0.48909797907334257 0.5030929303277604 0.5164549990926371 0.5416848552915922 0.566435131618967 0.5230650505202582 0.5013345898203065 0.48262365188636625 0.48078881288893816 0.45372487178682747 0.4064063009886115 0.36999117250438046 0.3780634265087644 0.3773264075116487 0.3694447739504261 0.38562733383856285 0.41246402364526774 0.42512006489346726 0.38392866235261014 0.4312751872882085 0.4100926148570505 0.40990152067517793 0.44394277107797275 0.4275450882303662 0.4134513711399926 0.4487440144083343 0.4797440672286075 0.47361594387833017 0.519252779450788 0.5122896501465183 0.5262661535864545
0.5103786358267877 0.5412229112323099 0.6011326585776099 0.5948803436633765 0.5655960389381414 0.5488724077077947 0.5665638845695231 0.5475430100793153 0.5825416094514142 0.5932402300550083 0.582680188526078 0.5836389899539014 0.5297637140156171 0.5572725398187867 0.5353167866579842 0.5530098402233824 0.5355838191646735 0.5023075678959371 0.4889166344109235 0.4919501395136805 0.4727411497029946 0.4364026914858895 0.4113600831542109 0.3901714672810576 0.38739084017617703 0.39199017382395535 0.3786549559156299 0.390784680434801 0.3927932523131996 0.3768327905926813 0.3974146033560988 0.3891994324355923 0.43247483809992154 0.44018216317794917 0.4069117434853508 0.41444644266190733 0.40796012332460124 0.4248014801403369 0.5061990806701251 0.4696081350902996 0.4927083562119348 0.5261390530726243 0.5057223433456451
0.5809747957409728 0.5813533394800193 0.5967474884119842 0.5927747846559042 0.5416900325621476 0.5530842204940764 0.5840387460861086 0.5728255267380968 0.5598160028745767 0.5675078382849457 0.5674751832218075 0.5944503881725031 0.5598396843140045 0.5378605731426989 0.5136465906885359 0.547821539169354 0.5829279026476959 0.5238659115106993 0.5224196118835395 0.4952003528401555 0.48833654820182837 0.4669638528552938 0.4491477363346848 0.4288149736338661 0.41911073074910415 0.41163220183302485 0.3916640476382494 0.395577382956796 0.3581071225538194 0.3498633389096828 0.35890804748413196 0.3873297915101326 0.3777488278578016 0.4130854085144908 0.3952465637667856 0.41825886212736074 0.3986358808465928 0.43851647880433775 0.48133777960791235 0.4824405180298055 0.47635891488293447 0.5036791180323501 0.49530468567387465
0.5903248072848667 0.5836231291675434 0.5663502977594902 0.5634210250316266 0.5490434554199966 0.5635646865490916 0.5506541935372833 0.5728221481067767 0.6102810396391913 0.57410412366896 0.5734894737636183 0.581564824371846 0.6528143019373225 0.5599297499336646 0.5511332093585691 0.5754216073336861 0.64112986780407 0.574233535001914 0.49940470066837517 0.49546588529763114 0.4134288001293504 0.43197097621889696 0.45198560505631236 0.4476401175043234 0.36461029923122895 0.37529704758689864 0.3991387066460109 0.3489152640155567 0.31530045616172364 0.3484951529226293 0.33821589983832584 0.34887223308732873 0.3587716831410831 0.4129661914964132 0.43416825433145767 0.39277156760137377 0.3776093426208055 0.42296009112582844 0.43241308003110596 0.4742291795047282 0.5105418738021217 0.5285779724780241 0.4958692132924808
0.49385986915796426 0.527333883335174 0.5353515386595261 0.5481489828553762 0.5503914528242485 0.5828729326034957 0.5907319209038477 0.5619228596408401 0.5930061649423407 0.5855017053438826 0.5862698437852365 0.6056420893940954 0.6275866623903645 0.5680429549362067 0.5557880957967088 0.557861491694566 0.545895477025507 0.5650296543725262 0.5333031258849839 0.4729570712118243 0.4447355558258227 0.4226459925585289 0.4182017193445718 0.4608176133518086 0.4005057335254659 0.40199047175524144 0.43206346724063716 0.40234933387034205 0.3812947113479411 0.3443633506918468 0.35920869336625266 0.3360172338405141 0.3365794809610302 0.3563863399564542 0.37520216318865485 0.41056483985484105 0.38973161858780764 0.40453954563612005 0.46049795096097057 0.4846193671580446 0.5204836651465875 0.5194990030872362 0.5086326703102839
