Raster_benchmarking/continuous/raster-415.asc
NCOLS 100
NROWS 100
XLLCORNER 1743160.7985655642
YLLCORNER 5469282.529359086
CELLSIZE 10
NODATA_VALUE -9999
[rows 0 to 18 of 100, columns 43 to 85 of 100]
0.3635156015487958 0.36937151509808114 0.36790930453834925 0.39035808045272297 0.4245140601647932 0.39647500489595616 0.37375414859110456 0.44212884012950476 0.4000421695803575 0.430508101504758 0.43585818660408077 0.45944840733488085 0.4558531489936261 0.4989945588194562 0.5714445177820466 0.598591828140228 0.5273119564808989 0.4716328576314943 0.4201489757540719 0.38783430825543996 0.39850985096397806 0.3921914312134601 0.451597829154471 0.4825581208703665 0.48135327819622786 0.5194905457746827 0.519187621259111 0.5165935615367158 0.5494749367845532 0.6345532371945197 0.6698232375643826 0.6525321205635916 0.6548872007975326 0.6822976716741952 0.7349249871868533 0.6915163959348964 0.6725400803803653 0.7006443640897467 0.6217950446490034 0.6083017589701389 0.6363651132735867 0.5414209290387678 0.5594189515665571
0.3723218816395636 0.3493142033592168 0.37363146633084854 0.39127841952608033 0.4026749335770623 0.4069166441224453 0.44579245011020274 0.4204190553663281 0.4574908178928647 0.4969408233029114 0.5096881604199527 0.48290229814396696 0.4881084239032615 0.5193925539091824 0.5114077073580066 0.5557965413170928 0.5671967100066339 0.5049530180165773 0.42691473613224445 0.3960810210393872 0.47057058897879495 0.4446497506103107 0.43272110308276135 0.40681701631878925 0.4491487611635155 0.45548336567456016 0.5309965450187608 0.5580406724215516 0.6058400090005593 0.624142905643681 0.6656793148327735 0.6423989350360301 0.6888258496821149 0.7116853870543914 0.7446673506729661 0.7048460733409279 0.6848129681562706 0.6894013863572942 0.6699768257550287 0.636878842472614 0.6216109083152039 0.5471514709493268 0.569538865838448
0.37754349135218707 0.36658105242358663 0.35080095356049185 0.4371328274656413 0.4298666071764298 0.49779834247883764 0.49155754135659724 0.451954451173761 0.49461516786292514 0.44664624515495516 0.5549530283162497 0.5625853022001636 0.495122408680398 0.5248002006014234 0.5388731270577723 0.5638255602949276 0.5233188560930628 0.5132252092499392 0.5086430057197531 0.460827936809723 0.4393740817852256 0.48792157255247237 0.46397537254010535 0.4095599574513548 0.43814683295674933 0.4805878275791478 0.5055057437266187 0.5969050733963778 0.6488714294038301 0.6746777626124344 0.6407167602286303 0.6431333034938143 0.6688500074118878 0.7111466718520708 0.7524346353538123 0.7640142216626491 0.6762654719665058 0.697260600024632 0.6618605052128768 0.6659434878272068 0.6377486751710496 0.6190498152963568 0.6138159422831646
0.3484238793711801 0.34319771472067806 0.3904338802048696 0.42648578313964486 0.4658816104677001 0.4912185242785541 0.5172494077165529 0.48621358128840936 0.512064378926884 0.5130753097379136 0.5439413094182712 0.5797114520963788 0.550395785694924 0.6123868219328499 0.637224211908683 0.619461873504116 0.518311928226969 0.5201050293607326 0.4939239987035263 0.48249094072577325 0.4284887623469639 0.4706449195081733 0.47549809269029814 0.43179534679371173 0.5042387630104848 0.5570371945544886 0.5675521445528858 0.6462350408842042 0.6698913366170051 0.6899796679336797 0.6725679671178901 0.6684676116045721 0.6544354274829272 0.6756901040002439 0.7274077602378433 0.6917306623217728 0.6750565640880634 0.6889396803756588 0.6949086036549381 0.6767828775801698 0.6504359846042246 0.6690982725175808 0.6066468734276116
0.3814526575330315 0.3704052385927183 0.4324633334119727 0.43830735296347656 0.5080606581657331 0.5252038044865877 0.5403605726815554 0.506696037159176 0.5617265331828101 0.5844462797562833 0.5555727070516568 0.5810100333902876 0.5623070043442658 0.6502865767406928 0.6732976470018605 0.6583659265513839 0.5454058129375587 0.5010198269505727 0.48117614741039216 0.4267154815907154 0.43772120188164676 0.48600904199010353 0.45105614660410925 0.4520264936272591 0.5040479388286235 0.6210446644910497 0.6284707958567488 0.7120630386559111 0.6550908483738133 0.7095728176733508 0.671286712634139 0.7136423202621185 0.6789397292453072 0.6789306792528256 0.7036984204030595 0.7539941183874108 0.6482173221513239 0.6367095873766613 0.6727114497425691 0.652083907218055 0.6237226034032693 0.6817644291281474 0.6072301506632046
0.41576979316338547 0.47521511407455025 0.4690939610644636 0.49296029620382503 0.47531296044943916 0.4712109722186819 0.5314139172557258 0.5479040142133932 0.5721892075662995 0.6115409570702414 0.628070897634348 0.5761847786347183 0.6213158077816163 0.6152395545801151 0.6422588798024457 0.59455652793809 0.5658306803102792 0.52499869849355 0.4816163450535388 0.5196144942456541 0.5165602291088589 0.5024529038980774 0.5404275937379968 0.554939570597314 0.5796243640826066 0.6363079845184902 0.6206718942034117 0.6432700515184806 0.6875652972214171 0.7227133301873211 0.6839503913851642 0.6793374825455998 0.6561459780661437 0.6914896026011493 0.7361030444250034 0.6777815787801362 0.6719246398790945 0.6976507340653058 0.6279665603583521 0.6138151036101808 0.6476783631722717 0.6754582562968269 0.6175064887339269
0.4691635449778346 0.5087691131600115 0.5675604480036072 0.5593637646537468 0.5085319132739425 0.5115599219741113 0.5320432930727894 0.508438503445358 0.5811299221423586 0.6370671220190357 0.5866670882527734 0.6394526236067263 0.6678432014746777 0.6389621518876238 0.6419676874946993 0.6534015495719159 0.6365938000373979 0.5873128105225138 0.507974960611138 0.49187250799694343 0.49049136695683904 0.501223219203879 0.5615767037431436 0.6036196836303511 0.6132349921674297 0.589810231477863 0.6891773318121726 0.6916453773915712 0.69743128263208 0.6813630906170757 0.6532538958629489 0.6325099825274888 0.7044560433249142 0.670986019967325 0.6780500975839515 0.7030488430511197 0.6680034872248498 0.7019121974503048 0.6585933479873464 0.5830727481073795 0.6240944598807716 0.6456546120810249 0.6288107077094176
0.48400173807653235 0.532959669610005 0.566924475073782 0.6236933031257987 0.6219085169630174 0.5992965852619734 0.5720376316420183 0.5677708280562512 0.6561880169874198 0.6389187638803225 0.6047658741049411 0.6291267216362288 0.6181031813269431 0.6894569628869213 0.6947115155222507 0.6301413107007964 0.6705438217634762 0.6154603300145571 0.6080992487337158 0.5369334653756886 0.5719132891997263 0.5761446468993604 0.6220485095191761 0.6007158493994184 0.6697983079540324 0.6878478866912293 0.7310387995404783 0.7648097377432953 0.7255121371006568 0.7254405432659721 0.6671350103616123 0.6879845932587351 0.6924826340918777 0.7097348972112135 0.7549395931316958 0.7547347748089873 0.6749730659649817 0.6411885629299047 0.6299520955797446 0.6411200471628571 0.5982125745888384 0.6082492876393388 0.5643285149781663
0.4977483766089209 0.6245479130330919 0.6088678281896317 0.6124081709736113 0.5980407805087534 0.6439746491081846 0.6078064592643314 0.6528844209132795 0.6503755903253348 0.7031464037733021 0.6611714766737036 0.5767761117629707 0.6333595087991928 0.6626068501269999 0.6910344354439554 0.6605338074166349 0.6199420014983862 0.6548069699300634 0.588347246204896 0.5890280707471924 0.6304063503265138 0.6601997930008222 0.6149783466103925 0.6589235401951382 0.6804181756160192 0.706802410432555 0.7660502784802136 0.7859425111892072 0.679665320548491 0.6802753035209158 0.6680645075437799 0.6731418329955947 0.7109400410481149 0.7582374093503519 0.7945445955195565 0.7811203872833343 0.7256487159183148 0.6583255313109294 0.6206165365411384 0.592729106503161 0.5641114113148197 0.5752451911045507 0.5739128774446672
0.5660388649844735 0.6098159482408011 0.6031666815335112 0.6068556444521261 0.6458703582135985 0.6780769549848583 0.6258428858421895 0.6281923698454148 0.6862412966772922 0.6396050752955708 0.6255421049559872 0.6310120367514344 0.6049312337382959 0.6453522507654322 0.6331820734768695 0.61795838452289 0.6083859677839979 0.6308526680859453 0.6424260131791676 0.6523030400533899 0.6311726658937107 0.6260051122531453 0.6556448736791239 0.6528078959130865 0.6789611554167602 0.67738046188344 0.7386371466738277 0.7475513386501214 0.6885672976036913 0.7436888626051238 0.7222884873760721 0.6577812157332836 0.6929937932771849 0.698951925125284 0.7714249568305319 0.7809268063497986 0.730053922445225 0.604883125502517 0.5820038966096461 0.574977692287496 0.5790212583488025 0.5274254310605238 0.5522731308588701
0.6220526026210473 0.6394677788089415 0.6174545756647035 0.6453093337635352 0.6517122295657117 0.6856712411470323 0.6583188814811477 0.654968131507043 0.6573618351531075 0.695088975608199 0.6700426913420795 0.6408850501575036 0.6458622883068376 0.6285277557972663 0.6294718215364521 0.6081049832233605 0.6251547565236362 0.5966532107535992 0.655712986507796 0.6601959789758136 0.6872610794711467 0.7127809608617696 0.7228542539661911 0.7169552987169404 0.7046867701475298 0.663934628657385 0.6800702621027355 0.6649675801110675 0.7234016742269022 0.7846300491799836 0.7161276871933034 0.6945647984492395 0.6875339269751024 0.7257657609764627 0.765877282224157 0.7193161841723579 0.6849512087496783 0.6097670183704296 0.5706453664900326 0.5755838965563634 0.5399204500221684 0.4843674168641107 0.5778189241683975
0.6072960302029452 0.6417028296608301 0.639108781347127 0.6757102238044238 0.6705901836785211 0.7180436882493604 0.6777490679742452 0.6941523121117578 0.6580727063199575 0.7061402229828342 0.6550084622950961 0.6719745684567889 0.647582076322904 0.6126505187365928 0.5772155927540003 0.585649834516656 0.5464174674718139 0.594430685287516 0.6364031241817791 0.6089918505153881 0.6866522866040529 0.6996310877809688 0.6860956790973657 0.6844739618336636 0.6670031119392282 0.706051971015147 0.7107290092050959 0.6696227685827377 0.7259249665583887 0.7462736684062273 0.7554748093850066 0.7292100551980775 0.7715370868271101 0.74838074497341 0.7665010905756299 0.684464671694143 0.6870038233542093 0.6394588179305606 0.5477782729804629 0.5394387762284879 0.5683136627572473 0.5721899686309725 0.5429723318078332
0.6600609430949813 0.612378991554898 0.5953436493707057 0.6189704264262673 0.6698380595091799 0.6938073866357907 0.6374749004946821 0.6718446273530948 0.6820361953787262 0.6956827879755992 0.6336317373848623 0.6276894602590394 0.5931745726410985 0.5884557387685058 0.5880562529984531 0.613393926890965 0.5688493392838926 0.5251202381701103 0.612201992565127 0.6062305111886258 0.6424736795749838 0.7010691972522527 0.7418648824679281 0.7350697740221935 0.6589427496511716 0.6533626893044508 0.6772529613412628 0.7020283549435583 0.7099231821701184 0.6983981368466932 0.7994559646466259 0.8043979416136174 0.8208816812436025 0.7951774107243718 0.7766370133272955 0.7113927618800664 0.6456540543399113 0.5829373786833439 0.592671670199358 0.5363083030802803 0.5809527753811707 0.5467360983859161 0.5747612379496229
0.6199855370875316 0.5958539566675881 0.6201734706551519 0.62452947314776 0.6324606154136562 0.5994295516003261 0.6235579175402638 0.6758943867787159 0.6469873922362672 0.6754127274479146 0.6666069299346635 0.5907365458854996 0.5811796847408652 0.5503116275257893 0.5801597821645399 0.5966775714872739 0.5974590500547063 0.5992468263767993 0.5906806877409632 0.5877015423626433 0.6410006951179906 0.6529491194856322 0.69745932640854 0.692177988849799 0.6595944552381676 0.6848463934182724 0.689438458436022 0.71083121682091 0.7682056935717625 0.754557820406858 0.7931329648457667 0.7387200492385366 0.7550523749968829 0.8043433604085334 0.7819403852709399 0.7425266399961518 0.6924309683380652 0.6107514865868122 0.6109561646005249 0.6045476201215884 0.5513229226226029 0.5934993273470583 0.6051681560389539
0.6447328769304009 0.6324717229972235 0.6273214960457683 0.7034021502718013 0.6372719792418305 0.6066754832863518 0.6259884605991926 0.6572081722835976 0.671725067510216 0.6768421965176459 0.6538184077980209 0.5339804032431928 0.5298952673874725 0.5581611051206687 0.5129987177913693 0.5404414302924763 0.5601909580013418 0.5616405894583231 0.6064069190808123 0.5950636626267028 0.6092864652598083 0.6601394745545084 0.6904263848080807 0.6669176964081494 0.6816135229518602 0.7065621296992947 0.7282503964013536 0.7984729970471757 0.8104125329440879 0.7661001225478806 0.8154838833071943 0.7507263887972794 0.7175180499916963 0.7250208283267682 0.7635841999631721 0.732898584451588 0.7132067357501336 0.6846350743056814 0.6082647283204478 0.6577964188410292 0.59276862774713 0.6202336848771487 0.5828663823512483
0.6337721868188084 0.6494192825787528 0.6385228019122898 0.6814985388136754 0.6726568007660537 0.5736233612624034 0.589474138110049 0.597100847513982 0.5868851550169014 0.6356895290370527 0.5928104229037252 0.5552967104341813 0.5298672199337828 0.5192508409238441 0.5128711881270539 0.5100043260223666 0.546781682052358 0.5688190001218575 0.627105642924338 0.6016620954709733 0.6871224875074325 0.6530029510858149 0.649009851479161 0.6901482244240253 0.6718036140673351 0.718586807428643 0.7167693949328939 0.7834377764334929 0.8013359237539291 0.7598962921144545 0.8164152981259206 0.7742113113811672 0.7939404467508139 0.828008908874127 0.771154788785006 0.7086433375678627 0.6748649605681398 0.6665506276987427 0.6288317707261648 0.6156194097961043 0.6393204644467727 0.6491200747535226 0.5916930750034304
0.6571200596680734 0.6540224723697032 0.6479801382034682 0.677648479651339 0.64307645415058 0.5811730131715525 0.6066327766522814 0.58983023186659 0.5851934322877806 0.5675114903457222 0.539985218348641 0.5440535384138153 0.5227279424426526 0.4906693318340219 0.5458591365014821 0.5468899679949036 0.6013720731356588 0.6223492783579437 0.63291545327399 0.6359699567769928 0.640147533361659 0.7166320316549548 0.6554759202816084 0.6954945781891726 0.6704541864506496 0.6264857804515971 0.6837082849504691 0.7703651841391315 0.7673304066474694 0.8064448230279866 0.8507006463208476 0.8318247616896379 0.8440710130889145 0.8683143925806027 0.8095386800225004 0.7934219876874209 0.6733791188800953 0.6271750280130624 0.6645983028360577 0.6096422519098261 0.5909162378896549 0.62151744783347 0.5566717193138312
0.5903515547612395 0.6223479830274063 0.6207793436545289 0.6979783508851539 0.6623153927331171 0.6347814273650636 0.5568845360967682 0.5450444697232376 0.5147943450662399 0.49176251369142443 0.5218691648733108 0.5489734180231591 0.5346724380926419 0.5686235338837196 0.5305490355141698 0.5665609913634829 0.5614710814301521 0.5687696208416253 0.6114612946197838 0.5983656131155048 0.6704731207512988 0.701258768548077 0.641077013533418 0.6519236901180308 0.6360180912116637 0.6526536718812745 0.6596323975535606 0.7640391549019528 0.8196467943738002 0.8232489343723999 0.8121444482298271 0.8425469563663097 0.8344743815065638 0.8514658927632879 0.8683563018009834 0.8110867439740788 0.7255620537957662 0.683638914582234 0.6645208445882348 0.649767484588526 0.6525374478792157 0.6070151531195256 0.6094793642252487
0.5880310879463779 0.6170385855599616 0.6293207268623154 0.6807673866131472 0.6198283318970447 0.6431876943111128 0.5623249141996485 0.4916726831940057 0.47421820239273876 0.4627974934608896 0.48947226297526514 0.4443657553992318 0.5015907083656147 0.5561102266623932 0.5287085159788005 0.48213810681980845 0.5033321465132489 0.529925248681243 0.5950599930644459 0.6256633459248745 0.6820399337567902 0.6587738102945567 0.5922489510558967 0.5858396676731559 0.5914313003750156 0.6077919313183395 0.6905318050346632 0.7716082467901225 0.7708461980512841 0.8075028452934989 0.8336412583653321 0.8427827017291353 0.8287066358957245 0.8824294980463743 0.8699914434138215 0.7728362613917914 0.7035131680207317 0.685925706217163 0.6371463636128787 0.6350202402062992 0.6234959097687582 0.5813595199747771 0.6036473808568631
