Raster_benchmarking/continuous/raster-231.asc
NCOLS 100
NROWS 100
XLLCORNER 1743162.958439986
YLLCORNER 5469296.084782484
CELLSIZE 10
NODATA_VALUE -9999
[rows 19 to 37 of 100, columns 0 to 42 of 100]
0.662951772656376 0.6260820268423241 0.6370187524279961 0.6206519867392383 0.6114711314661081 0.580371048036198 0.5651555274650383 0.6201292412407982 0.6738724514231936 0.6577013031967006 0.6925091066383742 0.6587191467435092 0.6132667905165056 0.6257209838562133 0.5771609835784003 0.6387861657637698 0.6351751545770578 0.6381824631933707 0.6557321333324335 0.7389092861180976 0.7613817313329713 0.7465927143690896 0.7828260595591384 0.7198532425946187 0.7265997228154529 0.7041939378042587 0.7396295223085548 0.6770558828172079 0.6521447110472914 0.6388543072325998 0.6456123287749619 0.7012165838512424 0.751664886212711 0.7293743060134771 0.7353284295620196 0.748261634151849 0.7665011758163873 0.7762977840123246 0.7611383589158842 0.8041822775688269 0.8220042193625887 0.7850747708461855 0.8232154376576413
0.6579503765003765 0.654221460313139 0.6457314696025009 0.5938770644349802 0.568437884967941 0.5890626512250734 0.6093819180519313 0.5822295633301073 0.6207409744300929 0.6521209930043346 0.6802759204516058 0.6619910210751772 0.6039347035474961 0.6281939475577228 0.62416690423318 0.6462632360972905 0.6121354845236923 0.6417809112613434 0.6367713646095916 0.6808981739151115 0.730226519948005 0.7310164607160078 0.7273305756177972 0.7193818621936345 0.7414851455847442 0.6878177627537039 0.6753397587846752 0.6431821267177558 0.6326035982900867 0.6257298763486285 0.6734148637252942 0.7083675020334589 0.7479898282027115 0.7405460084821611 0.7455443284930422 0.7284632549064577 0.7565875056906864 0.7831511682872982 0.7570852504258756 0.7546045412094899 0.7952105582126087 0.7810850743566942 0.7708998430535521
0.6993241623074588 0.6427849373476918 0.6081675813516427 0.5735078909296885 0.5910321369285254 0.6182829994587088 0.5936339477602532 0.6052211603552582 0.6161764350872619 0.6845563282283629 0.6929229149759519 0.6816518861754826 0.6143657411149811 0.610959603879493 0.6077063130316389 0.6242489154575017 0.6485733874127418 0.6729083935758656 0.6338144984318416 0.6304458010838 0.6336110831339121 0.6967971110859617 0.7227214616754127 0.7124171493928962 0.7331478811208978 0.674788727212179 0.6354024185442778 0.6545383656798364 0.6229275912751296 0.6012939661453747 0.6155351193100264 0.6677512711935131 0.6980203315840312 0.7572950151163433 0.7754335040554013 0.7548813767382925 0.7281002640790553 0.7877670199867742 0.7701856556895579 0.7755722972169681 0.7700470486716646 0.7685691903372636 0.7718794839258447
0.6960805683553654 0.6777278960774268 0.635840744734836 0.6175568361808955 0.6188043587694833 0.6613160407391083 0.6590662700392002 0.6240075357847047 0.6697313249950159 0.6904038659341808 0.6745369648981107 0.658565204615735 0.6427135989800643 0.6304073553710372 0.630678806357834 0.6414003603197336 0.6620744010551558 0.6447167401202674 0.6317560415279484 0.6251558384329627 0.6046804379826739 0.6673094741382345 0.719808615242895 0.7147128729961384 0.6705293350046431 0.6824196593952125 0.6305306016541322 0.6196657783541063 0.6232940820060547 0.6499787834994076 0.6485519460609601 0.6908544443244038 0.7139417181559574 0.7283156419466353 0.7017603066434986 0.7031242842125509 0.7023132823811092 0.752868160857327 0.7371246597942375 0.7127959812203752 0.7460676090276719 0.7925577015270995 0.7820753679974427
0.6369487625848508 0.677919580678239 0.684124028184269 0.6580797492343868 0.6668986550425672 0.6860826082095457 0.6939731008445501 0.668036179803173 0.6587069904917763 0.688057640454334 0.7286765998778296 0.7374921784571791 0.7056617776388011 0.6566714685065838 0.6802228390542987 0.6301292503150284 0.6355986119239423 0.6424654642882934 0.6517003547420421 0.6606137566972836 0.6001730548775548 0.6579855675866593 0.6587257259102283 0.6851378055732152 0.6711821826697869 0.6605445672583813 0.6609209007838766 0.6173954916493103 0.5999648294851212 0.6016840382368691 0.6759966580796021 0.7116571769900656 0.6901682556284555 0.6590623725341108 0.6769790139707548 0.7056048818727125 0.7353034117925826 0.7385744242555281 0.7044188176808849 0.6759562534691379 0.7109569569905547 0.7682631521147313 0.7945971338527336
0.6189938356882057 0.6711080229708183 0.6557127074875287 0.6813808308539872 0.6708931370966738 0.6810703387381112 0.7304121603643117 0.7357582720948075 0.7142046484991861 0.7333096520995005 0.7065526880664086 0.7381665641186272 0.6842060899328228 0.659365157185013 0.6521467628536921 0.6623222338233772 0.6517578978149775 0.63042150074042 0.609592779416423 0.6457229181923101 0.6278497171015215 0.6233145322020628 0.6212129034366405 0.6488238855890226 0.6292486841699059 0.6115706348453576 0.6399849656854935 0.607144522028685 0.6069227909884907 0.5913879127284059 0.6637521384465734 0.6825086893731902 0.673565019177095 0.6514595505264861 0.6792053796322156 0.6853469637792806 0.6854979603473592 0.6835822950562401 0.6717687359315795 0.6723369275493136 0.688608114417503 0.7213653885002603 0.7850946967416789
0.6099532743938934 0.6517414979411777 0.6537769432108875 0.6981813881316739 0.7264348027232509 0.7549680857191167 0.747758394229065 0.7382298294665229 0.7596485549481623 0.7180071319933117 0.7415308222608261 0.7228148066697225 0.6816192355635232 0.6712253546223425 0.6484737893304432 0.670937485823107 0.6604056703753781 0.6191675417877429 0.5956693746563587 0.6251603174303276 0.6226252658377234 0.6113364399045791 0.6279501727599673 0.6327827244940112 0.5932544497870282 0.6166608042367687 0.6093152421197882 0.5721019441252618 0.5714545631272792 0.616058578548798 0.6229155572822221 0.6724875939575174 0.654001208660216 0.6343162093468888 0.6202893897934693 0.6783014235812285 0.6997839118310775 0.652792167870971 0.6492695288592272 0.6870374861229874 0.6908246893860037 0.7467460585211425 0.7820644267235399
0.5992815122093945 0.6314331532094534 0.6472120287912224 0.6963443752866552 0.7366529804699081 0.7426457467351762 0.7288880722900735 0.7023725958100236 0.7052805277529107 0.7394013828334178 0.7259174446191895 0.7502133228894768 0.6913855214488284 0.6722930978274272 0.6674247668389224 0.6954823150198454 0.6609688108679381 0.6542438940176454 0.658908707649402 0.6506224247291379 0.6386431785433135 0.6592045140348849 0.6520208762334623 0.6231934259224622 0.6306357378448942 0.6249065454606023 0.6026286749901395 0.559963361608777 0.5700796592076794 0.5779550578172094 0.5841598934838006 0.6266417153480337 0.6210964681927291 0.6205321381375272 0.6458690209060058 0.6649046362452979 0.6530213756350512 0.6770195057530867 0.6505735270946497 0.6474120722790967 0.6654795191084237 0.7079196021067063 0.7639472750216417
0.6718589840122384 0.6877725890254328 0.6623037500181709 0.6620559731987613 0.692261863071138 0.6829716536041266 0.713938720551568 0.6824267025372466 0.6979965394170299 0.7287782313604315 0.779711907731906 0.7740864897948242 0.7521159703888615 0.7023540598094915 0.6633629097382702 0.7097598980801284 0.6869146588040143 0.6672536111045176 0.6268275496864733 0.6697756241748508 0.6568374633859145 0.615976119076775 0.6146292065727443 0.6294999710672396 0.643495346190019 0.6111405660742627 0.55175404330839 0.539498262095925 0.5413540627456498 0.5660657776374333 0.5947429736850376 0.6059744398592979 0.6332836734192759 0.6019307166011096 0.6511748156709057 0.6674203154108865 0.647794860230945 0.6237563342017015 0.6445005594460151 0.6179342758172823 0.6705179943004392 0.6952142013330721 0.762919346360284
0.6718165397944692 0.6653164504344771 0.66841897001226 0.6941669091669909 0.7106307725153124 0.6756169746565712 0.7162584005900747 0.7057139835842229 0.6986569761827178 0.7524557873332575 0.7593105365395478 0.716813513279126 0.6805808836088757 0.6712522561006254 0.656509894664122 0.7033739023554674 0.6597716904898355 0.6777661521587921 0.6438879050978461 0.6889321620433445 0.7032603427800695 0.6462175900104162 0.6326645565289676 0.6054657342063439 0.6140764638259251 0.5914109475563989 0.5600431229019076 0.5259457685054693 0.5595657414095759 0.5457559511421655 0.530219003888144 0.5708371568699228 0.6072955293712521 0.604601787418993 0.6319689150814806 0.6269057599452396 0.638268099700085 0.6151601307827598 0.628954865061612 0.5955269835773266 0.6378596287284726 0.648297148223743 0.6817384101117019
0.625118000013844 0.6819327102807838 0.709094029939978 0.6635205529727157 0.672963097754831 0.6744348865353221 0.6778240216311793 0.7163513233367432 0.757404780388548 0.7577950032397861 0.7393231436545404 0.7165520853051076 0.6814444701680865 0.724154603888797 0.7109100026869417 0.6906421031527703 0.6939231664657826 0.6894082440294615 0.6751870083521129 0.7090152461673348 0.7029801763588048 0.6420084468933044 0.6612459175356545 0.6264859822917271 0.6025171702972666 0.539352676704535 0.5005122833024794 0.5076642782942378 0.5479288343183845 0.5606732673604317 0.5157328975961589 0.5619726285457511 0.590293006707089 0.6133955947934846 0.6177317854487243 0.6039610922575288 0.6435032942857839 0.5953935620022763 0.5850762824312121 0.5713732682473659 0.5642158463424959 0.5913029165634257 0.6504268325040448
0.6519632911695852 0.6866727801935706 0.7097438730456066 0.6950335285528253 0.6440027178699861 0.6602905473752692 0.6436434338185855 0.7129575760278466 0.7334340312143368 0.7556182540123643 0.7205366919031461 0.6929169115763795 0.691912947130914 0.7175323742857156 0.7203714893013138 0.717957465829792 0.6952464729084009 0.7012418230479023 0.6630166763325566 0.6666356930922221 0.6827126322732545 0.6393881229731092 0.6124441293992648 0.5970265601221565 0.550801951138267 0.5480650020632829 0.5521343054554423 0.5615703621044716 0.5483618516829645 0.5430418722586807 0.5294332084929025 0.5569507276775223 0.5605057316268125 0.5704137315798558 0.5884915249606835 0.6328184349848185 0.598909373238219 0.5985734796280812 0.5903507069606299 0.5592765248902797 0.5741644491189107 0.5952348868840823 0.5657454569023255
0.6221908088647529 0.6338072897349065 0.7024851227471649 0.6843625285149388 0.6431277311649687 0.6636909711749519 0.6370606022185834 0.6940713850062631 0.7064974029489103 0.7458437721224263 0.7267149267300249 0.7240249511489367 0.6645578449237387 0.6923046920907423 0.7294166611553787 0.7366317460708843 0.6992598564549504 0.6614165198657106 0.6442499409577378 0.6097412131220578 0.635416590329201 0.6343371217704185 0.6059506587526903 0.6152870270855337 0.5742365343192544 0.5555562758170779 0.5512010011260915 0.5361084087378221 0.5698568882149083 0.5343069415763078 0.576204136905774 0.5261954111631175 0.5502715542031014 0.5567716746807428 0.6173787727377283 0.5668783634773601 0.5933743826551674 0.5859244125057721 0.6011824342253232 0.5620757408811122 0.5249129040162922 0.5655744844919547 0.5430655542664324
0.6776064525139813 0.6445656796293903 0.6946155003120966 0.7166123149222373 0.7069325382402889 0.6761884655217576 0.6704492487426634 0.7039170235822951 0.7177825861852012 0.6977206066081825 0.7491176148607532 0.7140642423084013 0.6409019050090572 0.6536475039672343 0.7166165772042301 0.7012064236189628 0.6711689530141336 0.6778749948084148 0.6027107097089995 0.5981503823185181 0.6404018616860533 0.623889625215666 0.5775625007292113 0.6192107385748877 0.5926976724918228 0.57016924512962 0.5467008883597763 0.5852187392232439 0.5885657017414894 0.567374211398612 0.5259124064326797 0.51679749169542 0.552933152079102 0.5419505313716905 0.5477703049704941 0.5303642743690078 0.5546714229432419 0.562292051963131 0.5278765552614746 0.542163349414337 0.48801289237211515 0.5071568210268853 0.4920273191722742
0.6679232930314383 0.6454159480032445 0.6913120361830988 0.6988018918382697 0.7109980704054933 0.7035238698029131 0.6894736102418235 0.7087549691712292 0.7277012103575446 0.7417935351679882 0.7469746514561777 0.6996091484505326 0.6319787859643695 0.6656849698353534 0.6655231397281287 0.6946496875822987 0.6812699860104631 0.6825905847664073 0.6136104993743391 0.5832508255483496 0.6175037155654175 0.5997557016830246 0.5615214407439912 0.5991090606177032 0.6136935432986641 0.5936116210918532 0.5874231508071251 0.5814533346889481 0.5703056562626109 0.5342961326818079 0.49843338634002576 0.5355538198555625 0.5061224988043331 0.5171181649718265 0.5289106142433099 0.528900726920187 0.5049484219444098 0.5433164273320559 0.49340275502651865 0.5111142457055943 0.4847930625343275 0.46084538784211493 0.4536047408484
0.6491976374917281 0.6798343655499285 0.6773924268730754 0.6684544874865284 0.7088795085006298 0.718267090034706 0.6906528739984097 0.7133819152568339 0.7112341095979191 0.694252048799763 0.707934163236605 0.6486365840791668 0.64904061322304 0.6089531192809134 0.6361724886915191 0.6347949526254917 0.6158230398025685 0.6366836701713724 0.6300561834524491 0.6160132122914823 0.6152312025511331 0.6001773370668912 0.5651484815098817 0.573194179605792 0.5975790451283337 0.5478119006571199 0.5650192854667409 0.5490210919715197 0.5392880628927372 0.5491296420608683 0.499361606254663 0.5071866496969696 0.4918312842716065 0.4835464452586117 0.49796608331440817 0.5357295583714151 0.5317421634527292 0.49571889150755805 0.48282298248755656 0.48747298263977934 0.4461761912915384 0.47408823024769864 0.43468139735286904
0.6287160991232235 0.672219684947531 0.6944174043536566 0.6977661259949566 0.6841472693479914 0.7004224800918775 0.7142326138965517 0.6775658120439123 0.6434348696270138 0.647138872747324 0.6700805171292225 0.6784380933643845 0.6188215855862629 0.5839442747091592 0.6314859260633788 0.5984666193810281 0.5977832802864333 0.580410110827036 0.5456535028283419 0.6146392051473376 0.6002161022239341 0.5854951228993434 0.5366772124850947 0.5726780289713045 0.539219636797662 0.5617161189580221 0.5292916885438606 0.5062507635586563 0.5150253690447242 0.5424980626079222 0.5271290776836919 0.5175686686115307 0.4757326629563768 0.48480841752996556 0.5169154305232905 0.4998439784762017 0.5184972322967549 0.5450534098848667 0.4804899055497886 0.46946813496070733 0.4565170353665425 0.4715716133361591 0.41947061410873676
0.6553450071671626 0.6664943835428424 0.6640881164455763 0.7054412339080921 0.6934206164516286 0.7082694707064442 0.6774446674243905 0.7020548404347101 0.6812768056265801 0.6950102470080732 0.6915383338847599 0.664801526617662 0.5992019005013913 0.5861177422866101 0.5965694503207478 0.5432103551380083 0.5802143125928616 0.5677932821554007 0.5484401733154528 0.5894797629356094 0.5792388496161887 0.5543815432659849 0.5818789437858755 0.5711817764476588 0.5401214696917858 0.5687260794565119 0.5198972806329824 0.48962649113308526 0.512337700619512 0.4909350947177592 0.49422670664027935 0.5257635562931301 0.4945254778128064 0.5024048588671702 0.5370781338951851 0.5113159369285893 0.5314330163261833 0.5648479151382574 0.5397326857426765 0.48485584630764855 0.47226878046855963 0.4683594501627004 0.4469571665396019
0.7152268526732692 0.7111206514040522 0.7011690948401577 0.7151198775249072 0.675034496684228 0.6948423671897183 0.6588609613154467 0.6825229534205319 0.68584967530518 0.6870651924459561 0.6707534460988102 0.645811558961354 0.6246145138460292 0.6122765790131693 0.5216181913417249 0.5311702918294502 0.5421189466357476 0.5567232609710477 0.5527526331193954 0.5708677727050219 0.5455865039667778 0.5293219390440288 0.5678691362175367 0.5707706275111857 0.573546454495158 0.53217353129554 0.5154123197221493 0.5353428732753799 0.5094005418257442 0.4780231232238538 0.5160032002155027 0.49932017356352754 0.5131197375169375 0.4927536017413349 0.5293613787317524 0.5154309004381915 0.5898377374090987 0.5449304868042719 0.560918359720108 0.5343412697418021 0.5083884167762983 0.4769395149714651 0.4764236556770466
