Raster_benchmarking/continuous/raster-5.asc
NCOLS 100
NROWS 100
XLLCORNER 1743162.3272350726
YLLCORNER 5469280.608035792
CELLSIZE 10
NODATA_VALUE -9999
[rows 38 to 56 of 100, columns 0 to 42 of 100]
0.22515338319621808 0.2405257595716911 0.24140744520347127 0.2562850216057626 0.2978139905692408 0.2894230064775931 0.2790441091949762 0.29292993454934035 0.28028637051606686 0.26907584915990873 0.24888039271855236 0.24392792047440803 0.20462028272862573 0.2235581962786457 0.23520841625531055 0.21480654510818264 0.22286262778601618 0.2730466821198257 0.29635686785684806 0.2968861775259349 0.32234629090024947 0.3048834829583184 0.28266510858706834 0.31231806195921774 0.3097929074337243 0.2970006713416445 0.312133927515013 0.33261865756518333 0.3912883151331244 0.41365251982402634 0.43885234113223137 0.45028076321553895 0.4716178415245636 0.47079567645425013 0.45543018243513594 0.48240147645909726 0.4391416019774892 0.4362374040065141 0.42832996366337556 0.4365620261096505 0.4316645655536568 0.4163815201307788 0.3964691601532926
0.23825997349926156 0.24154135108494212 0.2699454326987915 0.2951670829903746 0.30125023859578137 0.3166832145853498 0.2892663656410825 0.30530896952295955 0.3008276335684901 0.29767606717469147 0.27455946752441407 0.22771579744909817 0.21428703138285374 0.21421610991570889 0.22360858399622568 0.20761525660433333 0.22460151624718122 0.262280978120763 0.2797166619628355 0.2809473790619711 0.2876945085698383 0.2902823933047112 0.28803141089442313 0.2901701426634158 0.33736220143965545 0.3234364667260724 0.32905612511337007 0.3780302857050667 0.4058195005363277 0.4311409174135859 0.4119596391099412 0.447285991899246 0.45743426318253433 0.4706890791223689 0.47175779023330355 0.47619766221390203 0.45486761315177937 0.4390705916836213 0.4171853306730995 0.4126351677965355 0.3733282304250747 0.39765997372951223 0.3837374250734193
0.2619320164304651 0.2725137833264037 0.28460588386899077 0.29519017458497127 0.3345978204078147 0.31771857384091967 0.33300915536345493 0.3126862585998313 0.32903168022717616 0.3217796349722391 0.26895491090932905 0.25581846874222924 0.2448641899841435 0.23318324237594737 0.21096202182668533 0.21798986538276216 0.21552419787540505 0.23700462655229626 0.27938502424558304 0.27435333595066386 0.2740128575800823 0.26664713626185227 0.26943285643858156 0.2944947680082482 0.31096327764690623 0.3504467018693732 0.34363913773640586 0.36249230530933113 0.3965404907031674 0.4135856011250287 0.3915281941706342 0.41808524090212656 0.46052972085786076 0.45906347759896 0.43038622499201956 0.4377610722589685 0.4096281506670378 0.4277068822507469 0.4270009874149799 0.4049099759153443 0.4094630756586092 0.39520205846829864 0.3844044390523729
0.23670259060184412 0.26043634604342286 0.28248871005050546 0.32893652343092306 0.34661650178406533 0.3275425111922244 0.3489781711272815 0.3520518021587353 0.3437636157922421 0.2981112238304918 0.28656725253239246 0.266381333553325 0.27909738234741177 0.25371940052575537 0.25090089063356863 0.22818554069425853 0.2267233217844147 0.27190955667682837 0.28694116997857466 0.287076487283321 0.2855765128215858 0.244406407935963 0.2597803296075375 0.2738261702915253 0.29145861260408445 0.32623759518969186 0.3784058595651101 0.35736356820803744 0.38875162510887107 0.391588554741473 0.3818145560454297 0.38713161404557217 0.4264104964097081 0.43085092044465967 0.4131873291162826 0.3881831559648142 0.3918428583771576 0.378979525436898 0.3773108124366894 0.36383812775518826 0.3970311125727608 0.39753847944886134 0.3661372341598274
0.2954490397319155 0.2929413677525892 0.3165017824584799 0.3245900358664831 0.36193911912349225 0.34543944832096735 0.32651863366107886 0.34352538864177545 0.34232598858509056 0.295094281391431 0.2699750921265373 0.25758782648350165 0.24807021254153686 0.26436247159083937 0.2611658232185437 0.23918182966945792 0.2538247247942836 0.26338971845472947 0.26350019881864384 0.24329236178032507 0.24560484251921466 0.23900960226962042 0.2411962598681695 0.2716520856270426 0.27816413474087176 0.3244453422152832 0.32903030208507467 0.361353293593747 0.3671837798276847 0.3576216457919686 0.36658783422227514 0.37485249201130266 0.37249218904121156 0.3802419930487864 0.3951629354566358 0.3796906587605239 0.38428305725301715 0.37326991252629094 0.36750967523512174 0.35778220649184006 0.3971252272562752 0.40542228324696417 0.37512128906247727
0.3290266669860785 0.30677839954297004 0.299575983406661 0.3171586912013122 0.3583955223544901 0.3521260017644331 0.32660281328480234 0.3141242015929548 0.3121791361530589 0.2950926175328233 0.2659181524162888 0.25464756820348866 0.26069497898463984 0.24126872633410856 0.22627642672118856 0.2266132047759124 0.23144098074309963 0.26399165957467635 0.2389462357101316 0.2291658728654719 0.220972282484288 0.2331598437632043 0.2279628051142579 0.2523098353941649 0.2404180324647119 0.30453982403217617 0.33268912102563325 0.35807483952206215 0.3538396063231279 0.3686315657944903 0.38730319760091864 0.38750323290377137 0.35968106232853425 0.3807145027913443 0.36574774065705884 0.3425544864783114 0.349982348727654 0.3372673052536207 0.3452775877656871 0.37790336427619364 0.374901569098324 0.4067775631755111 0.41408385223771044
0.3199839968219078 0.33044915318178325 0.3189189937316109 0.34328084473943143 0.3406950971217588 0.33114897860407605 0.34908533012134924 0.3194090237422185 0.29294343097349995 0.30400370250431974 0.2877827908814898 0.2809315517676449 0.2598725767025619 0.2561157182144547 0.2560581567932725 0.2477481733383889 0.2543252491225925 0.2505465193988839 0.23694018622238516 0.21616722455167295 0.20647012135252504 0.20175815018665796 0.2157760678046788 0.2086257036775413 0.24337753464457212 0.24287583610462574 0.30027873779665565 0.3291932449450471 0.3686698345732905 0.38582364276226006 0.36307176227454346 0.3760281835560602 0.3732121597018666 0.37223707452302046 0.3923830229945252 0.35640458184998614 0.3703095531883828 0.36228415550725285 0.3361976792903261 0.35769288550837786 0.3904636917325202 0.41936072481818615 0.3933442085580605
0.32375588899556973 0.33186707296076684 0.3349786444373103 0.35839673325189914 0.3676754600775659 0.3604905298537508 0.3450779174754482 0.3148203720037661 0.2910779461669999 0.2793675038103068 0.2804885404185455 0.24860012531748116 0.24555832920464418 0.2337752664235318 0.22934872441835497 0.22996627255081417 0.24052802785601438 0.22179795392157775 0.22730124283065392 0.23852494769034674 0.2278453416356922 0.212375491077111 0.18817613196504962 0.18341402669783355 0.20644380956791214 0.2401078058752758 0.23918135637875296 0.2822786501695971 0.348069927404464 0.34942565050603386 0.3816462343015269 0.3665857967430645 0.4074584809914258 0.39300951383708826 0.39599230463295987 0.35683194355772985 0.3721168728924056 0.33661522272375854 0.3369032626085463 0.35132054705875637 0.40295531718008465 0.4239016978150469 0.41352244012533634
0.33369082918252074 0.3316075536786396 0.35438307647931083 0.37065237120910816 0.3461078433307156 0.36492520854237764 0.33116938125803075 0.3319330737866514 0.3263571278536589 0.31160049731102 0.282682961980999 0.2678772889672585 0.2760306432985817 0.2462794913526643 0.23848962430419665 0.21001410846814006 0.22849049729817159 0.23473317669558305 0.2308039657144681 0.21260687972220685 0.2201283462462736 0.20532632661220884 0.19919025728310863 0.18495355207195038 0.20418778738135562 0.22836954067327847 0.23137845608815805 0.2568946197689222 0.3268966872552422 0.3459868524723275 0.3447885611594885 0.35874024215198835 0.38212138770560194 0.4055770515392791 0.38775349126600356 0.3584222459344492 0.32939932134083194 0.33265029134474494 0.35715288747244084 0.3773020036119488 0.37719805942226775 0.38609306362479795 0.3943001879992261
0.36506961899804713 0.3603422103522261 0.37068025387167747 0.3330716543954692 0.3293164260514741 0.34485055768535416 0.34586981685054596 0.3108244856482546 0.3176786507989145 0.30525110649711185 0.2796824436251403 0.2705484664506236 0.26934885674089426 0.2644731466824986 0.2181125837434885 0.22079674403450303 0.210834051045563 0.19199665904060503 0.18405131130210572 0.20036145506895067 0.18989005050581673 0.2010087893007401 0.18557772305635473 0.19708931612324632 0.22205636619570054 0.20653809857625688 0.2119096253348853 0.23433049151383786 0.28369919644604563 0.327034621301616 0.33088451247958295 0.3360988058564177 0.3813535891105466 0.40203856957793893 0.3747677835346026 0.35690567197663897 0.31458164462444455 0.3382029518261992 0.33009982779389974 0.37432877252508784 0.3959077739485629 0.4057026974996134 0.39631416255653334
0.3373913484033593 0.36705087230645034 0.33666732964953555 0.3315827261422778 0.32666808219145804 0.3454511781524061 0.34694885038762774 0.32713798245263337 0.31878087923464254 0.3133927962074927 0.2846837839672494 0.2732060455459311 0.29268301087055104 0.2824579993829386 0.25802571874062846 0.23165540522221512 0.2151757821128635 0.20789178452859353 0.20869047956089923 0.19734378454570203 0.19101184002049848 0.18875027000135491 0.21804439574113016 0.2126551446031905 0.2072327043828634 0.2075668426229627 0.2211700830480469 0.24671842749008227 0.254889022177463 0.28823447534781266 0.3392654672094232 0.3438566033192905 0.377781423076509 0.3817548515510662 0.34720995204386795 0.3316779391165683 0.3076004247989132 0.3058880552501885 0.3354636966218421 0.3461875148322329 0.34802053849010933 0.37083945705239085 0.39880276649948765
0.32727953326722364 0.33997732713784073 0.3238772263566585 0.3276013224740116 0.3382210122852683 0.3605703773930976 0.3733366008518298 0.3489033531097833 0.34403591521250104 0.30333759961511547 0.27842615665289355 0.27102257398560226 0.29719017016642774 0.29740046034748263 0.26925663464913846 0.24726887412600157 0.2249967940408682 0.22309069868762652 0.2015450093312614 0.22590080142875413 0.21806962821737177 0.22460644684515446 0.22837113396010167 0.21863904838830583 0.2469565627752563 0.21794000684245335 0.22454850444903118 0.233197512923737 0.26482824254653303 0.2942918150674458 0.3146385063579655 0.33042467939182213 0.3728940567535372 0.3402498769630879 0.32498589407363915 0.32491466878475644 0.3357619511098671 0.3051259906359052 0.3034092054762829 0.3523409745449668 0.35552528723474913 0.4007841876526136 0.4006994970802107
0.3338265878859904 0.31879070129509063 0.3002108714235323 0.3051630331291601 0.31771288001163345 0.335801232398801 0.3282782843700672 0.33840687074003556 0.35467441404403893 0.3263870315032583 0.29430912176159735 0.261832411506344 0.265227957465522 0.26289314331022967 0.27039989637420175 0.23360175987303503 0.2219364962650147 0.2539506679890068 0.22078394086513442 0.21349782487255564 0.22580562750127342 0.22162835439383013 0.2096394826168982 0.21811131662937108 0.19941213393422408 0.21525504915430327 0.24300950375924343 0.26464473582354264 0.3008190136769616 0.3095380751954472 0.3044635438132702 0.327444501047505 0.3549493733920511 0.3397659830005467 0.318793664331582 0.3133617614983698 0.3031117841757028 0.30581999919994385 0.3186456004205359 0.3387107248152874 0.3463973292475537 0.39583576275984467 0.40567852859253756
0.33405940511171056 0.3042557669387533 0.3026488547534486 0.32736226136618357 0.32881710955402704 0.33872337748569076 0.314159126706417 0.32320448863300005 0.32888962495974505 0.33250582361748016 0.28631168001551355 0.2641189783793617 0.26638754004125137 0.25087067503773686 0.25567765489050237 0.2681634997909882 0.2526166400191566 0.25930173821527286 0.2598936832935223 0.21187287019040743 0.19760994125643477 0.2252118060488421 0.204963478851064 0.19896669323202693 0.19178473465879023 0.23353801599583807 0.23273672654268723 0.2586662125281327 0.2976220884864816 0.28727396983317877 0.32562848731675004 0.3110192231269644 0.35039412066044734 0.31542074649193624 0.2942772380816479 0.32076087503929845 0.3041232318082307 0.30062310279089743 0.32595612198936186 0.3542166480977489 0.3547280790177723 0.36781932321566463 0.39708706109471265
0.3380801746448935 0.2987275584943782 0.33321549725373023 0.3368378953774306 0.32029918088327874 0.30360577654601223 0.3120112902286149 0.33523105234889394 0.3193421084492407 0.31196481705603524 0.29499219400772536 0.28544896373984596 0.270426042516077 0.29264729410757906 0.2987277838307036 0.2665925999254394 0.2642158108006514 0.27672272495995526 0.2629101985937303 0.23187355862571074 0.218645022086365 0.20961259404121535 0.20742926483451074 0.19624480880528225 0.20631018853814143 0.2192925881662019 0.23837728059558305 0.23578535292398653 0.2806951910914011 0.28907341171822537 0.29811031536878085 0.3164262614408921 0.32519412314498086 0.30888147625899975 0.2940941188813478 0.3107673184150383 0.2849134761477343 0.3159764624326704 0.3314559591814795 0.3469870690966445 0.3664513823212398 0.37969442227259337 0.37361200813022444
0.31184198737227864 0.2910129029726041 0.32723677315786603 0.31280288303396914 0.32413733666769634 0.31304951187722313 0.3136580911319162 0.3374391609207243 0.34074028535541223 0.3233226663551391 0.3038388554268768 0.28669903969300636 0.2755881288191732 0.2875293050874286 0.30257112201739345 0.2668343137417266 0.27105205688042205 0.2711260103411712 0.26949252288184333 0.2400413164901491 0.21523153894324723 0.20427257500734447 0.20296357967555415 0.1852168238287951 0.17381719923721192 0.21344278558190585 0.20246584875971474 0.2362319087572065 0.22781465185609567 0.2605095063767724 0.313139693926501 0.287508225162146 0.29899958277700084 0.31316564802083524 0.3228133240894809 0.28247207627888565 0.2819588279498113 0.29440407188923823 0.311045246919338 0.32676555137824626 0.3194547993426664 0.3629706360412774 0.3994704664681613
0.3044308995762355 0.2908343512876364 0.30733866713747454 0.31099193631887245 0.32791814936601893 0.31531459564940034 0.3223343207035332 0.3213412246380033 0.3369493480456038 0.3191055208843148 0.3009319670296802 0.2822329692156283 0.25827553588734775 0.24678147013274135 0.25390929521764444 0.2809660296876853 0.26799141544628985 0.26058275941682685 0.24102113836854003 0.2144780174489533 0.20127336561181358 0.20975201752612405 0.21536774390209845 0.17679676109496878 0.206583450550974 0.21480443197652532 0.2261464935854398 0.2219713911610982 0.2067895593702934 0.24633003178823767 0.28797028237792854 0.27235296040353985 0.26120589517174764 0.26620893508696997 0.2729541715276866 0.28159026603836335 0.26235915918383923 0.28504795329205823 0.2874704151664962 0.2843830391256071 0.3154500980508829 0.3384369588447604 0.3464902360660447
0.2702795894487571 0.28786131223739425 0.31912942768259545 0.2839524717651734 0.28036953667956865 0.2841964050628276 0.3005578178022139 0.31125625082353287 0.31023893891495813 0.3139431673582242 0.28869581408036965 0.2573364386646498 0.24118009237438856 0.24656596805317182 0.2365473249879294 0.24302908802322407 0.2741085933530486 0.23341981012949523 0.2246477468888915 0.21518755802108677 0.20808627113591552 0.1832090943469882 0.19265322357608408 0.20949956086194088 0.20925436871895398 0.21540456996610285 0.21207163857223948 0.21598553462933825 0.1849051073322734 0.23655616500725832 0.2715549175204253 0.250414737327361 0.24570900119071662 0.23002581012659182 0.22670514832476776 0.24348449254631085 0.28088972189750666 0.2509036799780674 0.2525324882747334 0.29262817905452865 0.29851402386231046 0.325847322636777 0.35407867795876824
0.28560069280334943 0.2955699935837311 0.29449132142556617 0.2958628021537525 0.29107363144352627 0.28026824977393466 0.3085225303970899 0.31090447994045023 0.30381082437675566 0.2788955859269284 0.2831086577925534 0.26364123154127284 0.2257832524601956 0.2512124545478483 0.26418032017850196 0.25425199925193737 0.26697285722724085 0.24680214991780605 0.24904465773614673 0.22679503035185564 0.20621493288927883 0.20140615434127507 0.19391388242377128 0.20437403406939494 0.1986238137970676 0.1892991473917269 0.15537477540779612 0.1751448624467308 0.20571879210620958 0.21794771997667242 0.24896801483792594 0.2303156875027264 0.20577445347559606 0.22133073240558315 0.21526155063461788 0.24918173193515403 0.24029867992206824 0.26498719268365106 0.26021228072747543 0.2692710308765563 0.2582446886517333 0.30551520656805864 0.2960633182871491
