Raster_benchmarking/continuous/raster-321.asc
NCOLS 100
NROWS 100
XLLCORNER 1743161.503574558
YLLCORNER 5469295.43708253
CELLSIZE 10
NODATA_VALUE -9999
[rows 57 to 75 of 100, columns 0 to 41 of 100]
0.35145880492092146 0.3366563597201132 0.3260370857018237 0.326497803041786 0.3323537055660984 0.3759675998582626 0.3563976847647387 0.3247106944340565 0.3007797784705927 0.312727900679535 0.33618215126936213 0.3048072504941586 0.2721714347360673 0.222493153241827 0.1881546040679839 0.21052733050172828 0.22076809669371544 0.22361932565376694 0.1700947016816256 0.2037731351814046 0.22785514572165105 0.2566549759066253 0.2637293980974439 0.29642189170148997 0.33038360220699625 0.3162884904145083 0.33690463700728135 0.3269286822398276 0.3703669987401944 0.32325944190155037 0.29458763690043954 0.2708034750080176 0.2408737712541771 0.1951134673195025 0.1796875550845753 0.19396609884971702 0.25507497480703584 0.24398123565294502 0.2381964368588436 0.3062256648892418 0.35353967571332606 0.36810295351815125
0.3289874796956499 0.32823516047152584 0.3217369498836496 0.36700161591098424 0.38105557623693204 0.38378566124290053 0.34478122693253344 0.3444593895894083 0.2985411869512196 0.30601947161081644 0.2928643851465687 0.2870463363481246 0.23938932226081475 0.24157899240142178 0.2088589913781547 0.2014141959214969 0.21568327576890445 0.23486546567598793 0.22661506597365336 0.26327075054422433 0.28467408547460454 0.2799435255952726 0.2998806893898884 0.3080466362416643 0.3009526241240373 0.3033969496163519 0.33435292919458476 0.34509750613696716 0.37017233076720385 0.35608081752863563 0.32196837775809684 0.28058682000702573 0.25114600477796784 0.21268797129713277 0.17466937104521224 0.20406120836866476 0.2489537340106555 0.25477018558192416 0.257147813439307 0.2788135995299053 0.29472127377224056 0.31426888921331925
0.2957432987338161 0.31323955233723644 0.3549272139021994 0.3847070368403623 0.380202316679566 0.35940774065796127 0.3769739108824596 0.3424596351308497 0.3140573765273485 0.29769036560196394 0.3139835419124725 0.2910046222564223 0.26171154733176705 0.27209962597495413 0.24723613206990264 0.24025732407797926 0.19498892664276232 0.21736344470290916 0.2493122843202802 0.2847698133916427 0.29808921518901876 0.3164382536635528 0.3386003984591719 0.3256572166225483 0.3281205862722231 0.32119600462456205 0.31973552099176844 0.36001324023008235 0.36034888676639626 0.315365368662995 0.29668530110526775 0.26719970473416293 0.18817703943488845 0.19672093943018765 0.18444211031242416 0.19670473932660393 0.19348373577672046 0.24072611588001 0.28356573845308763 0.2592078533868242 0.29838491592294 0.2919781709927324
0.2872103918108837 0.29834538768916213 0.32440291978363295 0.3404356842949454 0.3340762642832568 0.327693518505663 0.3099799732591263 0.31358590822276705 0.29491947442327776 0.2921289376496546 0.2906549862765576 0.29001247083357506 0.2642404116629096 0.2767023690727298 0.28443785896561463 0.2586760468776125 0.2531944207526982 0.23598533761073542 0.254837049281516 0.28379937502959984 0.29917858801157926 0.3396825638555469 0.3578330312146836 0.31228017382625145 0.3233477966803932 0.3380864560644125 0.37462651126736984 0.36567267715647195 0.33656504878752463 0.3275133380339549 0.2723683538754449 0.25075127335447067 0.22566288559584882 0.1900127644627776 0.1859046986462734 0.19112630222581675 0.19195950793742955 0.23785785745194424 0.2543895598877392 0.25033062320105204 0.2794544504308686 0.2966591977269861
0.25289870066199505 0.2967473297650621 0.3549478615257942 0.3230605147430866 0.3261622806369232 0.324137047067837 0.3291753734092578 0.3282014660570727 0.29693673653618013 0.31764142370118126 0.3004168294023994 0.30652634108221904 0.28908057247506597 0.2993800373702572 0.2699875672263955 0.3176432178582031 0.3134246399433527 0.2689763830088795 0.29308272785633654 0.29994371406682424 0.34406421728762243 0.30522369531743276 0.3425727312444506 0.34120128385846843 0.3476893053561956 0.3663875737227992 0.3771124054057341 0.37946565063821347 0.3235540163017973 0.28685339743152277 0.2814499750001465 0.2390753296368738 0.198223872310342 0.20316348639120543 0.17057174961438484 0.1705147427222659 0.20839914313744373 0.2036499351758833 0.24459124897384515 0.25296965168231894 0.24812047973853152 0.29391011192694616
0.28072537063556535 0.29010426182361243 0.32190031672727343 0.30470167519097063 0.2953058346155346 0.30173605698529793 0.3080498169386473 0.3433101263771589 0.33191104114580394 0.28918900819322285 0.27950037252288895 0.26018833960294174 0.29315884793520147 0.28967315432326746 0.299712794122979 0.3320892861964119 0.3297793714541175 0.3155331176677305 0.31320895753317446 0.31477543681000814 0.3292234524862662 0.30036251085681503 0.31675952091403586 0.328576366547205 0.36673343376833006 0.36313249052714974 0.38001280796177705 0.3726614111330323 0.32638137351940577 0.3171703759619474 0.28559525192654056 0.2580842587126998 0.2465106452275803 0.22805777633261845 0.19777701021381305 0.19065663906090585 0.2001313945117173 0.22155509311531915 0.2083499250285898 0.23357816534603423 0.2568371191789453 0.25589124485217885
0.2713375607002875 0.303208431900029 0.29934772808383786 0.2994820210930959 0.28692912049094993 0.331979918493705 0.3063214765753954 0.3238151196173172 0.3374578218185384 0.2967122466323053 0.26151545205615223 0.27172891168990393 0.2588978796337705 0.31093154397603034 0.3222106602967071 0.3520964491125678 0.3365202469453989 0.3279702497509669 0.32632338915387504 0.30884704130827545 0.29109368833414523 0.29943375828813124 0.27947068217710563 0.33062323755374756 0.367914914639502 0.37388470968641097 0.35277547556438366 0.32800516657276513 0.33089764086397605 0.31129442144689595 0.2473604387136154 0.24390510428227977 0.2371842348563653 0.26000005897452083 0.21238017144107083 0.20871327725824776 0.1815000114610852 0.19020420376713873 0.21240413220187507 0.23536958009648254 0.2726848805893048 0.23018747067425696
0.2689511021654311 0.28555524964239515 0.2866578408426522 0.28384100407392826 0.2794095231516678 0.3255120945220165 0.34578546049017594 0.34051924593560484 0.3073454567863892 0.31378137672466855 0.2749975600931234 0.2537959856804874 0.26681065483859734 0.32985308883439574 0.35238565694254387 0.3495947637412524 0.32081080053417793 0.35088753606074785 0.3270111359613695 0.3384932691630069 0.2957400911907337 0.27608774572600747 0.31022067268234216 0.3253077127580765 0.36375815897349073 0.32027131881310605 0.34076433434967207 0.2971684203360875 0.2777501264100249 0.2898822116106502 0.23842703759263323 0.2185372567175952 0.24925095461585312 0.2552633812957241 0.22055449229179172 0.23014419595998517 0.22523070434786496 0.19646095372895034 0.19145822767973297 0.204567676587514 0.2154731044757661 0.21821463501511976
0.24279333125692543 0.27073757177570207 0.2659750088996041 0.2876391414306443 0.273318109645745 0.34355012892811254 0.3631699163998609 0.3652692552628422 0.3336643156676127 0.3223421012063935 0.2705804711114254 0.30112307418509676 0.3201924758699733 0.31005549318252623 0.3202725922895279 0.3550143144835689 0.33429001396471325 0.3415181502849761 0.35672941016105625 0.35118382426280537 0.3034545021216015 0.2750264871311778 0.2776892798177754 0.30189187603174455 0.34665240922523394 0.2963494583063073 0.3037193236863359 0.31791168581982804 0.2998957357127883 0.25331570174994156 0.22299647465704614 0.24052077251043227 0.2499073609981608 0.23426598066624332 0.2183657520334735 0.19276424292308458 0.20093672440066168 0.1606545082194328 0.15353095854599733 0.20113077862245338 0.17813164148944943 0.22628397141923737
0.23184696393507845 0.25545343640421253 0.2504504757012645 0.2572387523590327 0.26569623644774265 0.303429133921422 0.34607690800166113 0.3242010362084367 0.3225638552466339 0.3316333032237995 0.3095134692391317 0.32766604041936054 0.30666836859613616 0.3183539171985327 0.3189743155559629 0.33928296031422533 0.31511808463442864 0.3315239814160813 0.32107881429716295 0.32768934399283567 0.32142604436022676 0.31674439338741434 0.30793305802540755 0.28542943725266284 0.3228592118674446 0.3007404768859857 0.25434402604768996 0.2786918403539473 0.27988872635524453 0.2701095872827577 0.2134338246068377 0.21967602534919536 0.19504383538778364 0.20560532448822086 0.1979965109598122 0.17964989183011454 0.2015186099619645 0.1676709428402736 0.17222951220880012 0.1942448180005185 0.19647508995304486 0.22274446182759175
0.2539340436051078 0.24946493687529336 0.27128474006859377 0.2531952585666536 0.29562591330007165 0.29735100237137924 0.32163881771200503 0.36904320726848516 0.3492813010645603 0.3479969669183917 0.32787268922728 0.3563875286230158 0.354777945589145 0.3560340513607814 0.3092227754913346 0.3166573596377977 0.32930585253783023 0.3493807837794507 0.3690331855257958 0.3170320530525991 0.3212821410608549 0.33631932845157814 0.28894262602447773 0.3039034003929139 0.27219994616441995 0.26345376232610174 0.23938272476799388 0.2614866510588972 0.24810536197474362 0.25070503281975126 0.2034849488785766 0.18097515550161378 0.18743232108637092 0.18193817263463352 0.1563527382948063 0.14935612156271064 0.15462112799220076 0.17123353423920915 0.13711857068860261 0.17655885748968514 0.21845334170672362 0.20836357228776375
0.3103214222449771 0.27410187443379985 0.27454405324272946 0.2753214932723624 0.3282629433389812 0.31774812802594643 0.37905702697149796 0.39122625209705986 0.3731639671265519 0.3367848781389244 0.3469906883325912 0.3527873756978999 0.35106721880164893 0.3405248241539778 0.38077703125873313 0.36700913389101814 0.33872998528432746 0.332064083810653 0.31369641293276335 0.3208921036354489 0.34434754227626546 0.31176314785219345 0.33202595343007807 0.3065161288298803 0.2906519130062913 0.2769607145873309 0.2425256514424234 0.24534189992813935 0.22021109789762455 0.254643048970558 0.2329834132207311 0.2129540875807601 0.19353225393620094 0.15121356154139087 0.15820622271424398 0.14730575243781083 0.13494802350363133 0.16462879318783766 0.15725287174648783 0.20756621827637786 0.2195103662737409 0.20353852456537866
0.34088046362938235 0.3261454953163413 0.3082716155744702 0.3107932443056175 0.3273216885784838 0.3811569194261317 0.38875224314729534 0.4204819325551258 0.4113114938906455 0.3924799661822251 0.36269859114718195 0.3967236930782094 0.3582531684816342 0.3862694203137001 0.4002887171177171 0.34867401729799696 0.35504204778548465 0.31739619942423775 0.3268336451944261 0.34102196348738584 0.33245758695479827 0.32320979853488235 0.40792637520213215 0.3643875474649117 0.3582436561176406 0.31867704878885666 0.2720679339652701 0.2603429536272765 0.23225427642210653 0.24750118935785342 0.23043155381278838 0.2293509329573573 0.20425927013950113 0.18960367041507473 0.12256167516322183 0.10340095248155892 0.10812910371411481 0.15423626695606518 0.16846735925466022 0.22963544964583313 0.22901062995365123 0.22373512893834877
0.32705711658347164 0.33986189343172485 0.29880041884394387 0.33965102042141937 0.34043596840340146 0.38619299989750516 0.39944946362702105 0.40458145953894753 0.4204665845763304 0.400930159557783 0.3934304032725317 0.41429173469626607 0.38301390328879564 0.4122337987984463 0.38168135350498256 0.37569356148211297 0.38258597498027935 0.330706582900237 0.3329842214512151 0.34676116247520844 0.32221186289817155 0.3370880988037927 0.35117027597162676 0.371986262743566 0.3327398147795936 0.32885640937422955 0.30743822819510297 0.2780607356706632 0.23710654027953937 0.23063050618142217 0.2532536049502233 0.22870595762451473 0.2128414745375445 0.17196409452612654 0.11172515387857969 0.10336400418560684 0.09387250432814465 0.12367910380957968 0.18393377449142806 0.20694219440263023 0.2059679265057683 0.2530271088456058
0.32565457243371354 0.31533799096976717 0.31291433809123037 0.3554957497540784 0.3797335730738806 0.4204424125797857 0.41545632447949526 0.43602601773441535 0.41004758207077946 0.40108994276920645 0.39788207510641527 0.4067547955036702 0.4402171618640258 0.402358152335781 0.43182681499311987 0.4239772742524992 0.3827817413482662 0.369719594928593 0.31273141307650293 0.31256802450562576 0.32795603357360187 0.3227270177148085 0.38705232367956927 0.3379572621022651 0.35095544342563345 0.3385061478182892 0.320551621125022 0.2642858164488727 0.2478114828821078 0.2444597948533676 0.2690319723991327 0.22637855622957576 0.19566558289259037 0.15876107260618633 0.14814334185485187 0.11527345643283214 0.10534077948149473 0.12013465083794206 0.1549900585048513 0.18527419209060791 0.2219277004552514 0.25971891687375215
0.3402996715811819 0.3508274030934019 0.3746102225459772 0.3972729563137175 0.38328306515934774 0.41318526533718836 0.43073778747071867 0.4150611474888795 0.4216141799842926 0.480524094428534 0.48731488313688537 0.4705738404236663 0.436234587567383 0.4257562208160391 0.4625022361258183 0.43174822106715416 0.37459083168643437 0.3884854394155784 0.331237167305659 0.3493195756578064 0.3302535457332756 0.32893575660539753 0.3599278232539733 0.33273522931994226 0.3402431973597347 0.31971323658479894 0.3116118649971608 0.30580547524610685 0.27325837799260944 0.26667314979243184 0.2721585831465043 0.25694988631905663 0.18586007527765744 0.18467156684916428 0.14250027685597105 0.16494397751823006 0.1332940313156858 0.17739522830841292 0.15844708435172447 0.18897459337486097 0.23551675122756385 0.2703894414406453
0.37625175859526017 0.365971953607958 0.3799820331238127 0.374950401409842 0.4177467058426629 0.411963818261878 0.4007313586131956 0.4429490118706341 0.4732902846119652 0.5075426462796341 0.5337717688994504 0.48591100291442324 0.44534777284556976 0.44955768576268096 0.48350024318031826 0.4651560147307864 0.39075596700034426 0.38915945948941544 0.370661725464538 0.3689342238242385 0.33872413541969904 0.3123742256274012 0.313791743242908 0.33153968891040586 0.371813506184483 0.36181979985099766 0.3236630927379113 0.3449010448887339 0.3445736048406589 0.3152624162745393 0.3135109866271238 0.2673715925502543 0.18984603069768022 0.2010460361680323 0.13500090652379068 0.14055140958998355 0.1810308696342091 0.163203925315853 0.17308823690414213 0.17050697250942032 0.19083275612865586 0.24394869360301932
0.4001724175081232 0.39930423296822304 0.3866225528954951 0.4003211750022948 0.4320506189427047 0.42081212032122306 0.42722120538263786 0.44246240743824927 0.4434563505941631 0.4602858205290206 0.510895079023871 0.5084060084669783 0.5053753304802762 0.49375202073076246 0.4957865517608431 0.4508187875824214 0.4115301996116739 0.3929597614986141 0.40863402824235334 0.41112338654546426 0.3864005676839198 0.3505779170671116 0.3195906455024964 0.3420013751348081 0.34955743234088055 0.32669943548592506 0.34525993961942214 0.31267001894653496 0.3526324934905441 0.30534874769981213 0.3061667886402616 0.28118854661729803 0.24161658997847993 0.19341733502680458 0.17562786475554765 0.17681236098834752 0.15706068137216453 0.19463540913493815 0.1952365143426788 0.22295453055496003 0.24050000571621816 0.24614652776354526
0.46257218490899293 0.4288207332000433 0.4272546920369517 0.4319320436646077 0.4634331139052626 0.4504417595043239 0.44848404497086153 0.43537986387235644 0.47029299157552834 0.4539164441100843 0.461342007602335 0.4845046795008997 0.4898159115893682 0.52563598295618 0.48364385674825155 0.47876530979742554 0.45248043823085954 0.4177922431397986 0.4289525988898394 0.4427594527817683 0.4003877249345898 0.3698830764863249 0.3399827167190705 0.3223193834169721 0.317476763140304 0.34818340268402154 0.3243281849180763 0.30313125844188143 0.3395516815857207 0.2926214252550797 0.2824772736542875 0.2651085337629764 0.24826290835204654 0.2574242064365742 0.2423524473441034 0.2003569219726965 0.16743064955297007 0.22096259997571827 0.24371185708936852 0.21085204595680646 0.23762327445737422 0.2463026792815278
