Raster_benchmarking/continuous/raster-136.asc
NCOLS 100
NROWS 100
XLLCORNER 1743159.8169654547
YLLCORNER 5469278.920964848
CELLSIZE 10
NODATA_VALUE -9999
[rows 57 to 75 of 100, columns 43 to 85 of 100]
0.3033866721043743 0.2689214905283366 0.2544673391879516 0.20281919222293912 0.19367591109759685 0.21472290082283232 0.16848431344051942 0.14938556182384358 0.16207240626388644 0.1643577911266268 0.1685241414670357 0.20162812356651308 0.25148778349174966 0.2589042313776247 0.23626664190839 0.20517552820021936 0.20696117901600722 0.19735784813703394 0.1851820065735437 0.15584476577470005 0.14390684469536782 0.19051134424192798 0.21718202316525875 0.2351279807266122 0.2581963696510636 0.20999229523791293 0.23289983535612616 0.217515088009968 0.2653429682689213 0.2966041805797608 0.3476960924838589 0.3601946575947952 0.35546575663514823 0.413185968994436 0.4426871265026445 0.4878807916769442 0.5212787393762901 0.5248518776839378 0.5439281009418163 0.5648485570475594 0.56778005876293 0.6250164598557669 0.6566562023772052
0.2854728016387121 0.283981707822227 0.23622518698226555 0.23152383152952963 0.21647677213622205 0.19497790826148087 0.18336067312031035 0.19639894447764522 0.13260629565049017 0.15147553227325178 0.18042158568798483 0.17245987721124134 0.19171575223799328 0.22384450079748103 0.27336734170879834 0.2121684817307862 0.20542855797421974 0.18646920414640378 0.20214611042829184 0.14455590445248742 0.10565587755371819 0.1541863357829517 0.12516104469757122 0.1821696726799867 0.22508282803126756 0.2320767998477448 0.22008841740831644 0.24000269577865083 0.23037801123792512 0.2987789580716961 0.30935581825857594 0.3602361004329164 0.4141412916717457 0.4580954726976739 0.4449297166791718 0.46459871839074474 0.49758446381774885 0.5324517215334664 0.5060569201308259 0.5704357460426547 0.5433196450147814 0.6223053877200964 0.6232817158331381
0.2670197449266941 0.286296645839246 0.2591336043509532 0.22515348550866335 0.22105653600678424 0.24073713259774945 0.2275596980083508 0.19499342083629276 0.19197497064372868 0.2045015506570063 0.17951532370280596 0.20455853513753505 0.19086939888407234 0.2541878092481775 0.2855600482215731 0.2462820050566366 0.22419700156832525 0.21395210631620362 0.19179902833087392 0.14017408448027693 0.12359836470991234 0.09133954009346706 0.13367676158343114 0.17648481908457977 0.19611704938883578 0.1972940509417135 0.17692182301055834 0.19480789669677473 0.2585397843668509 0.2924318011558188 0.3467967625377753 0.3648510729990078 0.43026844641320133 0.46672272757012306 0.4547352129302119 0.47814792036576176 0.5321516569696247 0.4996076907659637 0.5326333339754209 0.5694593423305404 0.5857943606122645 0.6084490674197517 0.6433991812682169
0.305502757199974 0.28718608624664455 0.2679747080833183 0.2320856828834399 0.2474592465011306 0.20471872332761562 0.20217672671682052 0.19439434777950926 0.21094089446605457 0.20240939364134597 0.18949084547975495 0.21544038683822891 0.20009896935736435 0.20380356656952478 0.2492886792390828 0.25482904590103356 0.25086235539253815 0.18150166576493335 0.14286944605859556 0.12615526893106183 0.09223830270678694 0.10300103390310164 0.13719487861385612 0.14251161959561684 0.18566603156643524 0.18960255582425437 0.18546203739329895 0.21018549989366148 0.24291031680975889 0.3113883630254746 0.357473576847798 0.40700889779199473 0.46923485493657746 0.4666149658829459 0.4907373169822589 0.5195750594261971 0.5579648205024376 0.52565919908789 0.5162682577642357 0.5507739449529789 0.5880667088130446 0.5898447176886238 0.6155154156761373
0.3196839905060308 0.2729694104669361 0.2544490145584619 0.2508377120979949 0.23607814693536414 0.22510255383492878 0.2013987307750646 0.17856210000246744 0.20296327539536269 0.1844342950744477 0.2010096348645695 0.18958014822397495 0.20151028984135877 0.19563216660383717 0.2125301400675773 0.26669634165607076 0.22502225612765597 0.21819897322561976 0.17650343494882909 0.14432938882610977 0.11146245989511656 0.10411827163547216 0.16586102741468417 0.14159240306297538 0.1425425024256789 0.18943193951010515 0.1875884936126614 0.22117591949880486 0.26146854914598855 0.3031298329583542 0.36653114199639264 0.3736251623562637 0.44367108219532336 0.4368595635438455 0.4705629909873718 0.5242189089137382 0.558524252439397 0.5252169148545696 0.5426581197589035 0.5327076062136288 0.5597450105358491 0.6013991387250837 0.6516223108951981
0.32162466703734416 0.26678554817748606 0.2644830969016662 0.2777318412214922 0.292345506839707 0.26280690004311286 0.21392651298409807 0.21821334320040783 0.16775719020410831 0.1366589632799183 0.1887621131696184 0.1917861198242759 0.2259685559104376 0.23015872807846144 0.2196007033584281 0.2578656274551233 0.2354276472951625 0.2148809565383308 0.21285052545912936 0.17110751424062703 0.11484428345766026 0.1476503266023601 0.19276151631524735 0.20273847850988028 0.16772270813871698 0.2223727553658451 0.2237633313204819 0.2542603673905934 0.2802554713389217 0.296461306248467 0.3654786555235656 0.3935498516543955 0.4106600580259107 0.45797959505401614 0.48792306813836095 0.5241819247368811 0.5221725936752105 0.5348951862094153 0.5495159340315047 0.5708519095934208 0.5937022073986088 0.5847268496259486 0.6484262938843667
0.32434463103337957 0.29113295741568096 0.30728833223085317 0.26202699795845064 0.28245107327277996 0.23377500360963702 0.2397190746590637 0.1989650749912056 0.16453144286773322 0.13205224372447447 0.13468711914699627 0.18495439685561502 0.18684548916311264 0.20134484638322445 0.23923904841555438 0.25753383706914457 0.2523308001677019 0.20599876906922623 0.20430314615377723 0.1651533202933874 0.1456478567700509 0.1694731354161775 0.19190739058785627 0.19658642015244088 0.20247876499807052 0.19982637447903595 0.18103603448020114 0.19530926051219463 0.22199505313884496 0.2738663556624362 0.35440598202694695 0.3687738097828789 0.3924071109348684 0.45229684019915317 0.4687028965173275 0.5023892713087283 0.5324856959546885 0.5346460138049242 0.5423159683340745 0.5637510438667162 0.577724397840388 0.6000817844352726 0.5892083982133061
0.33582132559818545 0.3261749262544755 0.28819408575781985 0.23586556183465993 0.22806428456673739 0.2088490152026322 0.19979851855272815 0.15789365672292294 0.12277917451996928 0.11354295385611263 0.11576943091403706 0.1668129752712922 0.16760947649190794 0.20295429450954014 0.24682054979359364 0.22034690304640164 0.25383888433531626 0.2257005293723529 0.16221693107141025 0.17776651059074894 0.1297686318876811 0.1843491597682076 0.1682916911628532 0.169348457616689 0.15053992937015148 0.1459162215356177 0.1523336757026909 0.1923230602100345 0.20093983520849432 0.2632127044524617 0.3666956419393026 0.35101675002862637 0.40257776392354805 0.4481625340269882 0.47240788146026913 0.48923150151249606 0.48400404115675216 0.4832349790032197 0.4833110873064748 0.5242340964230737 0.5422619403595228 0.524556208154634 0.5405895499385703
0.2980695013358786 0.3092101408704502 0.2637337110174826 0.2490439033459527 0.1956530850705901 0.17094720293122892 0.16570177595841426 0.15447371673309154 0.11304850310849784 0.12326557417218324 0.12489361335633074 0.11432704759029963 0.17352651572576197 0.1624322795914123 0.20686680716577782 0.1975260248280041 0.187502419543734 0.1904048009349572 0.1432641433927115 0.155897922969796 0.18350794626841305 0.16357245816221108 0.12855215678150614 0.12053810497546087 0.12790350412194268 0.12037339884331076 0.14745844415189255 0.18262076204053362 0.2237873044919038 0.2555961840918989 0.3496185459709047 0.37472006977166256 0.4174149284459071 0.409458584113667 0.4233245215031365 0.4593239136468296 0.5093604460628782 0.4700992352330212 0.48786327228586446 0.4991416058667462 0.4760897889061356 0.5052093013096873 0.5211510972825943
0.2841064299312531 0.2873253598249661 0.23098409315249102 0.1948297986896424 0.18322572877905877 0.18776203151138016 0.15914156827429443 0.1446277455059127 0.13183988407641337 0.15623240839645638 0.10987055408775195 0.12044981448859259 0.15032912516234476 0.20456181427376352 0.1971132579957134 0.16637544515039865 0.1779208113822007 0.1705319376159176 0.120228830753836 0.13163029853915967 0.16455625812217373 0.18425942997573588 0.13009973994049548 0.1426000339574932 0.08880475522144471 0.11659195854344649 0.11384826960819268 0.1440861036261748 0.21317666120553913 0.2634461971582142 0.29853723184394715 0.30980269354316514 0.3900445045359713 0.3858914403424561 0.4617293321512423 0.4988632549530299 0.5133329602989621 0.44366276783015257 0.44159603284206667 0.47748466066112294 0.4717020768494993 0.5118703657155373 0.5201413822558915
0.299111470608635 0.25519332981102233 0.2654602210272035 0.227235167499999 0.18142753430527359 0.19310474280056375 0.16727458562246614 0.13074507175943478 0.13717734861227796 0.14044731893370482 0.08493698783936537 0.1081756743421776 0.11902269534926369 0.18168094549020058 0.19775159599979794 0.18567816284398053 0.22208204256378472 0.18302417757421333 0.13999434738348326 0.14425979779789602 0.16349549201960809 0.18127112104418194 0.16058318406567457 0.11316813129465489 0.12377632900355912 0.10606431103346507 0.10824507247043759 0.1475733364922574 0.2075368417580773 0.24918254897288664 0.29056725666883787 0.29166642812285115 0.34867260217205187 0.3755153171303727 0.38826144440551635 0.46298000214507196 0.4444652375166514 0.47269836298337337 0.4520681955354195 0.480276497943826 0.5114754842474302 0.49792310941228957 0.5156458021224072
0.2832234062781169 0.2540953595951328 0.25518444013695346 0.19580421539250742 0.20471818284395923 0.15472463997049596 0.16464385263256837 0.11947494191752622 0.13050767145472278 0.12312976143595387 0.09327772795430632 0.1346176267957463 0.15477415356324636 0.1976018139360558 0.20288963929858495 0.2236926754974749 0.22711769107357785 0.1797385634125127 0.13506354287522257 0.1411423281718155 0.16863213551902742 0.16673367443633394 0.17080165243146067 0.1332640582849031 0.13461832360525378 0.12406909615954342 0.12640504536640476 0.15910132828596527 0.20830152370630983 0.26373913820672 0.26527811422004105 0.25800957675511976 0.28529702957626035 0.34723471191767774 0.3756428560712715 0.4163944781417772 0.41234485515257774 0.46010119470440564 0.46465420807117674 0.45576772116103814 0.5158321708710132 0.4979608038010814 0.5275689615326907
0.3132716621891317 0.28237383483195355 0.22773824330682257 0.2020147333463279 0.14979650464863675 0.13976984723207303 0.18069366285814098 0.1620533122743357 0.12260704287566969 0.1533130203162097 0.13128155472995767 0.1272383980036532 0.13995910892582739 0.1673632349055103 0.1588537546583196 0.210384665851816 0.19798539963813672 0.1523162356777456 0.1271473335826542 0.08560981173465047 0.10595112844649941 0.14129184031598904 0.13402077939895402 0.15480722615864484 0.1443619502589654 0.155400602596996 0.17402595855340863 0.1521381156667111 0.20156013996234362 0.21881267012437247 0.23145586739669008 0.27632814729744 0.2759260044796682 0.33851254975613954 0.3697564720367766 0.3603026738166853 0.4139395019361059 0.4404515937207095 0.42657021461571837 0.4634161067708283 0.4547328898557314 0.47638388044200475 0.4808345469092131
0.32637393649990815 0.2913948607324204 0.18454685136198465 0.15941154854714296 0.13994181815086976 0.15584740818230453 0.17502343082731991 0.18094995867141342 0.141209957432887 0.17134172589530208 0.18101181909564104 0.1924078895678835 0.14223542539732162 0.1813639745638338 0.14159640522524222 0.19420737911964997 0.20302869611941493 0.143228808757351 0.07786700659130785 0.04978612600505823 0.07949226528921631 0.14287806203928527 0.14701203063956853 0.1744898715337398 0.1496745312556529 0.15885257205513223 0.17352901117575098 0.16878156292119162 0.1822302612374731 0.2416233424002603 0.2501672218806548 0.26955668950776024 0.2534829716183518 0.2986162105501005 0.3161296552023293 0.3477642187592441 0.41371208961911965 0.4341742808884073 0.4533914204370808 0.4754321076880122 0.4699882695702966 0.4897563908910316 0.4686676616770236
0.35383900438365523 0.25454260087416897 0.23350086231876907 0.1814932663027078 0.18364786639376177 0.1902797445369542 0.1940996138489783 0.18900237024072247 0.20605851098159195 0.17210853926292657 0.1885695440884473 0.19529193868179603 0.19437191564944253 0.1715724362986993 0.18855705218772595 0.1645764343183216 0.2019055117983688 0.14719616174545996 0.11702458266120826 0.07016164917637208 0.05709704745063466 0.11132384808077365 0.13361524896565188 0.1588431387228156 0.21717327074242196 0.2090428310204262 0.19900158060381498 0.17620249778258235 0.20157670187901577 0.2337152234413399 0.2677097125960385 0.28131174864881126 0.3330291549992823 0.3388631109118537 0.3519835349073923 0.3563691731808242 0.37447325630397055 0.4079934620696111 0.43080105288134074 0.4660825480711769 0.4462615911131659 0.4627139216254228 0.4921869627196957
0.32101941514405147 0.28045269188577543 0.20724305757595413 0.16768288276591672 0.16041422187782187 0.19163013104561533 0.22599505525398855 0.23547807897846498 0.24236178415290416 0.20706628871577173 0.19309303818078896 0.19129497557597205 0.16039973905527252 0.1766872068071198 0.2019044360155823 0.1826926914213 0.22615510176257278 0.18968659672282762 0.0999431580006688 0.10869644734921811 0.080028808025737 0.11146062060502789 0.20016463571212478 0.1824583398029957 0.22719648804848588 0.20026571327855178 0.17993180950109933 0.22977179495193817 0.22934956985816274 0.23173236172642234 0.23897942195526292 0.3004165446702188 0.34731058606890336 0.3901624889845155 0.3970687165836044 0.37134884395794515 0.4104611802817116 0.3649109871594793 0.38452893639661606 0.4207440815851266 0.48196870301890776 0.47937594055093236 0.5251535839549661
0.32585520497569925 0.2975002703915493 0.27677616763060886 0.20841183529371277 0.20281092838861972 0.16147240335370042 0.21337796608245768 0.2104829744871122 0.2626249721813292 0.2324603183741981 0.20615583536445048 0.1653491751366011 0.17104555075903943 0.17124431197136208 0.1667821338318612 0.20401376497682808 0.2161944473649073 0.19532488009945817 0.14498508419253092 0.1266520900188793 0.08850453785728032 0.14832625813148378 0.219994795909977 0.22881348670271495 0.27521344909869033 0.25690205540781447 0.24084317304282443 0.21890254493311628 0.2545560613868866 0.26802203571980665 0.27067950949134434 0.30272798339841844 0.37764429593505244 0.41234100047019023 0.42391170271669093 0.37561809553728487 0.40670776511880297 0.38142330805264335 0.44337412863733777 0.4647090679456428 0.4916936907057336 0.5094840245482241 0.5407193125909747
0.3755936277410523 0.3014348651804769 0.2675012293375683 0.19987183977172795 0.1727642146277136 0.16701955253874878 0.20157726359072797 0.2267268543306997 0.2578210530227579 0.23909245931461134 0.21785127051468353 0.21579854370682822 0.1711095037753558 0.15351662356436638 0.21093597294238278 0.2142099986563008 0.2094775037489925 0.16083089064993722 0.12761713100175878 0.11990105516156542 0.09321231276103717 0.15496951037045462 0.18947426362117153 0.23350366247623228 0.29964157242945827 0.2886846157337823 0.31587962096726746 0.28182273999100754 0.26456614758157454 0.27447666627745393 0.2781855826759444 0.34584401042310037 0.4052635383581135 0.4196574315168613 0.383917901599166 0.34767032446957685 0.3568939098923387 0.4217725343820756 0.4278877303813529 0.42730542989886344 0.4471717479803969 0.4417118185947894 0.4817925408243982
0.3660021025521717 0.29211711680862923 0.27706097303544874 0.24447501851981282 0.2369869294087447 0.2359508365381709 0.2380698242500894 0.2378219653083492 0.24621560597554226 0.21563134471273687 0.2390851292191209 0.21394166759129996 0.2129267186182689 0.16635123849625688 0.22575665088584923 0.24440578942946906 0.2601593856468739 0.2065738898358659 0.1718684218457731 0.13636941384752524 0.1652451616302666 0.17055602264323577 0.2334138616791924 0.25023065395529104 0.29345445201302484 0.3422366909684505 0.31629977595642345 0.2995659414040762 0.28678894694152646 0.2913766522296535 0.30150313200092393 0.3405576621647227 0.3944252702392994 0.41205976115681187 0.37967731766294405 0.392236845487605 0.4090860561788395 0.43008520078487394 0.4076574431498111 0.4165264899384355 0.40870000561408487 0.4449438070881553 0.4557460101319261
