Raster_benchmarking/continuous/raster-25.asc
NCOLS 100
NROWS 100
XLLCORNER 1743154.1338888006
YLLCORNER 5469295.295085279
CELLSIZE 10
NODATA_VALUE -9999
[rows 19 to 37 of 100, columns 43 to 85 of 100]
0.37539253372817627 0.3573743862613622 0.3156467884610346 0.3543190307604799 0.37347419569181345 0.40894582943250635 0.4399242717473086 0.45083255034124775 0.49466238699609627 0.5467489077111792 0.5632121811466811 0.6115072611227735 0.5837090809925816 0.575231652411811 0.6094152664186633 0.6714772461749501 0.6960626398263987 0.7524909383074658 0.7668224781579365 0.8216278605876367 0.8334020732185285 0.890222812820233 0.8961067537867773 0.890680470550779 0.8763612856474615 0.912813857428542 0.865903924083362 0.9167290692480352 0.9171181930451525 0.9085723626495202 0.9070649584460824 0.8656397578171018 0.8650362070037295 0.8554572471306515 0.7825548471439677 0.8032047818701479 0.8094301352271014 0.7945718282623824 0.7639970844530598 0.7530354943628123 0.7323530890654211 0.7106840441722693 0.6918777377313435
0.34547501870172787 0.3493986574919442 0.38041484666659703 0.40407013754426135 0.4263709785817962 0.4135483744888963 0.4445642646787697 0.4397601905190025 0.5548462576772201 0.5977425599468141 0.6218500225880131 0.6396507999194393 0.625673584734492 0.613900359150694 0.6502320307078594 0.644111001240494 0.6647947979542295 0.7228804031153727 0.7862338004158651 0.8635789554454362 0.8904219242767194 0.911831082499739 0.8682445573914832 0.8735808979167493 0.9211561485964129 0.9445604527659425 0.8874533052743308 0.9508872356901177 0.948563952705908 0.9380087617777982 0.9133153032658299 0.9191404247115851 0.8514709219567085 0.8579587451935348 0.8513656996514636 0.7646018197511371 0.8081529570536125 0.755025392025771 0.761722119787376 0.7351699118890546 0.7047588862781847 0.738740326200241 0.7078553887402572
0.3645965466847009 0.4271454310924037 0.4477124200870499 0.4507013434950561 0.4612627260166592 0.44272601752798246 0.4619857685581544 0.5110601981758062 0.572806393603083 0.5844026250873614 0.6325080645198583 0.610851812577595 0.6723620944886455 0.6360099135723095 0.664658908915311 0.6436828032882234 0.7041974167932817 0.7500706694829848 0.7668574621506646 0.7959620935975121 0.8846074481421169 0.9029404499861312 0.8572332846874944 0.8456691113124383 0.8897281412624237 0.8699784464800249 0.9001119989757776 0.913267166433952 0.9737507287505812 0.9126507205669318 0.9023181074445775 0.8970279920118728 0.8659582416544885 0.8443345146523996 0.8581558112168024 0.801530322230801 0.809000877769495 0.7488689324853003 0.7652853019637655 0.7424623133316126 0.7357076241366026 0.7029736990584541 0.74893532497913
0.3644675249167035 0.43116104090004 0.45725354622146197 0.49197438862408266 0.46986456689845046 0.4936063973245289 0.5005877081420006 0.5647132727623316 0.5925352083227332 0.5875535877040454 0.6096671171210291 0.6225991196959245 0.7032314813566344 0.6878572412410092 0.6551598357393278 0.665668223277097 0.693566629857858 0.7295634619186816 0.7187578153699293 0.7922981050708992 0.8722581368016721 0.8836588890181224 0.8865559740813074 0.8343242340195973 0.8296555684143834 0.8663610303460358 0.9060051053402743 0.9280131434988108 0.9503573031230852 0.9377189269960289 0.9320171318194936 0.9271847756965292 0.8761987810759291 0.8985515660724912 0.8919594284346996 0.8357766434373407 0.834579300490896 0.7448238074935686 0.7164220720568292 0.7364218497128966 0.6993721318453042 0.7177337910177863 0.7255035319620076
0.37645792400185246 0.4416531669858295 0.45491847857282586 0.4748993293870167 0.5081401591382173 0.5424649088581811 0.5278804771151026 0.5552236557910374 0.533767497793384 0.5266225230790951 0.5875275274869022 0.6759496631275768 0.697586774775989 0.6548799844288935 0.6952779620411308 0.697027509700732 0.6905063450101916 0.6622804553667611 0.7052463985698102 0.7819125221865915 0.8154019103647591 0.837263023408527 0.8295491725302195 0.8492746090880253 0.8616966870072489 0.845935244419528 0.8208307813415128 0.8228671952597927 0.8571741574445432 0.8907323371010122 0.9354393732090345 0.9582158781444187 0.8949390246986452 0.8935122357979228 0.8864824376653011 0.8395846156117543 0.8070087047363113 0.7969409358119831 0.7516361141975275 0.7538084897353083 0.7167876629213785 0.708714795818734 0.699996730927358
0.41407944168650457 0.42091424322979526 0.4363845773057818 0.5172707174421725 0.49294807847229855 0.5496621967777987 0.5456196090276793 0.5230279718703285 0.5167477966293876 0.5369920348450646 0.6023373139905787 0.6776729124698956 0.664671076072614 0.6609918346187909 0.6195914021107777 0.6276974413797116 0.6526237960489385 0.6441327237107337 0.7265960416512109 0.7402375430015492 0.7666256403729945 0.7817219171484763 0.8210379053902536 0.8430139798588431 0.8284560716636032 0.7872332729953747 0.7929986725981458 0.7890227861044106 0.8526982323085964 0.8548064341023087 0.9214637986979574 0.9355740782124492 0.8614202315070429 0.8596099620183806 0.8658103403296926 0.8855027063998486 0.7888982577848878 0.7713248885152726 0.7155707888750075 0.7370903516384235 0.7145554605456662 0.67502737933672 0.7242988384216082
0.3707492366178561 0.34994395675006834 0.4204987796784377 0.44661452569590854 0.5126740415467973 0.5228199674235036 0.48456042226039453 0.4951608067688761 0.4813761944496952 0.5494162593614073 0.5992949643702158 0.6359474198706071 0.6645566165246855 0.6800004721390124 0.6206914996165793 0.6140325993080427 0.6374079767562599 0.6804906191420421 0.6926207257755193 0.7217071972642962 0.7534986375700694 0.7787332871183605 0.8197427822274965 0.8341851606089543 0.8090963393873526 0.8312826320615322 0.803546192340743 0.8258316618991371 0.7919370505128587 0.8340070497602744 0.8455726622756303 0.9017091652867436 0.8496998733593628 0.8223510685645593 0.8382527413945343 0.8566023402449396 0.8115293629552487 0.8026927688118703 0.7128076694210004 0.7206697828858284 0.7017186468353231 0.6898210364871894 0.6993138457263894
0.3375727555960401 0.3267353085155398 0.3751953544181603 0.47679723851106226 0.4971397187932064 0.5244383595547546 0.49286853641612854 0.45846034094604426 0.46778257404909396 0.5103308190274363 0.566202725096516 0.6106132033784726 0.6329672579608489 0.6574797524357425 0.6052283943444745 0.6109484762643507 0.622703580202216 0.6579803597230268 0.7252424908891861 0.7669376333859826 0.7687505495954349 0.7579627081103586 0.811960520449488 0.8077979530796378 0.800395375207872 0.8457981987465502 0.8193483199843371 0.8184561380227088 0.8107662576969835 0.7574021426956592 0.8289909309427803 0.8485559140457869 0.8285269468787836 0.8379726885609871 0.799101642844316 0.8360901680269504 0.7968606323454421 0.7901474815897565 0.7412234956661017 0.6707093702289247 0.6596738116202153 0.6483751551086261 0.6453323725365585
0.3030190446589985 0.31911474097686254 0.40455250870295906 0.45312018600502524 0.44363719562229165 0.42717451338267 0.4775808574530407 0.4738984632487718 0.5111923633255934 0.4958784646597658 0.5687721121529306 0.606658236750529 0.6106262843745554 0.6245620551552263 0.6179122165284275 0.631606176680283 0.6506074847211846 0.6747905368637468 0.6844534853106296 0.7444034955354273 0.7739891274121367 0.7524717251706016 0.7753653414605912 0.7956397313799847 0.8234170181876574 0.773079824200784 0.7848213950593966 0.7782094564179625 0.824118248126647 0.8203486801076253 0.7912144824568927 0.8113527252126685 0.8357098189079294 0.8545852278923789 0.7826451322487469 0.816329667548495 0.7994331197651757 0.7526552661876688 0.7544171878309964 0.6700470431668355 0.6412310669336042 0.6418181369851935 0.6436818302456818
0.2616478950689837 0.3355643883966502 0.3694935004096236 0.44481013294777044 0.44224486975649724 0.3894367026701154 0.43111210404885586 0.4283965527683657 0.4794291892065195 0.5325331558021129 0.5669779752783205 0.5930047955748914 0.5617838123073665 0.6008309939196883 0.655489850028265 0.6748598828220879 0.6391739110879088 0.6314327647528962 0.7102168227038954 0.796782368184038 0.7696083506132877 0.8164783671755325 0.7784693524902224 0.8186067505381865 0.7744845452288923 0.7562858293438752 0.7694314924296781 0.7673664322296213 0.7902918927050187 0.8249730709232814 0.8132703775893738 0.7758803093352079 0.8089594053050542 0.8373361530506409 0.8041881794811019 0.7597410328988554 0.7546001167517559 0.771378860163769 0.7091330437503963 0.6787684491782616 0.7042593694334736 0.6707560774953281 0.6790749004158169
0.2822575531681899 0.34514398876208563 0.3740221470539506 0.41121927484568527 0.3705031160137494 0.3779868459005117 0.38978176154601774 0.4200460540445992 0.47590934638992294 0.5501969120116771 0.531031215759927 0.5293229622460587 0.5761116629093282 0.604428339403055 0.5914627366193761 0.6259785936444665 0.5867572116475167 0.6600902631689395 0.7207207561619495 0.7528135357646143 0.7790576124859623 0.8188268132801237 0.836691814853433 0.7994502812318611 0.8268762355780039 0.7620151584241184 0.7558142189740717 0.790907376092548 0.8330124646735023 0.7986640871641165 0.8340229605143484 0.8181766749357476 0.8014823123482816 0.834594617345717 0.7782180613033306 0.7288486975995138 0.7301977487282404 0.7214302904914695 0.6586913183752414 0.6710127513271033 0.6837328303690746 0.6904813965052915 0.662052955282926
0.2561282313924653 0.3315524605562211 0.355076203576046 0.39700992229394516 0.352630608148658 0.373201992010247 0.41850939883658755 0.4001101525273964 0.4328440306321165 0.5310702770190467 0.5105254641388374 0.539494568278622 0.5941433912680872 0.602948006737736 0.5572674052962016 0.5762573154106161 0.6033931916808724 0.5923077130305261 0.6699748142760578 0.7232259031073592 0.7147273836650123 0.794572410202775 0.8492071117481331 0.8553428366975347 0.8201359190183192 0.8002986594602457 0.7761118023585819 0.80918077092012 0.7898022632079927 0.82213834804159 0.8370736142899167 0.7946292157411055 0.7972987991851939 0.794088612355646 0.7747676268892949 0.762786502390576 0.6930873068681608 0.6927400670969783 0.6322437370609919 0.6344087159824705 0.655163158543922 0.6618308251853597 0.6561862181018553
0.23370094279024156 0.31341137649617434 0.3595988793745098 0.34784318769607087 0.33161734224029504 0.33448518404673633 0.4022742887655285 0.38826418422666836 0.40296875122987363 0.49043150398399615 0.4858576440191157 0.5316374149150419 0.5534916366377912 0.5306727131114506 0.5093523072114534 0.5200931865264532 0.5543785450402801 0.6144758617056009 0.6618969873062909 0.6741675091278423 0.6786272378365678 0.7676045714894774 0.7686843633222552 0.8533202422611702 0.8352738453619682 0.7992391552362487 0.8324827121630698 0.8014633591748902 0.8274526905770749 0.8015078463291563 0.774959679814875 0.7713475608908232 0.7939551490330012 0.8250987637415776 0.8106955101943982 0.7815154850133537 0.6958530367908197 0.684505022817752 0.6610689933619432 0.6416909544471611 0.6183513210576134 0.6153055999407403 0.6450328640807225
0.26536526619747064 0.27689845794844775 0.3146930443767401 0.2975372682219341 0.31854490138965175 0.3586258804434783 0.3847915946660801 0.3707187667950679 0.3870127201334681 0.4477304668958598 0.4669663695152737 0.5257313881520133 0.5019050363207251 0.4925619706422818 0.4790314769967651 0.48879927731778416 0.5587578343229571 0.6283033885296125 0.5970118217805845 0.626705663975877 0.6762440215760371 0.6863731029373429 0.7789698124569441 0.8117208762651299 0.8092987243033396 0.8199620555104927 0.8307401137964776 0.8469552440220608 0.7950077980548333 0.776462303154714 0.7626568249644698 0.7920666388903149 0.7888023422772472 0.7980764444175467 0.8103908826917579 0.7834540438717064 0.6740677278956251 0.6410721296874495 0.6019199498699489 0.5749318884319801 0.5775358828585303 0.6415618170149953 0.6197099229539077
0.25633431604118423 0.2886785064537852 0.2777311456620817 0.2874694990272271 0.33727725367429584 0.3819633324665779 0.38096402681131947 0.3876450836016408 0.42758187556761734 0.45920696214383483 0.45866626505051894 0.5080047092133557 0.5219192919511236 0.4830341940157929 0.4984499338681195 0.47690915432733333 0.5397348694045797 0.5788884682291314 0.5848694018186681 0.6410930958219924 0.6800255552604725 0.7297223909690544 0.7167957811109089 0.7448488670788466 0.763434212657425 0.7872986127292272 0.7734749794168676 0.7995552799690855 0.80340035222579 0.792555628218236 0.7992944075145314 0.7725647160370798 0.7388881859018149 0.7396255206352716 0.713035449383195 0.706646502389708 0.6508432075609681 0.6682412579797155 0.6217673046722094 0.6099632378593861 0.5662261671395863 0.5935269820431464 0.6101701662612034
0.282531541227298 0.29950994273816617 0.270072222821001 0.29120386376350327 0.3656763716303134 0.39220968286530034 0.4047820500992813 0.36826268933563355 0.4067611738133067 0.44335761555187847 0.4509694683741857 0.5019361136009379 0.5350361886993685 0.5496098431361071 0.49645065185488607 0.5107598894277989 0.5348476738149709 0.5823556875260195 0.6164592989290432 0.6181108832503663 0.6513690286397986 0.7148635021466427 0.727256811323628 0.7867855503605923 0.7718926946814603 0.7106262765657579 0.7000498708898797 0.7520805126372999 0.7529908984039482 0.8234276226525642 0.8232611967259209 0.7743622443686999 0.7257829718418872 0.687469095898914 0.7009790962198177 0.6725068288898929 0.6254766464195209 0.6211920195800876 0.6096166571076241 0.5822137122664808 0.5491966292445055 0.5982946634225004 0.5808456175998978
0.2455968512225932 0.289730888340725 0.34651123413695406 0.36911028838552473 0.3240132965879111 0.36605534936847445 0.3814622430408395 0.33837997955762944 0.3936721455066378 0.4213048566974822 0.43087302840602515 0.48657667508758445 0.46905854630714255 0.49271864421097783 0.4851220152818644 0.5444459378350184 0.526629083429583 0.6044277738735842 0.6267741409498583 0.6615980916662848 0.6346889768230992 0.6508658912883574 0.7036152543782905 0.7299548956181477 0.6880666049309061 0.6606471854617909 0.685288590957281 0.7028254329737819 0.7499839303364002 0.7610488599445353 0.7669352028314489 0.7060364476762477 0.7085666957408023 0.694572011409246 0.6840507950858825 0.6738400432848176 0.6556040944937848 0.6446617459056946 0.6092002118886936 0.5511746523200473 0.5917733498831557 0.5406958014523853 0.5681291429482825
0.2710872870422483 0.33118644208891357 0.38067122181891355 0.38834877775372956 0.3405661363212503 0.3350408630764661 0.3640669316510837 0.34770911733679166 0.41206939389949393 0.43416424334667697 0.4537517210404103 0.47201812617224004 0.4867862226666488 0.4587335255199527 0.4924273978103026 0.5213785911167856 0.5691797452904607 0.6086880244879097 0.6220404828605742 0.6771074171376893 0.6786934117790889 0.6552679614965451 0.6582810047182631 0.6893512642409005 0.6611603181588588 0.6548343679786446 0.6775058867140992 0.7188838187785226 0.7299822131607143 0.7708535598957627 0.7363837676332448 0.7106810484760572 0.6424930743612264 0.5951711135276195 0.637127431149381 0.6499867911446372 0.6482636409791077 0.6324788264933154 0.5922448811405566 0.5562463609812571 0.5390965899757716 0.5030396009236556 0.5513442804179359
0.22846286249708023 0.31182990417267287 0.3423350308741908 0.370411125697429 0.33515173885015787 0.297709083917515 0.3461320608896672 0.36248570765756893 0.37129324042564765 0.39687556433566945 0.45393089682433047 0.4532864037746572 0.4292216649183259 0.4298928231005884 0.4374401146309734 0.4800643556597419 0.5282982633273288 0.5601829025259396 0.6186028015774703 0.6934310449729482 0.6954038682174385 0.6548377780531888 0.6855946292655707 0.6461852870699131 0.6534222367096232 0.6950577761971158 0.7089474358807468 0.7073459257195084 0.6926346659933053 0.6776285972092965 0.7042720490953353 0.6958401696077191 0.607467553778309 0.6264030674896676 0.5981032883387694 0.6084806756411465 0.6033003231316824 0.5987162645171107 0.5952947011176728 0.5887360794741363 0.5540260110634173 0.5403322066115557 0.5270257617748778
