Raster_benchmarking/continuous/raster-256.asc
NCOLS 100
NROWS 100
XLLCORNER 1743151.3494974733
YLLCORNER 5469285.138132202
CELLSIZE 10
NODATA_VALUE -9999
[rows 0 to 18 of 100, columns 0 to 42 of 100]
0.7407925308494063 0.7268519705422022 0.7115467605750802 0.7303445983660973 0.7384635475391633 0.7731794556135833 0.7877457797121206 0.7381621516385811 0.7126271692906174 0.7272056529674559 0.7258850613090101 0.7012468961973016 0.7196499232750022 0.7039802590391256 0.6855403352868656 0.6436542807973321 0.6259175417685053 0.6071980547164244 0.6052289286533176 0.5948309710933933 0.6002812020306167 0.5484312413766362 0.5497901508314706 0.5546960970859934 0.5505460476229713 0.5448527718832388 0.5220764333398212 0.5362813787034058 0.5225760184243935 0.4932707480343278 0.4871684461682228 0.4617993844710312 0.44898136113495085 0.4712448363796508 0.45717940354012393 0.43353869717058147 0.3796936589740155 0.40040610880068 0.3644036011958836 0.3209728300413041 0.34377381707673127 0.31105072462072203 0.2706227637795419
0.7261490532339095 0.7316128258003125 0.7631178046500354 0.7493466467352754 0.7483465723018758 0.7547247739384861 0.7795165116554935 0.7642788522135372 0.7311057272974716 0.7141317724673487 0.6899013339658252 0.6945770090682838 0.7176528372636521 0.6927845653437839 0.6636905338999279 0.6685923042040862 0.6427899841246294 0.6435309391139452 0.6376023479530832 0.5939901299175112 0.5751554141677327 0.5740201888548735 0.5534019444599625 0.5286512252672274 0.5425137865579697 0.5079412480089057 0.5217965143810387 0.5044053988118213 0.49476376559615437 0.5176177412260953 0.48815333739985733 0.494518330312247 0.48455989805703154 0.4614834291579047 0.440970977053056 0.40332517149457653 0.3990405700016872 0.4062097633654886 0.3717790741208462 0.3516541437843141 0.34480850393312124 0.28921600497939565 0.2945374994719921
0.7368411457123282 0.7763694965465707 0.7863847102639415 0.7706113924521828 0.7832871717873702 0.7712656951399941 0.7340557707920075 0.7300614077121264 0.7500589261670022 0.7227120878158463 0.6745196432453061 0.6786560797711905 0.6993822070802072 0.7042583417676144 0.6952349252060663 0.6568098111554216 0.6307348836349252 0.6236114449122535 0.6375962335360987 0.6019124538344642 0.6203786222063896 0.5882351643971239 0.535472984121998 0.5122802601259748 0.5100974491201106 0.516283201818988 0.491313408071862 0.48322794173617173 0.47226369342052527 0.5143323201233923 0.5118225549989643 0.4801607233351634 0.48664829162249185 0.4631300348020041 0.4173446454069647 0.4149449413319742 0.4205306800327504 0.4183374844554034 0.3765723325607419 0.36349248751063334 0.3273139304494087 0.298547728822002 0.2818330687808778
0.7812181508201494 0.768675834238453 0.7678527966821269 0.7826515434373807 0.7580428573276495 0.7396783041564515 0.7320572401297426 0.751878682539755 0.7185242857390135 0.7119099060561795 0.684112367262991 0.6459644188381352 0.6666764818686932 0.6536320737478354 0.6436380828578057 0.631270391047059 0.6360581332703956 0.6486553182993506 0.6396560097060858 0.6288538194617554 0.6153639364265273 0.5862431471061591 0.5735026315859377 0.5441189386920551 0.5121382550139971 0.5204957226246748 0.521537742285847 0.4878314149610526 0.4709285377124925 0.48112928942219213 0.48985617364380624 0.4860769621656648 0.45053178545559824 0.43505882096560244 0.41848878924428146 0.439090123699865 0.4104592779495997 0.40147522556423415 0.4094318626897467 0.38763170140320435 0.3450089579877188 0.35880697710140536 0.3415514951661104
0.7804897408520388 0.7817915267530021 0.7615067294425405 0.7401089072232351 0.7202649125907133 0.7256912585477169 0.7394954298873538 0.7537052163044833 0.7547784144981944 0.7037786264512742 0.642269595802516 0.640568135829198 0.6463661250959454 0.6408515951729565 0.6214888406372169 0.6585423569145896 0.6681399184400437 0.6315182084919634 0.6528194026887186 0.6153970206560545 0.5829220927426542 0.5595534803281169 0.5455135842374048 0.5683441338040915 0.5582319233379797 0.5470829735180315 0.5205597796595135 0.48532398095008183 0.45123443186922296 0.45679810238319185 0.4439949555732052 0.45014058082615205 0.42743167902358004 0.4356842354671441 0.40546408432957654 0.39742752855142716 0.4180017757527432 0.39507769601594067 0.4193280057165134 0.3809284904001697 0.3914924525077217 0.382413972272017 0.3675260083160659
0.78977594750551 0.8009725428342857 0.7632840743428609 0.7295627400324178 0.7218997900416217 0.7310774785563828 0.7298887925724654 0.7375182463701123 0.7171227469243029 0.7046928470700216 0.6699709258510109 0.6784388722299133 0.6534403600147796 0.6341045638110159 0.6460987779570265 0.6509242019941768 0.6189353106759956 0.63301420700762 0.633553216241838 0.613073287903538 0.5799564348603194 0.5467471713718797 0.556897268001068 0.5577785934370423 0.5190920785845552 0.5061355558598879 0.5168919089979338 0.48660960220434357 0.45243320355199823 0.4680570319270273 0.44402134436424584 0.4311135967609669 0.4343153812014478 0.4091805954507613 0.4058949756201931 0.40559851724283946 0.4275936375022444 0.42324764333663506 0.4185723020577592 0.38144291827676224 0.3798303685438858 0.40857927829494006 0.40260781672295665
0.8248744674750356 0.8078559347634272 0.7645071060394628 0.7366159854169583 0.7303355180146084 0.7549821069272993 0.7465548882597101 0.7579379258834051 0.7421764733493733 0.7261224057591444 0.7090013439008014 0.6848245077415597 0.6578404504155495 0.6662310497419924 0.6677553074810305 0.6391822934697375 0.6093493489199772 0.6072268058840787 0.6279693443112051 0.6239731992095081 0.611101879917176 0.5541353271590671 0.5426161629450007 0.5611805788616455 0.5141305678788548 0.4984907141184127 0.5250629414080228 0.5014641454445686 0.43955421647509635 0.4382476935136884 0.44462818716731856 0.42726541022906894 0.4074891948253831 0.39156106969703924 0.41217234203133946 0.3890284051358919 0.3813828053574866 0.39241683344857553 0.39421735461925334 0.3882921975788875 0.39035021147061494 0.3941825487201515 0.42676600831209416
0.8242037513843777 0.7848798731375847 0.7643542658137155 0.7378460436056652 0.7507315024910655 0.7561311639816917 0.7676356698227239 0.7422749264043714 0.7030193332328717 0.713757130393247 0.7401404193418362 0.7086437742035239 0.6866228011372296 0.6722230921183467 0.6659429731617617 0.6642655575990916 0.6653394021333718 0.646530688166383 0.6613461141301114 0.6303305834295767 0.6102377397596306 0.5773757771609639 0.5854030759549038 0.5506262611051156 0.5232606424748685 0.5190375333936948 0.49631810657207404 0.5031637018000629 0.44704498526051806 0.43391149119666766 0.4421988659981943 0.45481557082756097 0.419133897896932 0.4316488559065098 0.4122380065909865 0.3993790844546105 0.3939256461920098 0.3955049281250599 0.39327125090887927 0.388632663868783 0.4007332826160986 0.41983377365556207 0.436977657871452
0.8177779055474325 0.7855237848735596 0.755359918248365 0.7419903627741432 0.7579428305143556 0.7675892454692779 0.7450588837289517 0.7111766725463365 0.6914132198484666 0.7217462299048742 0.7361933988299009 0.6967303667962372 0.6716783529867117 0.6965917995542384 0.6725229603982187 0.6659074528319933 0.6677467112974296 0.6417119897687337 0.6500427556457488 0.6274717852067438 0.5967370727881652 0.6178645490121601 0.6211925387857453 0.5841972798664781 0.5624204181465586 0.5288429880958398 0.5043143557059984 0.4919206731292388 0.45467979041817735 0.4701484293430849 0.4287111846239978 0.45773889801847883 0.4543317473362229 0.40547509346389204 0.3673318057331064 0.37955217243700284 0.3698429919237991 0.39508781591183945 0.45457448025274877 0.41282139317260014 0.39558983685568244 0.41127009348311433 0.4291575527163743
0.7955738305174554 0.8025842264006718 0.784645050209207 0.7706156933112768 0.7653231567631342 0.7412136515129828 0.733011870258283 0.6937614233942353 0.7081664814081948 0.687638753312626 0.7268106783960482 0.7017088241936629 0.6793577463844405 0.6824840014227669 0.7013503939707455 0.6696200331589172 0.6618651871947443 0.6614916926968935 0.6683951447165086 0.6323735417612378 0.6170056940918607 0.6442480646993519 0.6294589641729527 0.5908452390335617 0.5492893036376781 0.5472087000528745 0.4963970478668197 0.48149124128295817 0.4824906306659766 0.4691513758671421 0.46712268599965856 0.4697584714864611 0.46956928092267214 0.44292140522689 0.3876373213497806 0.3789784663681085 0.4069242022861756 0.39625651743930057 0.44134567769826183 0.42832437974881993 0.40588838725103304 0.4209823732579518 0.3970481407974265
0.7844471854362293 0.7904176799440542 0.7582862666647308 0.7563186858953744 0.7271837596170382 0.694498707920147 0.6934967768094036 0.7193023446717509 0.6952988551578325 0.7013080408017355 0.7143094368875502 0.693018739060368 0.6876654221349886 0.6778512553141185 0.6991086820281943 0.657816411874917 0.6566475492161498 0.6674024520177748 0.6716277780523425 0.6358777498177871 0.6490668711586858 0.6489042749456864 0.6166201049799861 0.5626157497715104 0.5246795418437806 0.5357714660272858 0.502937058636108 0.49029268226400924 0.46933436555331276 0.46799246500773684 0.4559288715390974 0.45089187481456094 0.4547309401974072 0.42538656579491096 0.4548943790508452 0.4056637115500095 0.3931577867780896 0.4167523575673122 0.45002704924971504 0.43462587492634724 0.4332649736889955 0.41132189733923485 0.3868531557974545
0.8072322542164888 0.79390341651809 0.765674106545948 0.749599935913437 0.7462279080202743 0.6996504003531331 0.6871858881605732 0.7073286682826224 0.6984238389736969 0.711431910360362 0.702390284738129 0.7160552743852048 0.7214225275109972 0.6857007320749765 0.6833565144661216 0.6433898322683745 0.6511385520917327 0.6527898565251655 0.6729344219077876 0.6283568076059827 0.6058021331356059 0.5906050523851024 0.5746565806990405 0.5361109070485686 0.5255477908648081 0.49568464305410653 0.4985295451259832 0.5057973003636511 0.4717975900915499 0.46730239624575093 0.4825844720708461 0.47107494237789377 0.4570461857871421 0.43174965729248493 0.45587021353965107 0.41646385727871615 0.41505664038077505 0.41986258583810576 0.38849802673289563 0.3881432952293189 0.42248436899142466 0.40415094952190106 0.39775092519018607
0.7973359473357143 0.7732099826796306 0.7933199067376656 0.7619585793957558 0.7287659886069036 0.7332192377549638 0.708304558617905 0.7080101710278068 0.7111722386541021 0.6938066973823483 0.713644832150252 0.7233532833936525 0.7330765150268581 0.6744207907095067 0.6805440852964671 0.6751616620669398 0.6305567107524529 0.6561979147359654 0.64988879319241 0.6339296315162457 0.5725706706277995 0.5357102949749802 0.5345335709914856 0.5164852019701295 0.5323207050557619 0.5175950825013045 0.5035071531031589 0.48343649103035036 0.48121530758060815 0.47921438659289195 0.4780570880781025 0.4591106679599948 0.43017696792345594 0.43348888267180613 0.4778722184279317 0.4242420576272902 0.3899560335478276 0.420634969361305 0.3634787488999144 0.394824463427626 0.39530477671098807 0.3858558927298973 0.4099186783790301
0.7941041708115659 0.7809948108004252 0.776637023183743 0.7584859524558883 0.7450303429815478 0.7047460505737796 0.7024205132925315 0.699521026582767 0.718870128637893 0.7296965645243753 0.7108060625875324 0.739539379703849 0.7079026262989376 0.6862162192799461 0.6608623430467766 0.6566515005631687 0.6117828426123151 0.60340546024532 0.6070560683738834 0.5916585518887346 0.5618545533706542 0.5330442499934702 0.5208877638798405 0.5268379002602523 0.5010662100030752 0.48976296525495167 0.47337587062392616 0.5058791386501682 0.4878421084473645 0.48101489883330784 0.44278258199816306 0.4228611307369012 0.4431977669130191 0.43253566214530953 0.4232388582092143 0.4331897296773511 0.4113619963903281 0.42574991537320606 0.40218740687838245 0.38681977065626527 0.4055910466390942 0.4044127388607551 0.3982870606559602
0.8167867233975427 0.7953940653498642 0.784135623138649 0.7347935875969137 0.7176863872457149 0.6974124237181624 0.7040591691603356 0.7367965490136115 0.7455235004434144 0.7513821483901577 0.7380973614742389 0.7177263906710037 0.735570107244182 0.7302402784649616 0.6737430262218991 0.6284713671820031 0.6042210329641359 0.5767329326714702 0.6050764432976515 0.5600720692672756 0.5197297980752811 0.5279523267364252 0.5015285165177154 0.488385355733969 0.495049073315182 0.4930527127685825 0.48653865604925123 0.46441706198163435 0.4589356883270074 0.46286965120895995 0.43240591155467567 0.44407810730126435 0.4348698537281025 0.430446588376142 0.4424823521150244 0.4455534266995358 0.4477839838164919 0.4387729256899444 0.409208257529811 0.41513677967399065 0.4488924526462769 0.45541032036213297 0.43309054038308464
0.7843475517583022 0.7975556783824335 0.7594889512305747 0.7343652285020402 0.6971756272571339 0.7024495456735206 0.7224075979950143 0.7384612954025312 0.7645762050205576 0.7405691615226823 0.7519947916190733 0.7466952507944637 0.7372199129493647 0.7384176505875726 0.6729121688754347 0.6559131875474554 0.6318216213805641 0.5722278865599352 0.5567930581858279 0.5275607754678105 0.5224891118750334 0.4710369833517885 0.44595861707331946 0.4599829741487697 0.4262999086787863 0.4422848048067174 0.4428491344731467 0.45215184586057805 0.45669216149318276 0.4531036097930239 0.45473206488286616 0.433579987576545 0.4369073343842032 0.41598875636909083 0.41204337558028 0.44267398102688726 0.45215714363789417 0.4214696510161294 0.43617083201422974 0.412437425439832 0.4329802879070834 0.44935625295633863 0.4476242569340234
0.8058203357751278 0.7791607642509073 0.7389047363376559 0.7651472921110959 0.7231872598390658 0.7431655456117418 0.7568928737575756 0.7646835372669218 0.7628876801186176 0.7358374030678944 0.7565863276343348 0.7327382160933953 0.7629415460664845 0.7084900967009732 0.6977632785852963 0.663766369285601 0.6363962708574654 0.6125221146396452 0.5296178172680559 0.5073138247404221 0.4853443858595932 0.4681705669305203 0.43623874471024365 0.42553277895461344 0.40193783765453167 0.41259373809864014 0.39054432122510535 0.43255458803517843 0.4592250623453523 0.4651099499126846 0.45226430829734915 0.41688318552980647 0.43486653801848435 0.42044456649390477 0.4352272664600005 0.42804948062983983 0.43331901954586943 0.4145265600966217 0.4374678162999414 0.4244643255519183 0.4270104121710313 0.44679174799975696 0.4897719834324888
0.8458821552723019 0.8393434029815756 0.7901951472910881 0.7764460690487102 0.7762731440566626 0.7637866548338165 0.7644821672370583 0.7768897944052999 0.7350726235649022 0.7364890304693036 0.7365986615641085 0.7538092753817456 0.7280504774180505 0.7271119641543107 0.7163860417428228 0.673852357001727 0.6674260233964082 0.6213540605206289 0.5663349639120245 0.5480808523437086 0.531575944175602 0.5092522163032734 0.45410111855208773 0.43677448665116164 0.4382624607591755 0.39771282747152187 0.39081749441022656 0.4273247625005608 0.41819578987677286 0.46086276069175103 0.46587365462376445 0.4258683127191404 0.41500954678323676 0.4263505464769076 0.4277728324357984 0.4013875889364161 0.4093852803996326 0.4316512928638403 0.44478178934061735 0.44014290980353216 0.41431170858879107 0.43684008762799115 0.44496477183436733
0.857764417467576 0.8753121490179413 0.8800037035560369 0.8166314622035656 0.8319977134837052 0.8270469255259112 0.8027683975593184 0.7802539624150633 0.7434972271693218 0.7386992284101379 0.7656731358642295 0.7576584967469111 0.7419273341425296 0.7228707201686575 0.7302265015197398 0.6935415347591395 0.6751897813918938 0.6519469999621783 0.6036292361913641 0.5789045545493581 0.5668108345299109 0.5229522796334228 0.4544145922156244 0.4629366348967847 0.42838395686400116 0.401822697438501 0.4155560097134127 0.42369877463338496 0.3980269931392429 0.4163029733951876 0.455151112957741 0.45182619872351143 0.4445520832795543 0.43707954591392933 0.39194027769847395 0.39430840323831723 0.41866378053528663 0.4324479411955951 0.390901038463639 0.44133232089124136 0.42318757792997486 0.405378465763666 0.41119784015372923
