Raster_benchmarking/continuous/raster-92.asc
NCOLS 100
NROWS 100
XLLCORNER 1743150.23012802
YLLCORNER 5469284.559605889
CELLSIZE 10
NODATA_VALUE -9999
[rows 38 to 56 of 100, columns 43 to 85 of 100]
0.6174346591223662 0.6787615999426133 0.694381487052358 0.7217767444008336 0.6653895498710181 0.6909851871101725 0.6992461160879364 0.7721491496274234 0.8123763461402924 0.78394161545201 0.8374122746039157 0.8328319263061245 0.7794800072556729 0.7679003995203628 0.7896655140345565 0.8019773392921248 0.7671039689082038 0.758244710449174 0.7981563408255593 0.7740112649045473 0.7574488429170337 0.7188302297214276 0.7067410471875774 0.6835316815694316 0.7213085025291736 0.6782625479269354 0.6826556643170528 0.6746457040609727 0.626861361805485 0.6103737403658004 0.6268889628337577 0.6329041528559644 0.6363296373356903 0.6543286142144976 0.6493173475036763 0.6808164254698511 0.6899481807622603 0.7277590484675807 0.7261519296849386 0.6834258496664987 0.6381689376479868 0.6526862520080526 0.5975882000307952
0.6649884127208155 0.6629713978909698 0.7040722270278608 0.7250517044193772 0.723840741031111 0.767134125021329 0.7461638154823289 0.7645535757113919 0.8098023679773837 0.7755158439662299 0.8403485484588524 0.829615137376075 0.7953811687283724 0.8235055702239428 0.8360796344491501 0.7835233653373709 0.7656589332513914 0.7795898033812086 0.8029911283621632 0.7687318075481184 0.7506946229192276 0.7403864049969702 0.7033121972200134 0.739713574175368 0.7091858409917017 0.7444131629457285 0.7423593268716572 0.7054687416436014 0.6476981513851626 0.6438934467777713 0.6605017997598587 0.6374422795198307 0.6275990761699397 0.6652096519842772 0.658287341918684 0.6940411034987403 0.7077227670317 0.7319532726197193 0.7170000600231456 0.6987364761740683 0.6551253471867348 0.6299038896191479 0.6754712216406201
0.6624039894388766 0.7160829364464641 0.7316671551469339 0.7816793316166519 0.7856094709172082 0.7717026559920145 0.8245686722158077 0.7809602474926582 0.7796574934321383 0.7865874429752879 0.7888320381037848 0.7860514429159958 0.8173655635432963 0.825200920781397 0.8217055623792144 0.7914510749351429 0.7500687529063195 0.7635202166200872 0.8041967234124217 0.7751205945150255 0.7997237400364666 0.7536445118476668 0.7415689128484072 0.7495587391127817 0.7616717384166152 0.7584879081018979 0.7667757585811366 0.7175318843274487 0.7393743635772512 0.7222395445169039 0.6998784579431987 0.7091615749373837 0.662878103876462 0.7018629014204907 0.7366918720303032 0.7490390142065265 0.7551714655815456 0.7443982222843106 0.7307227750167833 0.6812030038967426 0.6622860878633859 0.6677838785314241 0.6814773044618386
0.6872521905811572 0.7353073047002454 0.7293767820318217 0.7578580068289558 0.7630025029113149 0.8297646332835356 0.8625612653047843 0.8409262982276948 0.8449369237649192 0.8278359284233678 0.7900124585995576 0.7738937914016574 0.7904889039614134 0.8408241815605734 0.8362131662383073 0.7770210320487234 0.7772217523849114 0.8071152333747394 0.8127429917585386 0.775523150877205 0.8118688120209503 0.8015499143908412 0.7298110010552391 0.7544645315368265 0.7777676091703323 0.7930804102275711 0.7774981864331998 0.7684698667723423 0.7798696752693721 0.714649310700623 0.7016126806560058 0.7148273516424843 0.7309837697880207 0.7412519145552682 0.7697848540745379 0.7475465911990299 0.7027176774410593 0.7355361319094691 0.688156665183947 0.6666977859141632 0.6799997562300115 0.7149645716994507 0.7273563681091635
0.6941390177696967 0.7299222974812822 0.7572625375580787 0.7551252150419289 0.761183696275248 0.8132320816086377 0.8636331076880641 0.8372131217011104 0.8335486032877949 0.8141402034250609 0.8289384538495258 0.8405624925043419 0.7903724669320448 0.817048636227448 0.8457287137664647 0.7944431929075495 0.7884458245890833 0.7741173221554434 0.7649398559279821 0.7999603314256721 0.8338787005921596 0.7768900346256044 0.7509070296950972 0.7556413730141641 0.8325821466628204 0.8071376605431592 0.7598639869344918 0.7602957816701417 0.7666207560025773 0.7693441771743397 0.7823494211207099 0.7839420380955013 0.7913788216970259 0.7554563275866021 0.7523019385382711 0.7475891710713943 0.7002091403299265 0.688334385387967 0.6739945435942547 0.6902816558198639 0.6948523786366422 0.6960412170297313 0.7444568529288731
0.7523152504390762 0.7475681948666603 0.7790848756833925 0.7986906122119211 0.777598704995371 0.8229865168491245 0.8339217155946311 0.8396537230491636 0.8377042476010683 0.81813849154205 0.8605692448649723 0.8658664838992549 0.8530383575623984 0.8327548454340611 0.85518626474979 0.8641152275513678 0.8502210227919059 0.8016211752629443 0.7876467638043871 0.7865251689424345 0.8127603879718394 0.7923108021553265 0.7895252034563758 0.7788799999538314 0.8402127133792036 0.8250210309213445 0.8282318513028571 0.8403182888711839 0.7979084587871396 0.8264959282115989 0.7937539656199256 0.8125485372857513 0.8091485768848786 0.7562418180784571 0.7410905421621031 0.7519599698450294 0.6851750316586299 0.6938727846463392 0.6935975712020593 0.7169529395505843 0.737514126008459 0.7233322990289651 0.769958671142602
0.7737983819142323 0.7659133862292127 0.7411381373843445 0.7768813847317366 0.81512787223516 0.7813524508251923 0.8233740511152893 0.8326546784789884 0.7938255602485388 0.8051468080937528 0.8393692074553489 0.8677045827528204 0.8765780999566857 0.8605230074458008 0.8981244818215606 0.8564330389860585 0.8545064337965138 0.8098677928645835 0.8400693540995623 0.779497886401432 0.7836113498767582 0.7972804464183141 0.761553240294149 0.7807330043770754 0.8308309212996203 0.863044127701552 0.8645284119004158 0.8421738652591205 0.8415595837616111 0.8163104204870676 0.8474881851793922 0.830748197137525 0.819403600296556 0.7630729382642022 0.7153362851801977 0.7526657762519232 0.7191187177732573 0.7360265065657794 0.7391169301112677 0.698608224716271 0.7080414778139238 0.7776739185880847 0.7892049002590036
0.7633218425450831 0.7400523163601507 0.752671603798654 0.7454570219523087 0.7677561404323351 0.7807982918218659 0.8066835585419325 0.8208012992369169 0.8229748277334856 0.8157520104817179 0.8506353831893537 0.8354663918188855 0.8646840263722819 0.9128962796053728 0.8777663208264497 0.8818143001458866 0.8594855806718151 0.8281593199393552 0.8280158472642272 0.8228921568942268 0.7788780043459638 0.8104380548645306 0.790308372402402 0.7861455566083029 0.8184784257904777 0.8670688000280109 0.860384816062003 0.8693490749135457 0.8223236340586283 0.8210555180209637 0.807923188720351 0.7939229691021742 0.8207689123909325 0.7769397948970334 0.7836315558348399 0.7887636799877242 0.7902680541800771 0.7953992352890347 0.7611836198131764 0.7582926328565707 0.76057282309785 0.7859001710700918 0.7841223946252913
0.7841329882981388 0.7672098802878453 0.7370434205964256 0.7684301873334592 0.7230116895043338 0.7417992413907089 0.7351524409279538 0.8175419303201864 0.8340729198263176 0.7917265396256444 0.8588767058416966 0.8637142284541032 0.8940014452094047 0.9118750096130496 0.9117572537716832 0.8765073688506091 0.792223786286944 0.7811452078297941 0.7685659998535316 0.776257546214801 0.8065940503258604 0.8405228233735383 0.8160598406938862 0.837124128749395 0.8220674111564753 0.8525612853630098 0.8254118533585186 0.8490669413307502 0.8266669968056942 0.7967540929416698 0.7834947326995392 0.7774737771970782 0.8091127303141094 0.8253678952372909 0.7834590689679898 0.813051615231927 0.8249646066997416 0.7982019579219193 0.846854781861301 0.805364588644512 0.8002779956265366 0.8193254177452658 0.7883416752570319
0.8144788762534174 0.7952375540140995 0.7494529569449425 0.7432678890802653 0.7387698156218544 0.7375500503831023 0.7731129435868809 0.7812721237625558 0.7605471183574585 0.7820475881850952 0.7932019795769316 0.8458550119598945 0.8680515437980284 0.8471425146147428 0.8613520109343075 0.869253826497045 0.7826367334974476 0.7923052855192451 0.7390439673809878 0.7534250783613735 0.8199727698004237 0.8253520959358791 0.856042778511286 0.8506782789126676 0.8130452867617648 0.791229743403278 0.8175579017296717 0.8513090152831239 0.8517167321391726 0.8060956504959895 0.8089462085479886 0.7770604049662143 0.7837390784569105 0.8015884438935863 0.8012308396716677 0.787615168522233 0.8072119532740005 0.8555870602151333 0.8559503619771961 0.8189165508303923 0.780286337216231 0.8260437441883697 0.8146520762228923
0.7690851903162308 0.7947555314406697 0.7684402061589573 0.7684836326424498 0.7993184070408824 0.7888414104125447 0.7553174394236047 0.7659349448125193 0.7504015679058862 0.8050588441548117 0.7783415396896683 0.8182096849562719 0.8050034578499976 0.840875936091813 0.8519632256826748 0.7985377849618682 0.793988307242039 0.7748752242460227 0.73074553961722 0.7426860925032875 0.8029306773703081 0.8457133167218759 0.8780753690339248 0.807894478499262 0.7848195410929389 0.8111717235258267 0.828488380704338 0.7885320847965397 0.804658570355337 0.7668357745098677 0.7819957841344728 0.7522729151600123 0.759945437817411 0.8002638503089933 0.816178084349536 0.8295212812830134 0.8017842274981268 0.8433684485182289 0.8605816743347431 0.8172733507881459 0.8051291509857165 0.8480545689686649 0.9216178883945658
0.7544457373816508 0.8034324391148265 0.7783708363577246 0.7911124036378646 0.79857238063995 0.7786703889317124 0.7636749865532518 0.7533637013489322 0.7469763997064925 0.7793342392357172 0.7656089296149725 0.7791888949705443 0.8210092845216107 0.8496347743570527 0.8244414306265198 0.8000384160018376 0.804447333057446 0.7821552338362524 0.7509668537565722 0.7650704116647884 0.8265944685867976 0.8671868826342113 0.8240766853766792 0.8053343140837398 0.8050873413946317 0.7846799421601955 0.8087723827873626 0.7863570390903498 0.8009149386241579 0.7908540823401973 0.7667437146392635 0.7986586545379714 0.7936842177474004 0.7656708485208663 0.8439332032278827 0.8245560908902121 0.8465824248539291 0.8316812384059651 0.8367740308308571 0.8184204307313243 0.8534523320662204 0.8648131385821557 0.8893684227374925
0.7881065652675735 0.8017851489442263 0.8155645213306172 0.7872794248525263 0.7743240230782561 0.7583377803519573 0.7472630532779172 0.7602412869189077 0.7902521478062976 0.7526443886319452 0.7371924556468186 0.7473100974420456 0.8043275131801941 0.8436020785782092 0.8190772577533494 0.824180631710286 0.8012627254938013 0.804469809830806 0.8081257130180102 0.7885211908507843 0.8169218166175227 0.8309245431767 0.8676587733695681 0.8276020494023152 0.7966876987055059 0.7866807567568709 0.7822507814935854 0.762339640422063 0.7933257319236328 0.823049615707261 0.7844026483792192 0.8079357276297849 0.7512821298908218 0.8058639106360923 0.85882400532382 0.8203188599095543 0.8538280255985268 0.8528239012913801 0.7886871867102218 0.8139006697130204 0.8103899922208047 0.8379253448246393 0.8798591413960054
0.7425989545422623 0.7647560061550814 0.794100444893218 0.7953320661174379 0.7787434555075388 0.7629864367814078 0.7833082494423543 0.7512380435404468 0.7608163992496298 0.7615345516290724 0.7552651808457923 0.738152284192698 0.7645332891509194 0.7973447858692219 0.8065110008804823 0.7623883875698637 0.7578359248782689 0.7239311805163667 0.7431759246813705 0.7852804092770773 0.8015852299542425 0.8296091563490352 0.8352410885755502 0.7947778250140605 0.8194592455481476 0.8121662951924603 0.7651743874839925 0.8038354541279045 0.7733913546606084 0.7947851088651995 0.7729635565026791 0.7903449277291198 0.8330425204145817 0.8179305438528467 0.8246998239368544 0.8411665568197088 0.8200035163583985 0.8374621530221477 0.814187867257529 0.7832362473204643 0.8026736610175458 0.8299871407279741 0.815177894791129
0.7015858714250747 0.7155445814812617 0.7273744764491417 0.7408433541514201 0.7685678055563132 0.7269548962984771 0.770816320809113 0.7706287787122812 0.7774392294630605 0.7179068770372591 0.7473031344008781 0.731451394851645 0.7596256242573827 0.7416200540548122 0.7884997428612718 0.7728222070688983 0.6959655247214503 0.7276058830762886 0.6782185424478049 0.714031178829506 0.7578187107974579 0.795899704017094 0.7824715353037123 0.7549236526056728 0.7934834488213719 0.8104428109281943 0.7850647655674662 0.7508478340741003 0.7744170004015166 0.7611792173832621 0.7677773348458266 0.7960463498104726 0.8436714106747709 0.842577041444306 0.8304569259721405 0.849425620719625 0.8434488635267197 0.824494070084983 0.7830950748626292 0.7903585356823245 0.7752284679206016 0.8216676806040258 0.832895286067193
0.6882060530167812 0.686845555937815 0.7374180870094911 0.7400910897972824 0.6891968037673329 0.6842090068249176 0.7123381048615929 0.7243275291048233 0.7227118243435723 0.6925913763665134 0.6930792892779375 0.7295005672091617 0.7631790036841697 0.7498831045609655 0.7474537104594788 0.7266004359997925 0.7198132085653255 0.6875120366112148 0.6705947301913807 0.7217690190160257 0.716527530166968 0.7420089054861353 0.7669741296535154 0.7730294733624704 0.7731650773007491 0.7504569861644914 0.7602534527096639 0.7627350376837382 0.7626733662336856 0.80653195097037 0.7637163370224009 0.7895791848266799 0.8547924864545061 0.8525972477518133 0.8453500057236978 0.8044820738411468 0.7893686204832278 0.7908709585847734 0.7592111845951158 0.7736088547982022 0.8302574747630584 0.8140262275207983 0.827350021002367
0.7374378901871832 0.6998349626854558 0.7089033570263531 0.6935074368490275 0.6774575790729861 0.6856751237775586 0.6410722828128372 0.6897090738160994 0.6604669869550559 0.6873556460798568 0.7008024805778859 0.7505059119440775 0.7520417955444068 0.7541309174779255 0.7464127152410633 0.7213887594138044 0.703577636096684 0.6861465203601174 0.6632145608507891 0.6799792040564042 0.7172884667457862 0.7112565745607672 0.6967372813252977 0.7003326410150779 0.7045374797592149 0.7037324337356251 0.7415424753810425 0.7221495911495655 0.7815734379126308 0.7844997497839481 0.7787112815833183 0.7621392135364968 0.8067878614484407 0.7841174579555955 0.8036195447480093 0.7950731658257021 0.7729405683674613 0.7984106970566957 0.7873765773563061 0.7822818767748485 0.8434324683532658 0.8176292867552621 0.8484858738130223
0.7058125673968773 0.6966346532464811 0.6707436104359242 0.6797838939950699 0.708808683343395 0.6870017711238223 0.6312116930324811 0.6131299978971666 0.6402321872673673 0.6940620284984651 0.6812618449846555 0.7343300003722548 0.7623522008307736 0.7027989584439738 0.6983613895656744 0.66501018802048 0.6380696783644819 0.6336515762738639 0.621057696251457 0.690461169944167 0.6813594167474162 0.647108928176018 0.6431389653145334 0.6996313072197975 0.6814464449051807 0.6977532495979084 0.7286549750785223 0.6946326007142065 0.7554109256957068 0.7389831419820434 0.776813332908926 0.7753478667825301 0.7945871070286628 0.7400857426863703 0.730110706046672 0.7397946589167336 0.7475001393493546 0.7628962072440756 0.7771832599443974 0.8099267938825274 0.7964770176749181 0.787879637510688 0.786285851338334
0.7376435179280817 0.6964977900168867 0.6560384981665728 0.6933270732810677 0.7048981662151367 0.6525633328579337 0.6070639305403407 0.5920673166203942 0.6100538820387531 0.666892082178854 0.6969918626533718 0.7435652681969263 0.7388425130162213 0.7247988713433404 0.7035764204142771 0.6248611494553288 0.59958421512129 0.6397300914931122 0.6207512402022632 0.6493739507320849 0.6785409717593247 0.6228777990406253 0.5866148360857324 0.6521453997786136 0.688642253558102 0.7063572767784181 0.6686698440799627 0.6656651520558675 0.7033327014120048 0.709405031083061 0.7170362645932378 0.734459861372075 0.7460214829932443 0.7358340630720709 0.7172441114192786 0.7346941577964005 0.7615942318732816 0.7844801137307185 0.8147658547071752 0.7854102670282778 0.7551349529371658 0.7848078916272898 0.7846837110992698
