Raster_benchmarking/continuous/raster-151.asc
NCOLS 100
NROWS 100
XLLCORNER 1743157.5709936456
YLLCORNER 5469294.864616769
CELLSIZE 10
NODATA_VALUE -9999
[rows 57 to 75 of 100, columns 0 to 42 of 100]
0.15019441525618424 0.18406305984266638 0.22387041256239873 0.23573367197311054 0.23935093871795451 0.21006152278926732 0.21927570915625583 0.23032759678822531 0.24554261789971155 0.2808430567401738 0.27498682133097435 0.27425876099193514 0.2902088718767953 0.2654573879136962 0.2655408155874718 0.2856826393617954 0.2657587606496051 0.30360008469086724 0.3629904216281895 0.3957881588831401 0.424827059611079 0.41664049736392456 0.4487444774922384 0.44807642928419966 0.44071518556602235 0.4685701021914204 0.4378315959307719 0.45638346883914904 0.4611821727216313 0.5190495411190769 0.5540044946453648 0.5503206291497599 0.5703349983635192 0.537741162267836 0.567220090682919 0.5624127846467855 0.5279560961629819 0.5228142572285318 0.5147229485495115 0.4787758950000015 0.47961655282262955 0.46825499796325193 0.47960389529548364
0.1705585285672654 0.2161099110101404 0.23884478302614745 0.25371245037435325 0.25341371857934075 0.23281720724518898 0.22051534871771997 0.2620328918510272 0.3032813999290647 0.29452840509890726 0.29026689861306754 0.29270153202198984 0.30522410951095674 0.30565582212536313 0.2924852557176055 0.30008734057901826 0.2734877945473309 0.3196454788564213 0.3378600122541971 0.3984371391111122 0.4015130443916516 0.40381290896899497 0.44771808651022726 0.4554091232825238 0.4495467406440579 0.4846756460150839 0.47746800560358515 0.4849134040953732 0.4957779258522388 0.5038932158200811 0.5264131568138902 0.5568632651284454 0.5682516063765707 0.5759683930279011 0.5514020278652346 0.556460339909317 0.5483162478285519 0.55135195242908 0.5248379079598389 0.5040663150426846 0.45929473509023355 0.46781862775404986 0.5017950744426672
0.2158810845913374 0.23340386082553644 0.22284924222072924 0.24467061511047242 0.2671726276355896 0.2475274143194834 0.2745517726161353 0.277764632957576 0.29656056654153773 0.3367440292242225 0.3384362969296204 0.29772229888056534 0.29659289964920127 0.3080910772183176 0.32048255260851016 0.2828759224561663 0.2923524480901589 0.28568239025191383 0.31986159883141463 0.38409206866601564 0.40097899769086837 0.39632761732544314 0.41248975075881744 0.4574286127339634 0.4736573350947221 0.5091691704813588 0.5309882928723281 0.5312515204219022 0.5013208371103753 0.4969265645892077 0.507235849215384 0.5257621684622824 0.5297970483497404 0.5739319111576742 0.5416342308777395 0.5702427882195266 0.5360282370161615 0.5168187965442933 0.5093318657630057 0.4952461564315787 0.5057266254374371 0.4863424585925085 0.5083988917419373
0.20500077473478576 0.25239323155081855 0.23190920812353485 0.2319303803922467 0.24438365266625967 0.2505112643291626 0.2695638126186365 0.3124428906786825 0.33945295588158314 0.3702628411308177 0.33767812177411394 0.34270067898023493 0.33775969780870174 0.33929322540993134 0.3356327729070679 0.30332312503512254 0.2893591695568579 0.32864384423777254 0.325848314527511 0.37019733044174213 0.36393400148774235 0.3863557361207029 0.43159570182576995 0.4740399164553568 0.47130363953934984 0.49427934642549193 0.5258572109376177 0.5226951661442197 0.539313815889711 0.5205849090639042 0.5512238633806569 0.5446030624474755 0.5383309255352114 0.5404835196778294 0.5617724740589551 0.5656433218529112 0.5229135954092259 0.5207970627025795 0.5187668234422728 0.4883867134707854 0.48696865092234976 0.514217802792575 0.49168533456070995
0.22686430761320245 0.2547697954799542 0.26639870092960877 0.27077941826814694 0.25538351283677396 0.26908453702226326 0.28291898208747257 0.26987530779040797 0.3127877196258524 0.3953325557965642 0.3699178606481925 0.3823163568687456 0.34444911836851533 0.3621585176184681 0.3147548618582945 0.29626190172667266 0.3114932399564058 0.32341727157958605 0.30807029461968 0.34072225784314536 0.34962031486732925 0.34956256356603826 0.3916880200511073 0.45971659540759013 0.45033576812941967 0.45867509473303814 0.4807408633511311 0.5152779378433308 0.5132353349247053 0.5566371387529389 0.5652000091639904 0.5613635517763758 0.5754013484755548 0.5685081535147898 0.5409308018871911 0.52500077485515 0.5368713070305409 0.5617082595245878 0.539552585069151 0.5351030193909354 0.5280199679429702 0.5268970417940291 0.5042580613187474
0.2240246148704024 0.24072135856463237 0.2713049636392423 0.25551092927001545 0.26579174659807125 0.2514539267863889 0.24465850181844231 0.24903548307736065 0.2841265302193755 0.34365937298978494 0.35894674823352823 0.3710017368762498 0.3522829241750416 0.33983149636332033 0.33996349006893295 0.3434137778808844 0.3160794284956927 0.3351707624094484 0.3250092275707086 0.3587610088415272 0.3610239603504744 0.3652459826625226 0.4178554898729732 0.4542207323835675 0.45598739571654606 0.4692261142326789 0.5100262843936229 0.5111193771895896 0.5296442253586583 0.5481582057192256 0.5724332264456129 0.5565289901648705 0.5798218915372354 0.5702568563677958 0.5356324350305806 0.531941479630207 0.5250813387426335 0.5694167445127537 0.5610787697194177 0.5717530111375517 0.542620522134742 0.5309694789144253 0.5320011692710938
0.19294139806319233 0.24756413880543202 0.2600751905821422 0.2875093099403634 0.2843330178407114 0.24957933155015224 0.2505299762326799 0.26926568431506664 0.29874345191487606 0.29460694627606404 0.30941278917455955 0.34763098943616816 0.3258156252991477 0.3604184577782809 0.33237669850091073 0.3311895970418884 0.31012258594490916 0.35411780378259955 0.3557652658552135 0.3301973565186847 0.34004852462172447 0.35026427863479953 0.3989166607562637 0.43044377849558596 0.45401398022421824 0.4484519483602279 0.4907919774253548 0.5446354351989063 0.5618861508013767 0.5645926376086967 0.5730152893712697 0.5694511465934606 0.5861028096649015 0.5782238362189541 0.5340143739107986 0.5298909307816377 0.5675136440957691 0.5786445245332701 0.5568767772747122 0.5610083218112955 0.5462085542441661 0.5472719203826153 0.5250829469588408
0.17872104722233814 0.21694544136941885 0.2403098142171042 0.25058576442410824 0.28298457530116866 0.2512601186047196 0.29757475063641786 0.27762038112481957 0.27786407331445945 0.31213393290412245 0.3075575086256793 0.3532766710491789 0.3329587636923956 0.33876706148712166 0.3686574686969592 0.34572290161183483 0.3247937593521523 0.36297813548796926 0.35723256562876793 0.34686749591108945 0.36168129645758684 0.39751591714256274 0.4266244147422706 0.42978236798175123 0.4414322405922355 0.45356066328883915 0.5183601668075482 0.5442468877859791 0.5608886371471834 0.5900086147915173 0.551225396300958 0.5632609345019673 0.5471853058824154 0.5531187768355464 0.5602007612078733 0.5425429437483772 0.5472597504009892 0.5615249577831983 0.5473831670392099 0.535649081009704 0.5461278508945276 0.5240377307765302 0.544969947549647
0.17697138947090296 0.23535604776924152 0.2509145043258007 0.23277398540905142 0.26584735205708004 0.26728535387775787 0.30430288644120473 0.31612472617386267 0.3074774797171876 0.30730883859044367 0.34588151839682185 0.3681655445083208 0.342837922066527 0.33835807340643037 0.36983730988385155 0.3507853914336595 0.33723467574976945 0.3219876902488606 0.3552263344375898 0.394633900040497 0.4149070123750033 0.422769249670829 0.4393900135021144 0.4873575890064762 0.4844458964957778 0.46059183425507233 0.5037468280817842 0.5736264825049003 0.5862593870080332 0.5878256654192934 0.5620525165311402 0.5299522637508376 0.5506354881069694 0.5282562994768734 0.5217960756296143 0.5165199563890983 0.5479492216967533 0.5483335071998906 0.5226529434657811 0.5284866134670264 0.5363451700739087 0.5340011175803062 0.5094520783693011
0.16487465152184655 0.23041388213181774 0.23156144957753827 0.21765754983850627 0.2433471985594487 0.27290973765325505 0.27176389083301383 0.3124811905180293 0.30437174835082786 0.34841595397848063 0.33378729630974213 0.35123522507285115 0.32644136463481493 0.3753559851699328 0.37915714137328577 0.382572811016093 0.3422495790932289 0.33974580263334886 0.3898597942067028 0.38168632297841476 0.40849137194747087 0.42032319999694234 0.47302724912725114 0.5127931355277004 0.47263174943578384 0.4934401540290052 0.5082706082769238 0.5789291399352064 0.5794517367122902 0.5822983397438098 0.5358149096724507 0.5496853395924105 0.5236921381901062 0.522607176462673 0.5637574162098469 0.5679926240820034 0.5315152813157503 0.5446300912336779 0.532118959253459 0.5173874303606509 0.5167213121801066 0.5017617267004159 0.5066484220286959
0.16748626551351148 0.21734570546018106 0.24342226236738915 0.24005985968745736 0.2514943918474107 0.2976624802586512 0.3063497686600637 0.28818518475084964 0.31119850876112926 0.3623921166285937 0.3268285233753699 0.3234173824990006 0.3523957697181578 0.36231580717658135 0.3998113212965436 0.3800282230200954 0.39682379181936234 0.3959324074917405 0.4022808348984731 0.41240787737318574 0.45390090609905803 0.43983905524566624 0.4894442426889183 0.5245585082636026 0.5106483507791817 0.5112920309664073 0.5431360409534988 0.5671882602399431 0.5565978410425064 0.5860427577109197 0.550664822037428 0.5198950371677118 0.5147390124007603 0.559424311464568 0.5481210366433737 0.5781794799767 0.5342811016906205 0.5635989366731115 0.5548152961895707 0.5396083192239829 0.5231769149280896 0.48713758451378353 0.4846937911332261
0.1421549775953556 0.1594607904886222 0.21656518692536256 0.25494702203272 0.2707766807250335 0.3107843685502075 0.2952263837304369 0.29541090108155815 0.34196356274583767 0.38528485925088074 0.3557791201497036 0.37663455827662085 0.38637287995880415 0.3605493930229008 0.39860001421363356 0.36552450067581665 0.37834996804630827 0.40119427840932403 0.42687076146746655 0.4354877881510713 0.4740877930694888 0.47621545790158143 0.5225110673705544 0.55604997638533 0.5709398210736036 0.6029101457817293 0.6073649207994918 0.6077765696015632 0.5691080928482253 0.5724972667006804 0.5504874838097099 0.5316215305014824 0.5373528007479965 0.5430195255778312 0.5693853512124095 0.5643092050553639 0.5489175246825369 0.5657690313163966 0.5272231481200269 0.5194571045399521 0.5160480119246634 0.4630046765023511 0.4854962244168842
0.1324333520882844 0.14833141586514864 0.16770677704775272 0.2046488699699348 0.2820720157881337 0.3218807202799075 0.31155115525438754 0.34611684536937554 0.34345240670822497 0.41475969214442304 0.38247993681628023 0.39589606632289887 0.4057001280616573 0.3873915761803787 0.3639865126197255 0.3950346150858947 0.36357260485139853 0.3565041161190903 0.42679238102975586 0.4478037403970503 0.47392379298976844 0.5389912538772638 0.5652471223779204 0.5958303749105719 0.5929345712480385 0.6422551728718844 0.6265079387540838 0.61569150751516 0.6024115672148838 0.5526322523338938 0.5577702050606603 0.5514931257548433 0.5347073403202982 0.5493911280335154 0.586740378656482 0.5705801529736325 0.5587353545128949 0.5483539306352282 0.5414208759808553 0.48477534161841385 0.5132740156627253 0.4579010800036892 0.4691120125220397
0.11428982929934887 0.12940021442548352 0.18385820507161071 0.20427218502320657 0.2457291895617149 0.28723261751335727 0.3210368237033445 0.35627221457055874 0.35302680509828205 0.38038048760123994 0.3916940469567689 0.3733805317289479 0.36458561890817587 0.3897197768245355 0.3699841287936628 0.3832976829045332 0.3852339468307821 0.40175050643376053 0.4588408462229774 0.48090595653590995 0.488754284380596 0.5423159711571169 0.5483798776534634 0.5980087100213977 0.6076320227546416 0.6300556010252087 0.6264125271377035 0.6348249773068253 0.5958140549413475 0.5702913241685562 0.5753291833633472 0.5825547223705652 0.591184729183897 0.608326029343196 0.609681620274352 0.5794213139590247 0.5666818073523643 0.5403260140598235 0.5175488431347981 0.5121187529931855 0.5173617657622996 0.47781725210850035 0.47497785005457754
0.1407640282980607 0.14207200411502405 0.17391715986122047 0.19713709481209504 0.20656436496433925 0.2566905831195674 0.2851495585292411 0.32433023500880154 0.3474349009909792 0.33901944714513005 0.32872751345091317 0.3513270485422215 0.3317161027228055 0.3832473448468069 0.3466394772633242 0.3625135154941708 0.3874491728728367 0.45783082375442824 0.4735640292052442 0.5112411522967674 0.4979163022079191 0.525722448034553 0.5499483718496729 0.5935003526345272 0.6188931542363865 0.5950481868328564 0.622546165347979 0.6119493421206752 0.6172565267566664 0.6433215728630843 0.6281687133200441 0.5963015911457913 0.5850408951229328 0.6234323678192979 0.6019116295350896 0.6066443138337874 0.5719224447058533 0.5692622979118587 0.560119008024934 0.5383481024494751 0.5452579391636335 0.5057150296766761 0.48093369058511515
0.14150408636333767 0.19153629416528348 0.18955476393343373 0.2210325427343317 0.22049653921495516 0.2661075460407458 0.29490971810630284 0.32231137864465187 0.3113230510075531 0.3123414451999021 0.3226578573582 0.3084959667055099 0.32145798657900493 0.3178120621339223 0.329133255691998 0.38840464613927095 0.4108629834849132 0.464390604077757 0.4987730628670089 0.5183557528844295 0.5370441412379204 0.5467319729947874 0.5894983429104247 0.609634517456129 0.5996534409898543 0.6129129441110504 0.642879323077574 0.6413334709853726 0.612877694038675 0.6326139426560847 0.6573924842061978 0.6125908391199711 0.6096963188753238 0.5961758543280646 0.6092021244078255 0.6105446739460856 0.5919873050442642 0.5672922043568565 0.5505208060919192 0.5611382296821937 0.5282688483770278 0.5369714589829644 0.48939551234070355
0.17425884838901112 0.21987879831835916 0.234722176573469 0.25760298561412215 0.22426010523202486 0.2403474757655653 0.2632523025289079 0.2666596543387572 0.2610727811678593 0.28698652708249767 0.30931229994260684 0.31695994359429663 0.31079201161487513 0.29936223253825917 0.3461454089266816 0.3657892937442122 0.4146962787900112 0.4606350146958151 0.4920740197273043 0.48980189489999965 0.5376189309028048 0.570440524363941 0.5813373648645218 0.6170110764150879 0.6100675650225125 0.6504537424451031 0.6616609863589881 0.6233636233293955 0.6433986559883025 0.6645469468876485 0.6352809107571148 0.6364084348848809 0.6394571648177645 0.6069200968967023 0.6232647966694898 0.5912348779231767 0.5943458213123796 0.5964728647313746 0.5554377048049984 0.568976183580408 0.5314260518933238 0.5315749914427084 0.5104203344273285
0.18690618823077937 0.24810506768686988 0.24597981640354247 0.2548120828567446 0.2358581133330889 0.2223377785147652 0.24118522576125742 0.2618405740282439 0.27330012302197765 0.3093414583860145 0.2932968624871077 0.27774781228560697 0.2967533747772233 0.3161943334546045 0.3062437447725331 0.3306630686141532 0.38104927695210183 0.4523691330709212 0.48953488138243273 0.5087232227262987 0.5381097630068007 0.5611858578951125 0.5941192545854096 0.6139506091063516 0.6121693761400199 0.649944654499111 0.6635691802192409 0.6688163981875141 0.6755086460798245 0.6507575188027098 0.6534239498575927 0.6398799875592314 0.6218590357795588 0.6187454747783756 0.6265551958628894 0.6150646449190635 0.5884128537394024 0.5921904917167884 0.5983282328663394 0.5676845991579783 0.5564811973488925 0.5555495421880794 0.5675498982579298
0.22037008607860253 0.24408532434227984 0.24336436087159286 0.255505395953299 0.2350525548766301 0.2664389353618365 0.26081490642727584 0.27710227039354235 0.2897217487460088 0.28968974399627845 0.29198483241844536 0.2701692907387098 0.29026788185833613 0.28876271198128084 0.320450127301079 0.33713106653857483 0.37072513667382784 0.4386303224112951 0.46900949701855127 0.5034587047620492 0.5590016480154292 0.5894643852266143 0.5772506025786275 0.6041770274001663 0.6167257426233543 0.6255908993410004 0.6626940505017124 0.6796303308100529 0.6662587569904859 0.7017883713193986 0.6739449116467597 0.6501421807307326 0.6616611920851647 0.63766717545754 0.6018621987531028 0.5807456912012674 0.6057703898968063 0.6190305792220991 0.6024266190649747 0.606902795035358 0.6033606339384808 0.5880933375402496 0.5922393060731602
