Raster_benchmarking/continuous/raster-484.asc
NCOLS 100
NROWS 100
XLLCORNER 1743150.5254458752
YLLCORNER 5469281.485127679
CELLSIZE 10
NODATA_VALUE -9999
[rows 57 to 75 of 100, columns 43 to 85 of 100]
0.4076853038906462 0.4232415819909722 0.43977229494520675 0.4408074441346735 0.40301975861885175 0.3944010912829594 0.4189333290701926 0.3894212119539553 0.4045076577978034 0.4249316045458791 0.40466371109978133 0.4098754535507346 0.4585579445375647 0.43097142548690365 0.4319498220190554 0.42513650419439775 0.42215547752270827 0.44129273588470835 0.42526014183213007 0.4605362935455251 0.46829434105615547 0.47596846068576815 0.49676999369214137 0.4997838246656001 0.531206362497216 0.5076053591326888 0.4668489121411541 0.4512016711847425 0.4570666991986681 0.45013061486258465 0.4305597011350395 0.3871956140815105 0.36538080805439127 0.36732708247696555 0.4009230829485294 0.4158939566383394 0.39180266047996726 0.3846257890467539 0.3579555040378905 0.42305220056247933 0.4345400100175683 0.4555936030917454 0.47285467036067225
0.4135208844255905 0.41237384619032386 0.3964434162880649 0.44120973365030713 0.4406789625905134 0.42246805938040843 0.4210568031551863 0.43141232844900257 0.4464888539662874 0.3997343450841742 0.4045119460942401 0.4490819806712117 0.4660560322964974 0.4253531209852585 0.4327594362303566 0.45740705720392966 0.4871650424461258 0.4888732228520805 0.5034026106803439 0.474541695705568 0.4849739194737087 0.5132107282029441 0.49599766183800237 0.5174052460734244 0.5156200318152571 0.47966049208424655 0.4599425838135977 0.42274677673218347 0.4392320310476125 0.41511626142897173 0.40714036673660076 0.3855670355789776 0.3554977239458462 0.3746094254036657 0.36722185828080095 0.39699552051756803 0.41520497133667816 0.37725607465750255 0.3452083805214372 0.39719892431570325 0.3907662984582637 0.4179624615002859 0.4451826724335907
0.4118729793484646 0.40840681684849445 0.3895474066093344 0.4407468820791373 0.4292363470940278 0.44803286930767133 0.47536586997509045 0.4339913196437401 0.4504340566532948 0.40718641888433416 0.3835793360402181 0.4337489199841512 0.4508704513488502 0.43477436299784544 0.4522991389709903 0.4845595148692966 0.5304112965487384 0.5390574644672492 0.5300354036466517 0.5258714771070149 0.5435751914222601 0.5570493485331066 0.5279839488667992 0.5385148836407354 0.5102527008837521 0.5001809637177749 0.45410158633308173 0.4122234617617666 0.4081334497800395 0.418578562345574 0.4052488059182033 0.3926591230996011 0.359595154180638 0.3266729265083751 0.32524220123300546 0.363998114000492 0.391915312323014 0.3484937350434354 0.3472761238465306 0.38919825622063486 0.40114021754946155 0.45049964574040563 0.4560061288139518
0.3966897397421201 0.4115060539514538 0.4181129008247077 0.42168071988763833 0.45960790267112245 0.45757661625054685 0.4797255013876406 0.4756376760171953 0.4706621215748285 0.40717761091191446 0.41343996723967347 0.4359256921242849 0.42448801040021245 0.43836427432106856 0.47401210673804617 0.49073047089415706 0.5042369116155139 0.5377562014088754 0.5664530756913877 0.5403257026556992 0.5335434153828861 0.5611951131822633 0.5120638324813318 0.5016384181884032 0.47457619747305485 0.45205670172170925 0.4591251630510658 0.4259938635500336 0.4445162878517635 0.4316360779408213 0.4363534887585034 0.38445829219448613 0.3399840523910675 0.34560848656051774 0.35479268738045655 0.38813136502178225 0.360008986543259 0.37931011848577123 0.37308510159561276 0.3654621537970084 0.3915531879940362 0.4356739955180832 0.4826524267783482
0.38914534975799914 0.42842793405729257 0.39090649281713646 0.45469070883341584 0.4781062129399446 0.4638739779196305 0.4536403646515002 0.46110470268901793 0.46426459151483546 0.43617167678010893 0.3877350363212497 0.4104215687471879 0.44637916693159946 0.45175969978303643 0.4879065512178221 0.5193832509906443 0.5480654341615133 0.5330502839811525 0.5564631550143836 0.5323181318260579 0.5482705303246795 0.5605435859532283 0.5423435349144976 0.48057562488462663 0.45918967496789653 0.44072554159766675 0.4514003629190183 0.4472009535361004 0.4888859839966581 0.4811795829536964 0.4594598654176216 0.41537935187880565 0.3454147412860002 0.35566879162127313 0.35079647332436176 0.35401989656160426 0.38266277958323675 0.3917669642214121 0.3638435702148759 0.3980195904043573 0.3754394562827436 0.4533038749336127 0.4959637898343583
0.42208039166008415 0.4271435155133592 0.4545502628758007 0.4355238693209345 0.47927331458650657 0.492005745211756 0.476864062422215 0.48085920505825624 0.4447091994562011 0.4314010163175141 0.42139705951242196 0.42415043556822224 0.4395545772433372 0.44782766727512996 0.48483925141518597 0.530717888621096 0.5490998485483565 0.5338137644070032 0.546079483215973 0.5560294189907932 0.5249198334332502 0.5078969883837391 0.5359607827922556 0.5198878852078964 0.5169742507768034 0.4915498796855816 0.49338067659996565 0.47874540764322143 0.4745566750929722 0.4902700690803303 0.469282046807742 0.4189338568500222 0.4002267585308365 0.3790855206017761 0.38977496239806037 0.3924599427366105 0.37974799202861487 0.35450095183406904 0.3756631138335956 0.38800219433198013 0.3820987288952357 0.42482191260368335 0.49629626309450076
0.41761861653575294 0.46157350038719747 0.47598016722179404 0.48478331446822237 0.4747805166028262 0.4756311891221419 0.5040537302575964 0.4969312590914798 0.46763073687025797 0.44615382801347947 0.37361480110726364 0.4338377302984601 0.41679933361796584 0.48227769608015986 0.5319316332345542 0.5450605033835729 0.5199409120583947 0.5034840731337915 0.5274444474314977 0.5469082872163127 0.5190032963694509 0.5292235553448607 0.4970262181206076 0.5141973440357703 0.5033984021487347 0.5188778322616601 0.5111243423547784 0.5255067545453878 0.5228458608739966 0.46296671895417585 0.4239868268734566 0.395844819832959 0.3733540289564003 0.4068760648246816 0.38253796798611167 0.4186434664027622 0.4107668082157791 0.41657050005373447 0.36253827328322186 0.3645131676608154 0.359138465691503 0.38439818476081594 0.4275718766387389
0.4477772122071523 0.4590105613259115 0.464347024555737 0.4542408855220812 0.46100006095943896 0.46056136057179936 0.505006045288011 0.4862960399429495 0.4806340417892397 0.42979317379566706 0.422330527172217 0.44351015334243293 0.42229650821821185 0.47493734467181814 0.51251455429339 0.5120262638107171 0.5000018565900483 0.5300287608068024 0.5520052136526731 0.53947285392155 0.5193293345041603 0.5193540624030737 0.5181558212290576 0.49887928843993057 0.48859109369052794 0.4884425575498382 0.5047871867732407 0.5402774259077641 0.5350930363301046 0.4766911355288716 0.45736063761108736 0.4231809760043865 0.4250272129628145 0.4350280056093296 0.40048624501370295 0.4078059205064459 0.450436189973128 0.4418778818272684 0.4299121573041911 0.4019727551021228 0.39706653508678946 0.4195342898024688 0.4971910283452004
0.4573847926684818 0.4688700731549199 0.43656226800274434 0.4260984365538283 0.43625549204010006 0.46868169784443475 0.5188048924256501 0.46195647774394905 0.45125091009692225 0.43585943952469147 0.44781050275566503 0.4682634156314524 0.4400481010802156 0.4676674838838447 0.5336647789882943 0.5446318279513982 0.5281335625515431 0.5678289586144283 0.5588830866495315 0.5621603739080342 0.584812561919531 0.5398670859078417 0.5647596049509377 0.5285590046922408 0.4972683252281219 0.5288594801139823 0.5399315792102882 0.5453837983784225 0.5629345868197816 0.5100046597198498 0.496904511442945 0.5073372294360247 0.49402744267974147 0.4926048434907539 0.44888734528685703 0.4479646210947506 0.48247880211829225 0.4567978863930593 0.46814486713844977 0.47314651524794255 0.44319439961498225 0.48432559961714483 0.5442702809541974
0.4797911018712219 0.4678299997239086 0.45426845321260517 0.4197542008189946 0.4463920777239638 0.45840738913105994 0.4782931172575993 0.48652320006483957 0.4729669703894355 0.48217521768705274 0.46252825056411895 0.48709073380967105 0.4870779304004956 0.48008579311967114 0.4853230925736308 0.5042704892633473 0.547723185179897 0.5546722362526936 0.58898247889197 0.5685570910250584 0.5678661159285003 0.5711281942829416 0.5610637831162698 0.5268587068543891 0.5311692136942738 0.5591817199297451 0.5872136337911726 0.5811551181540314 0.5600077158658758 0.529264252543769 0.5398926997891466 0.553343686026172 0.554320187217454 0.5457880763438615 0.5129517686243755 0.5112291501412994 0.5043130547849969 0.5176763411509655 0.5210188678311763 0.49375814825815223 0.5045902316120002 0.5444243520575115 0.5412622791116178
0.4594438723803595 0.48046904244380245 0.42997215892790086 0.4479608436962853 0.4431223627014048 0.4853644009046583 0.5105835475815855 0.4853856016419526 0.4736291455537013 0.4900641788642805 0.4670746082385787 0.4656199187999994 0.5125564422424699 0.48213266205044764 0.4962747201450127 0.5458723700498591 0.558980690005682 0.5779462587907858 0.6255433733976956 0.6213801810779389 0.595410744085621 0.5557994075669781 0.532653482829543 0.5723224689054484 0.5467912363635432 0.5757298224051861 0.6199912376141117 0.623250397486183 0.6017241988055498 0.5769030221680891 0.527738371717133 0.5344708027265749 0.5913493791621026 0.5711698319407693 0.5950428693618701 0.5556743562430392 0.5472972293379779 0.5451078721041382 0.5491994548080192 0.5504737660277655 0.5456142884197956 0.5623829485010834 0.5809717665195258
0.47391910688073 0.46965769509024025 0.45772984634237424 0.4941350174357658 0.5097787678824318 0.5088612296725699 0.5184368010642932 0.48771730246518635 0.4646704571791726 0.49649347776799047 0.5069778215594699 0.47398998347740834 0.5168516581088566 0.5037148019562474 0.5475147948942451 0.5864085183819517 0.6204325998523357 0.6166261238379149 0.6353136229867676 0.6477370561310457 0.6142742462141538 0.5939190034960379 0.5460510579266521 0.5827838560149317 0.5665626224486495 0.6133371544216417 0.6400106276306933 0.6223948553313595 0.6288144983032362 0.6032692666497077 0.574656456235037 0.5650702112967174 0.5914050413938988 0.604080435633269 0.5950281752723713 0.5595113408849475 0.5421992771096096 0.5459706132457293 0.5883255307058262 0.5717119686097554 0.5764765418782052 0.5799954595380722 0.5641282743928371
0.45212884388073754 0.46066457985702636 0.49669432014388215 0.5023613901949181 0.5347325493005342 0.5267674627059281 0.5390677189666917 0.4907796922427982 0.4841359320437964 0.4850317043515819 0.4951451605158979 0.508812654541732 0.50131276722069 0.5563486373640716 0.5827789945781863 0.6345805223242056 0.6317584796962261 0.6232545657676931 0.6595321182281958 0.6699420865671546 0.6217824674465735 0.6138712762426675 0.5499382132989856 0.5703203551998887 0.6013190687832799 0.6192715271776561 0.6324534542592685 0.6402001267130556 0.619649328602778 0.6103265919160504 0.5867250645176828 0.5983866980336109 0.5895386635726432 0.6186612737012785 0.6226627806739155 0.6224823547332137 0.5734705174814583 0.5851619418287356 0.6026307050175073 0.6154659146701992 0.6032644447920484 0.5975023470533223 0.6074935744258305
0.4549003568728512 0.5069140335954355 0.5420043362755501 0.5363898518241731 0.5625144073442074 0.5303607112976583 0.5095408447788685 0.4987679870502262 0.4953388892767474 0.47522717788985996 0.48773349757270107 0.4827192241245056 0.5047824437303086 0.5534742837544568 0.5848865875552762 0.6387809700981844 0.6216436187913951 0.6632930992209981 0.6932465965771827 0.672783684478759 0.6116880746943296 0.6114040285758688 0.5783103807734583 0.6079054222290656 0.6211904622948964 0.6199878230113519 0.6164231914629484 0.6271979458494715 0.6304269458410593 0.6253651191399779 0.6188428362360108 0.6107372928709573 0.6548346161737774 0.6514365985196047 0.6167817239018106 0.6436559569715082 0.6125581326370956 0.6365849942564672 0.6363218406637998 0.6098514100412821 0.6128855566485422 0.639131744868324 0.6283269796502416
0.5073608137100993 0.5060357978186949 0.5569116355501774 0.5217410733082418 0.5560636393789734 0.5138841119198134 0.48386121075555594 0.5118057864963169 0.5079738558945737 0.5059714350230886 0.46236749603760197 0.5190505655638064 0.5460221040559756 0.5551244401700037 0.6060689097743361 0.6310279797716698 0.6517096856226053 0.6508814077845997 0.678593023518732 0.6593093908051467 0.643479885294453 0.6407028960873706 0.5916380181510115 0.6003128157350429 0.5980784467659749 0.6449669702538682 0.6203178490718705 0.6553288175873567 0.6499748583307473 0.617988505503487 0.6582020192127471 0.6810036514640478 0.6778445318244324 0.6383778567018241 0.6492940151471553 0.6285100480403227 0.6305627296769056 0.6692381608956786 0.6756315995132255 0.6607188610312983 0.6476603869512585 0.6183054055467809 0.627181308993453
0.48174379343426965 0.5364225985027102 0.5293306429621155 0.5416012097771816 0.5100433432704177 0.5267007786931154 0.5324617213149757 0.5290702347965237 0.5097036316122444 0.5280324361736594 0.5283308100941796 0.5488494716113891 0.5598152196433002 0.5813154586112492 0.5943201666144564 0.6436536906004304 0.6514281440239995 0.634934567123741 0.6600514113009311 0.6333285912414846 0.6310908204956862 0.6360613159314656 0.6173860367877827 0.6243170034208292 0.6499392243436114 0.6543980658836258 0.6673805764614787 0.6514161248837914 0.6588267981133273 0.6307599703102029 0.6669541447593498 0.6738805283332073 0.6594182891002557 0.6573827915702517 0.6332655343724786 0.6593708732025512 0.6549474511533511 0.6671245376729398 0.6321794584916827 0.6526234466235296 0.6658765444404385 0.6420494766503263 0.6183502510735867
0.5091913671910842 0.5729056364705081 0.5814085527729967 0.5255338172656554 0.5127828934651574 0.519508340363363 0.5375469216064876 0.5114667128232511 0.5292949566992529 0.5436453956140108 0.5614089809604103 0.5334975677818564 0.5555326949975598 0.572537530470586 0.6365730587366102 0.6617264100194294 0.6658823911501254 0.6733525774137609 0.6422736280815015 0.6412372439624702 0.648950988314667 0.6841044518927495 0.7058860482910565 0.6907272622138035 0.697812712029779 0.7148028684412542 0.7043385216488254 0.6701626221080799 0.6128942670651576 0.6353930114093487 0.6286397003353592 0.6415006721609735 0.660058926725261 0.6239549375826898 0.6380399237726108 0.6496847652829965 0.6426065633281677 0.6515402047639755 0.6348775478720832 0.6639089092597894 0.6352259856685917 0.6208105439928331 0.5721096219553219
0.5276838242613135 0.5602089531532055 0.5773267937659353 0.5694661227732196 0.5405824784986253 0.5198310462531535 0.509277546037831 0.5346015785607793 0.5589149156161933 0.5425932097801348 0.5424123941416539 0.5465905353478314 0.5898071415176683 0.6097807707551984 0.6519320673721595 0.6543690441826459 0.6458751322977252 0.6718856796692169 0.6940821833697799 0.6750221512363827 0.6989209040972579 0.6974143438946308 0.7165768549552907 0.7308969889996628 0.7219860075825096 0.7377154345278855 0.7239690527311038 0.6407645843930854 0.6280643043166447 0.6287078305740981 0.620195437830399 0.6237304753601548 0.6141515530767806 0.6231707306013555 0.6289120524269349 0.604584632915533 0.6156612679254323 0.6402167608122239 0.6260200295119167 0.6468943633616316 0.614610341557211 0.619350857177943 0.6093108677334299
0.48773302907397764 0.5465483533215031 0.5765616364926612 0.568341275996189 0.5668267873485474 0.5555677046174036 0.5224823205858065 0.5316118220786159 0.5297090758590959 0.5718050077328872 0.5332030741600291 0.6084117685765268 0.6289483284281912 0.6610135497053113 0.6944530138358879 0.6531239862557516 0.642574505331254 0.6587165028252913 0.7087121840730873 0.7012246749941096 0.7542576960533831 0.7248026497242687 0.7647762320375441 0.7704041387510525 0.7539575025802442 0.7446685242231601 0.7317473511313299 0.6614960434625455 0.6119050098958994 0.6283637057868341 0.5879779248078129 0.6187519975032848 0.6054648269514438 0.6232575894115605 0.6026900168967618 0.5923300162528561 0.6253744690777839 0.6452750121189699 0.6267647478752838 0.6409369143832825 0.596383851034114 0.6405697846773061 0.6271393896063527
