Raster_benchmarking/continuous/raster-221.asc
NCOLS 100
NROWS 100
XLLCORNER 1743150.5268790605
YLLCORNER 5469278.829838338
CELLSIZE 10
NODATA_VALUE -9999
[rows 76 to 94 of 100, columns 0 to 42 of 100]
0.3631422604142708 0.33682560482579854 0.363469555454766 0.3772373336115799 0.37954911545079517 0.3486562690808666 0.4098192349123105 0.40452791516589737 0.40293831259681273 0.42580854613499153 0.48165900248670723 0.4812820573434696 0.4961845154139653 0.5056169170338811 0.5173958656673774 0.5291833758494059 0.48822655073345766 0.5055900817894233 0.519177638721157 0.5364318701861641 0.5435561552785259 0.5155595478074073 0.4889913319982028 0.4861728709689661 0.5304798911614601 0.5479041681852816 0.5661459741440674 0.5721242653488255 0.5424740498623493 0.5301922685416812 0.5635984627273776 0.5513996307191986 0.574557679194218 0.575521045842237 0.5948090247010587 0.6361295848497845 0.6656101693589244 0.6560960222417282 0.6985223195555301 0.7284059594961532 0.7210801863655317 0.7285912151330038 0.7530979265340997
0.37012642016502617 0.36529377876521585 0.36174612383259125 0.35184707672368315 0.3819946859337758 0.4024409999339493 0.40010515321575385 0.4163041941828633 0.41420516947093905 0.4407922502625295 0.45273163589274273 0.46802815823078503 0.5039298997239584 0.5048761707849153 0.5247376303562755 0.5253730503578976 0.5145837474473975 0.5142298130427166 0.5245265102230543 0.5578542548741534 0.5442254578337248 0.5038122719314587 0.5183558278423769 0.5179753360704874 0.4881008220719988 0.5161110691473739 0.5340359293769886 0.5342583168075584 0.5268343938304848 0.5110476624554275 0.5374023440754269 0.5424784185417842 0.524756042611194 0.5800772430268243 0.6061977833792354 0.6183391053607636 0.650934812508063 0.6526667742550096 0.6792509974110347 0.708515513347466 0.6906707715611903 0.7099040235656936 0.7513327678376707
0.3528517173606023 0.387677803253723 0.380086105415707 0.35588261978811375 0.35974881544127674 0.39130587379841464 0.4236320950774963 0.41912362989192176 0.41963484741085016 0.44707555741412736 0.45291996621402664 0.4832697231837777 0.526921323978066 0.5407922667671582 0.5368594651065776 0.5319201581498428 0.524422491474645 0.5236362961671215 0.5088778853367427 0.5388899149110686 0.5201256177534133 0.5113024959747485 0.5344103978853338 0.49666954131007685 0.47900039815534823 0.49198305978732104 0.5181298777988905 0.5048408120864795 0.5326307505623058 0.5046569183105334 0.5136844320992715 0.49236849576437175 0.511351521153103 0.5438483858029522 0.5932887950974525 0.600716973176119 0.6380852152685644 0.6359581310147968 0.6592487004304671 0.6700135881715551 0.7109143222141008 0.7049360139603131 0.7495632857926686
0.35618458737842457 0.38644074162035125 0.3703163501987301 0.36809530192502504 0.3899251802741878 0.39137730631680234 0.4231390582556598 0.4240913245914283 0.4564102514645971 0.471241241753061 0.46318645520896207 0.4752582192593931 0.4999161023799173 0.5321166105733954 0.507252488722145 0.5175910423056497 0.49421646437147565 0.48956794244881596 0.5200338721818407 0.5395647475480945 0.5192794584358668 0.5304651595115755 0.5396507572572486 0.5051836633358281 0.5090298437485173 0.5097702185188755 0.5215113291327794 0.537791912182233 0.5258360590477033 0.5274628376346542 0.5101342411888561 0.4839904052594913 0.5235802875699309 0.535982273854806 0.5659873207463532 0.5766347609321635 0.6132493534819977 0.642756346420215 0.6794490899396801 0.6779401529502116 0.7092941752122631 0.6989555864781111 0.736857799373157
0.34170589476282925 0.3479614983821592 0.37901962764183306 0.40297839293498683 0.4102249981038429 0.41610851189736037 0.4347968472843583 0.438220842803486 0.46431767511735256 0.4597446049676817 0.49859567184683806 0.5113869255622541 0.5220536451172029 0.5317754868464941 0.522011531565916 0.5031607321885901 0.5058668078777729 0.4890234409490408 0.5226832317535773 0.5268080003333311 0.5515503025871561 0.5541309114255781 0.5301755085274793 0.5147786329595692 0.5256268622007955 0.5346195189358688 0.5165137421925605 0.526467569150262 0.5210920404487334 0.5034632446452388 0.4987561191062005 0.4868642236680786 0.5394901373130273 0.5636004280820579 0.5678235048807905 0.5843956249710742 0.6243084911108783 0.6375225675386198 0.6624536982683112 0.702082378940764 0.6910461416721971 0.6918281342800464 0.7154141885964768
0.3558888430411831 0.37829346433472444 0.39776293754229475 0.4207755378942357 0.41321310019764546 0.42932421934530085 0.4464487700909038 0.46717264692688454 0.4613309622575815 0.4862078231685512 0.4954794991994708 0.49044383262750907 0.5120100858511425 0.5385529872502711 0.5159613637623847 0.5233472335085338 0.5215808097256189 0.5028913874594716 0.5186977181655442 0.5105295984280415 0.5395667534750542 0.5633401846795811 0.5341564942657314 0.5024465565034146 0.535999383282966 0.5172008583781685 0.5321209568721236 0.4963043860878818 0.4778418204074369 0.48547096720224264 0.5093490335066453 0.515086310692795 0.5157804723031445 0.5444593315887775 0.5904784760582195 0.5778715653628081 0.6159900245062044 0.6642390198181592 0.6539871686888148 0.6755911801013589 0.7110099204916512 0.6998115533596824 0.7181409766042663
0.3260067340494612 0.3652737737543116 0.3909798521882885 0.3990950512552307 0.4373478108407198 0.47839207038109427 0.466800640152051 0.4701081556827926 0.4819989962967016 0.4995615061995347 0.4920749861864635 0.48998908936131164 0.4831876742900562 0.5077563615841396 0.5151556820873635 0.5162415528577524 0.518520760625078 0.5060127220601904 0.5065936358431701 0.5091393155152193 0.5364046788089882 0.5394368272952437 0.5039662961372673 0.49916937704788594 0.512559810310714 0.5160912475182146 0.5206611740227162 0.47205572002444607 0.46597261018842734 0.48943907331907416 0.48610568595596937 0.48343743968034514 0.5066217253125047 0.5613182277729155 0.5835387668494768 0.5988130912536257 0.6250536254251339 0.6683874851252511 0.655449464813988 0.6829408007265951 0.6820220288892406 0.6982957863995334 0.6839331553518334
0.3538791972269525 0.40075248515778267 0.43921920689152466 0.45225598310750886 0.4428862358242765 0.46446024110901074 0.5029395361993616 0.5135924509326119 0.49944250333950574 0.496894157401489 0.4949150696793851 0.5044121239187275 0.493445907204279 0.48988658206325253 0.5149896314909974 0.5010579486357013 0.5313131438896522 0.5228474592068534 0.4935700736024041 0.5195065969699896 0.5177108825309232 0.5085965121118433 0.5195031942832015 0.5072500833420119 0.4925151082879083 0.4743846714137188 0.49010754082397806 0.46487046187815134 0.4549276565047006 0.4856471045666826 0.46370724503840466 0.49053792056794493 0.5115481544329917 0.5727994633321499 0.5816076555782753 0.5876561717826836 0.6088143030671069 0.6359047057989383 0.6623950225745079 0.6740405755502638 0.6901126528651834 0.6797822380652628 0.6534416436926582
0.37985885780043155 0.44170235080573844 0.47039516338466025 0.4747312574142805 0.4819857288742114 0.5000777506192884 0.488480297917113 0.5182327039195367 0.49719353452628445 0.4672332336141989 0.45528141077597173 0.4655283090942001 0.47313746009803065 0.5023441774695672 0.5313909503579712 0.5248994046515214 0.5156269249938095 0.5101789296294481 0.5168826742735324 0.49323942659697795 0.5044617089268567 0.529019508823895 0.4933069009482585 0.49320780208388554 0.4718476630882999 0.4664351382763898 0.4671548803549738 0.42261936428528507 0.46704652665525587 0.4742712271332394 0.4664872966557917 0.45183655531972944 0.509432795960918 0.554855987427174 0.5687655801731042 0.5946463382436121 0.5670399001724087 0.5977548914313054 0.6436483259448309 0.6504480894638209 0.6580241820242558 0.6433986649443351 0.6370025973935813
0.41572742866361717 0.41874171610884026 0.44880035678377445 0.44442019314982756 0.48005488060228696 0.49135794284023704 0.49457707047801464 0.4753206046961856 0.47506096402322817 0.4818205438893147 0.4698071748044366 0.499764286059232 0.48787835525771545 0.5073592147156585 0.5053732889785072 0.5105655485438728 0.5322633096146997 0.5299191357655311 0.4930461021878872 0.5224314872679644 0.5090448817358084 0.48074341325819914 0.49117018780499716 0.4888270266174528 0.4598074932190597 0.4659627461624619 0.43915469753231545 0.41311538162410416 0.4424372206125817 0.4396500859807698 0.441447397688465 0.45086596611123747 0.47989079050332006 0.49957499969996516 0.5323326244098396 0.5270700905353779 0.5479695770512616 0.5755080297229064 0.6173023815997098 0.6157026682428284 0.6154689476694029 0.6073054328807606 0.6357221711156963
0.38459399842329617 0.4137969983493245 0.4428051986442062 0.41250888636540617 0.45586843383537823 0.492184743889812 0.48887152814562757 0.48842580133501035 0.5058206935090799 0.4973582454840916 0.5004165937575084 0.4890003445142669 0.5119692976333886 0.5387746543045204 0.5432649361290807 0.5130954920543576 0.5308951511574936 0.5123161506604956 0.4954815134765768 0.525058286786646 0.47898218719118024 0.4617306632216192 0.463682686504836 0.4887368635055804 0.4762050339563641 0.44195834503433146 0.4302006840860544 0.3991988094467635 0.43381037525002275 0.3946214130924132 0.41810836109233945 0.429847911782948 0.4519952559388612 0.5080115907034556 0.48669029613017545 0.5106501383847253 0.5184387280715267 0.5518383334337503 0.57171170124918 0.6215871603532103 0.6257195075345681 0.6056372718537016 0.6088626760337598
0.3979257908868772 0.38492556785262694 0.4104890375971839 0.40622149131294394 0.41497684029108173 0.43394223818428274 0.46268334555467555 0.49380325416489224 0.5025721818908649 0.49025898198185985 0.5268866481284804 0.5330135456437082 0.5167449935051882 0.5365484751848789 0.5514619820429242 0.520758681495357 0.49941523252781717 0.49336695159227145 0.5018777458655086 0.4927175422363511 0.4817279474479127 0.4493725431896675 0.44494903950811 0.4846664838855654 0.4756232028807162 0.44058147089795846 0.41302529403722005 0.3918313951393079 0.42613171078549955 0.4395219686330882 0.44708102273752837 0.4306487060645453 0.4584910523567782 0.4699654792742016 0.47547902366540734 0.4941716166959778 0.5076557402996459 0.5344498049988765 0.5788220642143652 0.5784465404133889 0.590474614701946 0.6247331831092621 0.6268239396526463
0.3851467798555262 0.3694735474529627 0.39225714321139943 0.41021430438617207 0.3997940798297819 0.43115877702541744 0.4405611042445785 0.45442479404531544 0.46860954223283213 0.5156554601975774 0.5359644243434601 0.543680892427427 0.5399573821079937 0.5502039896805925 0.5598850805251975 0.5356263310873695 0.5422638553845489 0.498439688161967 0.4878610931768525 0.49448426103249693 0.5014132240891305 0.4543273745527871 0.4367452923106326 0.4570045084938623 0.47761671410481926 0.4564230567533293 0.4074052286392418 0.392350381246985 0.4211919235035083 0.44163571072789803 0.46873065801674857 0.44884365313752306 0.44423740772680803 0.4791816369578239 0.46939338220965005 0.4622052711974786 0.5024852363825723 0.5544069553162793 0.5755764208389362 0.5663823142919545 0.5778257982570502 0.6181074715941716 0.5967323603257026
0.38058782803808233 0.3942383986891575 0.4032963769361484 0.39542090818634634 0.413142314829064 0.4307587164967963 0.46108462339963774 0.4552277796537006 0.4809786709852996 0.5067992718493792 0.5507495785997979 0.5716659082609928 0.544512384466754 0.5713336180719153 0.552346891914567 0.5308491136582241 0.5501157352612437 0.5514522496123471 0.5276103972539252 0.5337918618829767 0.5220798759961265 0.47301230888379087 0.47049232133392804 0.47000497902496974 0.4712593941330355 0.4713688545233039 0.44609761134614057 0.4441693949885228 0.46183209414610615 0.48855704047932885 0.46033631292019367 0.4941276282316782 0.4742531804562064 0.47128289238885596 0.48640051273838225 0.5162720329614677 0.5390278531877306 0.5317753793980583 0.5460739095542598 0.5722652729527256 0.5835920239688636 0.6210148873329481 0.5996171579164613
0.4023404257746541 0.4198356624920341 0.4200092273046474 0.42061879204926267 0.4443476671825772 0.4456278544653052 0.43930947298387973 0.45983794723286425 0.4804021095484879 0.4813354132390693 0.5422767067288752 0.5809738958696364 0.5750941012984122 0.5859257963917952 0.551217140911718 0.5457833338094048 0.5741472877461399 0.563132298515129 0.5504785060306895 0.5653723967676051 0.5510923906899368 0.48917126251880627 0.5018042239930692 0.4855223309793273 0.4799865823487588 0.49250985067237785 0.4944731608200855 0.5017087241802878 0.515152230543542 0.5078822116151186 0.4878369643904468 0.5090593593163186 0.47962493354529473 0.4740564084518657 0.4881491622084177 0.5168460202129549 0.5554910203368791 0.5379505893739844 0.5492343733181572 0.5581741248202392 0.6018197072132799 0.6347878679272165 0.6480151268922636
0.38116231768477427 0.4141733958973832 0.4228607150725543 0.43921273703105235 0.44307899164728376 0.4314469055992788 0.4751940831993148 0.4656461353561108 0.48366624086103494 0.5056878659896632 0.527185443678616 0.5750875449712592 0.5710547816845288 0.5782695678159439 0.6011511288387047 0.5796926516429919 0.5864153799827069 0.5819608705130029 0.5822067750236316 0.5974320356465915 0.56198925230552 0.5521108624277777 0.5297566962415862 0.5178689653461137 0.5077437263587852 0.5009530760660117 0.4888499764649364 0.49728847579482205 0.519834782860821 0.5113434131371681 0.5425626454248559 0.5375351157806213 0.5305781806473369 0.529110454075608 0.49919179191162827 0.49727342778181216 0.5424100099340804 0.5384272989988588 0.539780379469151 0.5760930943626883 0.6200628307489394 0.6582986611653872 0.658849170721825
0.3869343647658252 0.4133294926631316 0.4371710263007236 0.41419242665482403 0.4396284340375137 0.4355990368318975 0.4682098038057671 0.48472224742322395 0.49777581536605237 0.5447824780714836 0.5711110711417974 0.5704828794003209 0.5929927118264653 0.6076173636631296 0.6100740644366562 0.6457389003703414 0.6172544771569889 0.6425064826853777 0.6061544333850195 0.5983684300659303 0.5675633096100473 0.5522523253141726 0.5457007211222936 0.5494747623914527 0.5251749074357475 0.5343851336109545 0.5314378381835473 0.5012547997520325 0.5447048478804717 0.5516596823956068 0.5858145038117469 0.5931769655975258 0.5560832758690395 0.5591590806911272 0.5410893824490586 0.5078780791187972 0.5420397462615872 0.5316084463798881 0.5517044493013348 0.577863044420678 0.6155978637162525 0.6415334761812409 0.6803603709592262
0.40598364638602863 0.4182800123513806 0.42698221194386976 0.46139453905760974 0.4498708205470867 0.4595166752073645 0.5103455575174155 0.5218251777071091 0.5479450204257674 0.5712440212578885 0.5965370627415785 0.5977863159602138 0.5947870880193459 0.6239782759994236 0.6092812869916006 0.6294425804567302 0.6272377381168475 0.6166366056168572 0.6385972197718603 0.6124647347025544 0.5950289255062161 0.5926945043827614 0.5607483744015306 0.5778307865947827 0.5719369849854097 0.5601506077355057 0.5480355919881268 0.5226949169742525 0.5515462839995895 0.5538989347949582 0.5719634887426028 0.5862141137907744 0.6012280969435542 0.5827826287145136 0.561223400323271 0.5787360505797864 0.5820528138560381 0.6046693219259179 0.6006220603765483 0.5903336197552866 0.6375514556892119 0.6775805161762456 0.6939902306815072
0.41143406012354544 0.4209737521463253 0.4539936897356491 0.48332421323302577 0.49347968810631493 0.4809613271848365 0.5068167097973743 0.5547573215188026 0.5762913073737678 0.5970595558114719 0.627512528757669 0.6444089497623431 0.6317757666807841 0.6219742093726247 0.6101770936797875 0.6107581988166491 0.6430536268182614 0.6283172574065334 0.6314600969869167 0.6480508469087226 0.6463072793267812 0.6213664224200535 0.5767973246247647 0.5713753985988319 0.6124744387926758 0.6171152027714834 0.575403097026464 0.5611788604259075 0.5600903395561344 0.5770404286986464 0.5706412874198711 0.5660380067016347 0.5733179702203255 0.6074948973966121 0.6048797898926644 0.6335881215409774 0.6441097525484527 0.6281154336096637 0.6131404669568185 0.6312141771796813 0.6867729402772267 0.7100614906886605 0.7277739696219786
