Raster_benchmarking/continuous/raster-297.asc
NCOLS 100
NROWS 100
XLLCORNER 1743153.821235003
YLLCORNER 5469282.429402455
CELLSIZE 10
NODATA_VALUE -9999
[rows 38 to 56 of 100, columns 43 to 85 of 100]
0.23779402439412783 0.25237854952095284 0.2642438856336788 0.24015972377745803 0.24093823226329847 0.24174242928719927 0.23883962036184037 0.2559086962724096 0.3100715934223056 0.29592790128002894 0.2919776988835778 0.2895414648995588 0.2452457495557106 0.23912973698486426 0.20501736619419444 0.2292738659366288 0.245324125197865 0.2064804182382258 0.23583872236927264 0.22599873573606136 0.20316061792062903 0.22567266731838118 0.23465442953614646 0.2448969512921594 0.2591951507319509 0.2602339451521241 0.2562903518814763 0.27898850978092654 0.27664665970922303 0.3135643055769112 0.29719494786413225 0.31514436790910666 0.32645438154153766 0.3182472400064007 0.331484986976732 0.33977026318226666 0.3272686684375306 0.33472907606938995 0.30332132813805834 0.268481042246275 0.27453819495929316 0.26879905864831966 0.2688051556502328
0.2651871384365389 0.26418646619201286 0.27299523176346185 0.26466811121357453 0.28979555396256357 0.27318639362285796 0.28122375367937874 0.29663795934780246 0.29371732327619327 0.296415754208357 0.27220971849582654 0.2818310453386647 0.2528344697790375 0.2555294937005924 0.2514860832359004 0.23825687028284742 0.21103382362106324 0.21278928708572556 0.23280557818635406 0.24368319463383314 0.2297741479360428 0.22940336976605374 0.23677171720960968 0.26955325327012514 0.24299204325037727 0.24784923775499226 0.27426828292125766 0.27391891583709777 0.2804354672906528 0.29619770525189254 0.2904623768342084 0.3128268891019447 0.2987835790294907 0.3307061020436045 0.3061627130212241 0.3039479463059751 0.30268485600599443 0.31030877164078424 0.26861118738571516 0.2747132868441913 0.2529843728920626 0.2661883222779476 0.2677619465076285
0.3223260521666806 0.29816691083081426 0.27673530686985004 0.3010864696560604 0.32647929814977494 0.29512737726115484 0.296011677158391 0.31965259389391276 0.3150516810980104 0.3272269591823421 0.3042431117614497 0.29917094877934436 0.2651906778221949 0.25222695440182713 0.2705405015464866 0.2447969009957384 0.2246554804363774 0.22014260123943508 0.2222379732101345 0.2536781881374772 0.26238912086351934 0.23707005887679242 0.2589020018356208 0.28224012674998644 0.25641878791799194 0.2583373604769049 0.2682144897066531 0.27917545167125507 0.31768517552667075 0.334154293723016 0.32546022028766924 0.3137491612758074 0.31085156944988784 0.32495587528638487 0.32835113081063627 0.29405942567662663 0.29257299419181315 0.2862701928096843 0.27107531575218463 0.24829751059598354 0.25768041129978786 0.247467401277979 0.24807740855697166
0.3610882406418837 0.33294737142072506 0.33646098897466437 0.32045291612808813 0.3335824844275447 0.3291913503945907 0.3322530933134651 0.31765506397410914 0.3289685377743512 0.32092045801027697 0.32450528112971677 0.27481181397626925 0.247186784681921 0.27675281947706243 0.2763323086683184 0.2798542114334371 0.23234012888619654 0.22444489898200143 0.23436035055628215 0.2292917786737708 0.2489841577193942 0.26662258461279065 0.2777033770923743 0.3181221026204125 0.3094373343090048 0.3000815835034361 0.32775481458734146 0.30027499501955823 0.30913794916433185 0.3263128692904787 0.36211017356605335 0.34960690643217357 0.3160089600634553 0.31188076637569956 0.32009587440759324 0.28984106979739976 0.2756022740061501 0.2950342646806025 0.28657293138696177 0.26895602471918034 0.2339645657451584 0.23492713354186365 0.22090518674681178
0.397856869235396 0.38883414075428396 0.35826400419293586 0.3848557474644736 0.36742544773014324 0.3412555148120116 0.3651040087796878 0.3650615578005272 0.33976939427358777 0.32556713115526703 0.3488742538692737 0.2935747286514761 0.253737299195289 0.26460925612192754 0.2850883712811925 0.2777541085756902 0.2540661829704535 0.2506589071222538 0.229787425131246 0.23942097257845726 0.26898167600370776 0.3111203409113225 0.32054910347716564 0.33239833720050216 0.3537992417087174 0.319151327819724 0.35907999244258226 0.3346656931717163 0.3249647772662093 0.3252343186644796 0.36986561484438024 0.3466569792675527 0.36038089527764405 0.3214142090608095 0.3222969120213862 0.3074496638264482 0.30066110774933524 0.3314827205163733 0.3145412227147363 0.27920487696875324 0.2560804463986643 0.26914793957524635 0.2393743518105344
0.4073096198508972 0.3968432731826894 0.4230000582851657 0.4151467019905873 0.41152086166233354 0.3796569830607857 0.40866347298796 0.3931662642620705 0.38490146697092653 0.35468342146390097 0.36423187797915435 0.3271297118729328 0.2732797398603553 0.269402146825168 0.3104684235708143 0.3173488567109095 0.29715031856606144 0.2720140148936322 0.2766040195817385 0.2910172202156362 0.30670310717425925 0.31165782988723306 0.332135154242522 0.34250032706923944 0.358957359081317 0.33586313384581795 0.3524646769764587 0.373003812017274 0.36913035455632476 0.3602297107661586 0.3745779031384329 0.37486395084672613 0.3554906739633831 0.364953462392477 0.3589043514747712 0.34051338381458535 0.30939505262218664 0.3373791786857462 0.3338052209026671 0.33125851205695933 0.3054973318374465 0.27136883387127886 0.2819464084938427
0.39849980026813836 0.43281605286717806 0.45783016038905244 0.4265611380336587 0.43375664821349397 0.4237124200290156 0.42850100863518076 0.3953141160410538 0.385916993923837 0.3655396734043095 0.3810858031261428 0.3355305579635215 0.3050630495182353 0.3121444931416357 0.31389184217007565 0.3299735976216585 0.3363781575660322 0.32890201777209516 0.3156174697351725 0.32092900603257796 0.351514182152181 0.35512168974554154 0.3368595770553453 0.3316916193267045 0.3403219129701709 0.3628598981686231 0.3722408069997696 0.37927993404071303 0.3672106911249903 0.3408573439099604 0.3393778377772641 0.35272816383167505 0.34672920491818054 0.36000363563302995 0.4001098013994939 0.3688148416505626 0.3334321080539847 0.3626750048421986 0.3528913713418397 0.3559316670196572 0.33680901965818205 0.29894994865765906 0.3039499997806818
0.4258016077282954 0.4613742939856797 0.4688140309206979 0.451435981158328 0.4557323459231203 0.4750884496419078 0.4465945048628911 0.4275649340646511 0.430972740623719 0.3981150212797477 0.3901939692933948 0.3812790378989746 0.37231373866257333 0.3487574670911035 0.3442953374381479 0.3273136258887418 0.34096536311814024 0.36817481711188166 0.38161546233586247 0.3894583265182347 0.381819200261045 0.39001691964010876 0.3825362126762788 0.35165209540565256 0.37956238637818934 0.36941088281288176 0.3595691756688208 0.38636429018133345 0.37857215571847586 0.36807930224005275 0.37639104571149135 0.3696960968223044 0.3602738545890692 0.3758383120525383 0.37725272227486045 0.37008262114826657 0.3789171266786186 0.3663411537452144 0.35304448505016045 0.38721705776761844 0.3403880023659434 0.32439956409971227 0.29419494815816205
0.4595716432245071 0.4732503996734797 0.45282069885484877 0.47126974593956766 0.49792699356297193 0.48119309365061863 0.46907644133162535 0.4503340647610225 0.47038311576439873 0.41955281664380734 0.42274443563517167 0.38697084712342567 0.3960721266071402 0.3954333219911666 0.3483933772890447 0.37305609481084184 0.3575350559809797 0.3675699296835334 0.3913968691306344 0.4192859615336422 0.4168475656905329 0.42199326091996353 0.3942797355133918 0.38970041292264357 0.4104821705419111 0.389535210304804 0.37376489514750605 0.3651090020315245 0.3659824859333394 0.3860568477149477 0.37223149694439744 0.3890195746786048 0.3918676225090472 0.38450621070308705 0.3969916923175749 0.3860651562575489 0.410555965561699 0.3767355208226379 0.3912948049467474 0.36895389930351935 0.38352255470821617 0.33798682636787075 0.3180583920351194
0.4512966961407461 0.466664720756713 0.47746667519905844 0.48226475799277746 0.5129770158033657 0.49701151977024877 0.4637057576150622 0.45497500492338405 0.44657977753067285 0.45991170306468276 0.45055099713189845 0.3980235558972609 0.38502519831710263 0.4096782957343864 0.3853058462626308 0.38218723743587074 0.39170047629225746 0.39938456072827605 0.39862517092909755 0.43136867885704766 0.40750580631330063 0.4131890012710122 0.39705166975910333 0.4263912842559743 0.43566490630676047 0.4195719590846785 0.38115155134241846 0.3818067649039841 0.3866262061580359 0.389482364932219 0.4068703397124121 0.4119493744370665 0.39735689639979704 0.4199537362359829 0.42124352278953764 0.3977007119313666 0.3889528744000561 0.3959240737843431 0.39535480193629247 0.3791592157510856 0.3750551050085835 0.3404524556831078 0.29928100225891535
0.46494386736224114 0.478143001234968 0.5161545321579188 0.5132313768459875 0.5060931450426065 0.5005841201226803 0.48047415413510547 0.4836205514331666 0.45240268339542855 0.46443334341337744 0.44398890835484417 0.44743265142038136 0.414750046649014 0.4298229151758816 0.4270244182073304 0.3905652285388109 0.3769317426190858 0.3811376580089263 0.40310647384579607 0.4118820818265333 0.432643391387071 0.42676022997986 0.40594431833288314 0.4269869003023829 0.45458942960607146 0.4217993421996195 0.4167193403414136 0.43075305291975186 0.4402470194857208 0.42650903379760746 0.4557545332875507 0.4535409225370378 0.44332294526636273 0.4539249163859944 0.4403419411655771 0.4365120743283691 0.4136906471848803 0.3927935382652298 0.42279062940733697 0.4069800885838684 0.39772334517570684 0.3401348387860953 0.3248791516156276
0.4632652932829681 0.5203831176947663 0.5370001981835946 0.5480295603792792 0.5150955483263268 0.5322741326395017 0.5062114118187114 0.4771683886495119 0.4843806116077458 0.4708467551476063 0.4726133378631611 0.4927592531576649 0.4820414467302893 0.46222371303487875 0.4698388287883251 0.41384798669368134 0.37816016053653717 0.38445094706777333 0.3884234358779198 0.3917439396495725 0.39294458042373437 0.41607522400462876 0.40793384930961873 0.4323998370049113 0.4398864191184019 0.4643497421435221 0.459727677867609 0.44974116465886926 0.44666451226896103 0.4498855462775677 0.47818589500977426 0.4760713471010511 0.46915611948478025 0.47263396561510296 0.4622861614802803 0.4606907562247757 0.4313985544124747 0.41675659100144075 0.4117514876122291 0.41068995483269694 0.42028833263281773 0.37241816464164046 0.3718771843684939
0.49127164046244665 0.5308886048543453 0.5404551414173638 0.5437466210229084 0.5531970260953833 0.5365635715503113 0.5186445652357577 0.5112968521649286 0.531782104411993 0.519303958297315 0.5164566073870668 0.4937281914785064 0.5127056567037099 0.4928694641733833 0.49774904856254526 0.46398852856629347 0.4086253553813196 0.4160308292150653 0.4044222745181044 0.39152001477812726 0.3844096273669952 0.4299960033742824 0.4491652623479632 0.47232198949719784 0.47820223210181495 0.44417491439463197 0.44534376451511504 0.4510028286357712 0.44642708211265236 0.4761152765270243 0.501011103330235 0.5155095439293608 0.5091586687346529 0.4722101182860356 0.48110959217974647 0.4687178569806824 0.4302626366100455 0.42132906436875583 0.437999796409448 0.4513793829589035 0.4485042713559304 0.3809451366704677 0.3829912327084719
0.4813998340409492 0.4951629755809415 0.5003804707813255 0.5057831585838751 0.5283921864807438 0.5275465833122419 0.504062460098344 0.5069747293993597 0.5305209633511085 0.5291773629988706 0.520235989360586 0.5120339243682343 0.5055012280193525 0.5174434046296602 0.48511353018200165 0.468089959423479 0.44595206223201145 0.40717819230872465 0.43048723928661325 0.4011321042221708 0.4036352122941971 0.40781764171924517 0.4207193829435328 0.44646456779562266 0.4847389983506196 0.4688889623377229 0.4546176408757311 0.46025314644963333 0.4664411664973868 0.5089618554544242 0.5036467924129411 0.5105222438045819 0.4975096361249857 0.4868860622607285 0.4507794455244592 0.4353110759650942 0.429156423984953 0.45466322451810925 0.4564927598125481 0.4527924206988109 0.43149685799988863 0.40176221879169943 0.40047280914484346
0.49874545899713807 0.4894105198939408 0.49353046139327306 0.5136084855058947 0.5215987823652223 0.49682952156805044 0.5088401540268921 0.5253802766146891 0.5533510712414996 0.5428313155231845 0.5243263371004293 0.5271181372008759 0.5330304034762056 0.5236838567751969 0.5029827570250976 0.4881484996056088 0.4489185504897587 0.41727446075002445 0.43661289738615683 0.4373212426278082 0.4051533338699192 0.4166641533051194 0.4501912157312295 0.44509943325046264 0.4785376306654877 0.474948875663954 0.4698319160040436 0.46354209085647124 0.494818473632931 0.5127170761162406 0.5140575353740475 0.4721178143916892 0.4593181263759335 0.4825666340099458 0.46144130871191036 0.4791566748452482 0.4536887883481116 0.48817507746480493 0.48169110501206125 0.4547570630604295 0.42081229006346216 0.41878089497033677 0.3928715175728364
0.4682858582886214 0.4904487630515756 0.4749204854918781 0.49564037226237273 0.5031166785872401 0.48899788208614864 0.5165418978047657 0.5349803257848165 0.5534069007271356 0.5259595742059305 0.5113512072315122 0.5293106611234099 0.5210795740634466 0.5017442412005172 0.5118813887870978 0.49668422611095003 0.4382897616657318 0.42882435367152977 0.4271091655790069 0.44943892566607935 0.4281820889734542 0.43150219361052855 0.45532602757827567 0.4580015600957053 0.4854967156651738 0.49964805687207364 0.4676328656295041 0.49476852373748975 0.5013642314328858 0.49622329455726116 0.4995564125900517 0.47129205333903856 0.4875607718094773 0.4753839187461818 0.4561105643614812 0.48862464783619086 0.4904671086337682 0.47989570257609554 0.45914932823860644 0.43800968388000966 0.40893355062784087 0.3858185150036339 0.3735475574577073
0.4735169415340218 0.4819441042270862 0.4939991059157758 0.48220531270316597 0.47214051306260035 0.48895812889062035 0.46491751505768714 0.5197698511217489 0.5563285270879327 0.5435234369896046 0.547437911917183 0.5201715443453403 0.5142634951006954 0.5100232551151377 0.49429748287999903 0.4944521197712959 0.4572939877106253 0.4610826614353508 0.45315809025770204 0.4769880746708415 0.4686082045235546 0.469104307178948 0.46081137084200047 0.47539694062660626 0.5060213768817413 0.5017628328396458 0.4871455020507939 0.4891685582481655 0.4980075228458542 0.5246469623251643 0.5123339515729568 0.4898461700705319 0.4839491311873595 0.4650539681118179 0.47463948405267203 0.4730825583607108 0.48478640065615947 0.48794854569461626 0.4584664965120225 0.4326850659809911 0.42568095425801666 0.4013174374174732 0.3826693163007447
0.4909736941968867 0.4840379343832153 0.476333811925914 0.45840335156537165 0.46951401779652974 0.46837497622906915 0.49550571452955705 0.5082829520638923 0.5453779681485135 0.5668412363622028 0.5501485154054356 0.5193221107404721 0.5277623255016367 0.5396922744571074 0.5031087628286933 0.5169638289160251 0.4904004320395665 0.49537914634926705 0.4955942828576291 0.48154134585874503 0.46691452531423866 0.46528296667927416 0.46134797746898226 0.47457079944985336 0.5047534339119027 0.5122128926853309 0.5057254860453221 0.532837527032266 0.5265640212280476 0.5249157437882631 0.5117848068543561 0.5366235395328167 0.5003083624702427 0.5032181672751299 0.51674094697209 0.5133307028006157 0.5172970014834115 0.5067804553459629 0.4603441436550618 0.4417100431699049 0.4301929416921259 0.38915835668043414 0.35052565395665003
0.4991697353173583 0.47053191143429285 0.44804669080013393 0.46286641859997224 0.49374168905166965 0.45982118547563366 0.4621389192751908 0.5185843726819477 0.5463686934400359 0.5589959621148989 0.5520231498763204 0.5346411329354729 0.5382848957808388 0.5257837150419836 0.5366024907508075 0.5012697065765425 0.5151031100648695 0.5093341259286693 0.5095994021927124 0.47528254218436855 0.48815319291615206 0.4641131494937065 0.4804564258244293 0.498533417740948 0.5113197698338964 0.539554783681969 0.5235325347445539 0.5409065435784417 0.5428793693148817 0.5377486706549605 0.5379488061873361 0.5500781209044133 0.528099649095904 0.5476776498265619 0.5340000807251134 0.5071060515997106 0.5231208671254772 0.5302930322201832 0.4896188332866389 0.4702313533702245 0.4116051031153269 0.3759635265488289 0.34926549801408835
