Raster_benchmarking/continuous/raster-221.asc
NCOLS 100
NROWS 100
XLLCORNER 1743150.5268790605
YLLCORNER 5469278.829838338
CELLSIZE 10
NODATA_VALUE -9999
[rows 38 to 56 of 100, columns 0 to 42 of 100]
0.10068457149345063 0.1348366173393387 0.11606978048484683 0.12623453999543544 0.15386948248139587 0.15075986704910319 0.15685896436965302 0.18208446913441134 0.2049782747392757 0.193723520290349 0.20391986070355425 0.23450287174492782 0.2574088782691906 0.31387824518869173 0.34618199657195114 0.3648604214590829 0.3458998060906931 0.3658941451922905 0.37749775603734204 0.35438274841214235 0.3857027268300905 0.361975644243208 0.4022901736749473 0.38984094232915933 0.3851622647161532 0.37115811909901864 0.3649728013039504 0.3407757617700596 0.3425196564308695 0.3488949750822774 0.35370964187935305 0.3671583676268264 0.38516489508133506 0.38899234679659617 0.4245479794214607 0.4252534470010057 0.4158034425578449 0.43686556548183947 0.4434953537552042 0.4783529989717221 0.4682080328081733 0.4621483043263626 0.4635322844959486
0.10276512045101963 0.11977129843957705 0.13486084337422305 0.11707241392073114 0.15501990211716343 0.16552499042745644 0.1671756091234016 0.18949502037510513 0.2070727115746832 0.22166602586575015 0.2252279549609727 0.23391905612767164 0.27176784706916174 0.3274547819509794 0.34159565599505753 0.3266034726161149 0.3353744089224177 0.32693627173958617 0.34838291634436475 0.3661718312586667 0.38569573224624615 0.365863572372576 0.39252740927750834 0.37987426401374563 0.3823495680052602 0.3673788351221186 0.34840362597088426 0.3332035897919925 0.3498884958458101 0.37913017971967533 0.356535437502597 0.364794751049681 0.39775220526877847 0.40991761346761074 0.42770311175138764 0.442419355133438 0.4266392040550294 0.4435964906864929 0.47948017864533665 0.47773440025587943 0.5055073162785249 0.4927734951411417 0.44479815716967774
0.10787334043546992 0.129139565471807 0.14569984149858914 0.12271240508333427 0.14076702718358322 0.1386031654484275 0.15077501649922131 0.16278201424001235 0.21505480246500497 0.2326447270250926 0.23393462358398864 0.25729972157386366 0.273779773191638 0.3032111874329938 0.33814055710383445 0.33534334409351996 0.31330942093621794 0.31272395727012475 0.3442175114015556 0.3552872887678296 0.3799118747855442 0.40272230336928744 0.3953135402845529 0.4056288982361148 0.369814234707251 0.3533729084723247 0.37110918720464814 0.3585678170499348 0.3804666743896127 0.39668457649580896 0.37306792126909694 0.4008523222428009 0.39300934316703373 0.4220627589514344 0.44602783967281545 0.41754733775687014 0.46589665533608043 0.4916465828383658 0.5095094672918267 0.5186525807999077 0.5019401057953715 0.5063120939491497 0.4633357461493883
0.13611945799749134 0.14459293524730482 0.12437853318638835 0.1536974408300465 0.1795092091588322 0.15518071338180828 0.18419927076034692 0.20089774311316794 0.25180125402094305 0.25388900275614845 0.2594842804786332 0.2656241280444258 0.29356460919336574 0.3200452121997749 0.33146283130607995 0.3089370493197606 0.32116899345017125 0.31236102060500043 0.33596710797881923 0.3517610389674735 0.38562405425372653 0.40007427846774246 0.4058349993985476 0.40031003447928964 0.36110836626117493 0.3661026950755306 0.37614672420016904 0.36679004532663784 0.3877186837376965 0.3906533470232605 0.3877008230261393 0.4070463779457096 0.38551555985296837 0.3994707169156166 0.43642255180588785 0.4359190917944993 0.4555254279971567 0.4802694618771848 0.4924016067892315 0.4977503173490635 0.4811301926294455 0.4954091529798338 0.49781045669097185
0.12414395156086791 0.13787082564551278 0.13478032013621336 0.17302930945037417 0.18267436845802784 0.20524975493722694 0.21786769842070927 0.23226402250786707 0.276278356994969 0.30291182752514334 0.3139489604207844 0.3193706803204183 0.3235305508447737 0.31506130860860004 0.31630400489895527 0.3142712876282962 0.321692697389216 0.3093544046148805 0.32206279587993025 0.3302024996842205 0.38707382176019406 0.3838820071034769 0.3836257100371202 0.36506887907391267 0.34791539387815634 0.39270379667374145 0.38162461680818405 0.39431219132239065 0.39610905735097035 0.35864643066147645 0.354519202697373 0.3866235011183996 0.401971698859566 0.4030467498178663 0.4156776099523374 0.42446378699251014 0.4292882226258953 0.4657833668818077 0.47843471689603184 0.46817104995548275 0.47640881993191786 0.5070939850614198 0.48605219016309
0.17113096870992062 0.1858744424374199 0.16440680577848468 0.16153123752357285 0.20768272682198927 0.2128455851007661 0.23975404132315012 0.24264235998488093 0.2781381279418929 0.31382983442239853 0.33872670680005407 0.35404257688962076 0.3446326861304811 0.3385090779832894 0.3350133805190613 0.308062360245925 0.30980398887708027 0.3142545287477977 0.3416649413673389 0.35139673965580065 0.36254517018431387 0.3455931812479124 0.37988217085646636 0.38393227776988015 0.3487170094449654 0.36132680420606383 0.35833480031976395 0.35888422158769273 0.40228663421525546 0.39012962910480437 0.3723456854043524 0.4007287204159085 0.4186154229222501 0.42470730174509114 0.44389025262497606 0.4527649928534873 0.45792259526853546 0.4875340642157076 0.5023191737798863 0.4910336926826912 0.4777644461665918 0.5152434406024572 0.50003615058248
0.2048969413061136 0.22321906955738796 0.20296036503392478 0.18782908485853234 0.2234420451381163 0.20271344705506414 0.26026210345535034 0.2896056186883753 0.30297992923377803 0.30412017469445407 0.3120696867354959 0.37023927463164863 0.33906695220661615 0.3396909547484759 0.360625183551039 0.3370251253775357 0.3278194617581109 0.3314724952488152 0.3618693982707179 0.34185621009752404 0.35901064785911585 0.3366868584993584 0.34758790880411994 0.3558517265774472 0.3364481736115603 0.3643226845690398 0.37799765059778184 0.3598898777803493 0.3879769675023003 0.4092675477280677 0.40404151881927247 0.39248888571026885 0.4280684225136175 0.43931020550713834 0.45306946829534284 0.5184440609755853 0.47549494633611716 0.4922815315366244 0.5071061051478856 0.5002787336543753 0.48876859378668 0.5041048564473157 0.5105261771299261
0.20567919013484678 0.2310545712278076 0.2098675661080862 0.2256437856614205 0.21386123421369632 0.22448824495638203 0.2743540060561148 0.2821500116737638 0.28560534615081135 0.3196942886522044 0.3137644402276936 0.3434461955473728 0.35958366716790174 0.3486064882214657 0.3614185885059008 0.3440329786486211 0.304438772392279 0.3268702042910545 0.3511870696478897 0.36415204533641893 0.3455732490911358 0.36054868847902505 0.34854256855681937 0.35642831159163635 0.3367804474849429 0.3728293914875318 0.36534062419243235 0.3745737903443452 0.38259351321985435 0.4087703353833181 0.4235027645525072 0.4341020493392273 0.4785961502496342 0.48478802223669476 0.4864916794074146 0.5080965823993604 0.5206294130320138 0.5185183769069818 0.5140737556521671 0.5000551598240052 0.49509170058071483 0.4909221099043005 0.5201536493321945
0.21268065244917475 0.2416413775818586 0.25538525270489226 0.26930343518382027 0.2520068679585129 0.25601594923417514 0.2902278389704677 0.3010806656669935 0.30623615442342805 0.2963539104253285 0.3141846369155262 0.36099149099535205 0.36796230813094555 0.3724683399975066 0.35618871985489203 0.3179441366948538 0.34286454321560245 0.31791200168712574 0.36234616061653335 0.3749610502276505 0.3812189564008425 0.3607732491160719 0.3506089499019094 0.3364436382473511 0.356346068880724 0.3574223151679885 0.3714259012171859 0.38733700672763444 0.37955344308001615 0.392439100020545 0.4409149346716501 0.48349418679427214 0.477685454820669 0.5119371117098641 0.5167673108052302 0.5430016380276292 0.5121145817158589 0.5125375363303525 0.5418077618995811 0.5246123628572426 0.513176375308519 0.5123980532403043 0.528115394162763
0.21716286392302542 0.2475545503949072 0.23754257360287542 0.2780334874380638 0.2497347126369989 0.2576303178800651 0.2717521547821993 0.2841045222282837 0.30897565118952847 0.32341580078824705 0.33055036598347803 0.36047006055748687 0.35176119083770985 0.35263057925756874 0.3637341831813794 0.32589527021152903 0.3447413666272617 0.34881785729258696 0.3516460244837326 0.3498806561400522 0.37593965580776634 0.3635688668024716 0.334382026073469 0.35139271574253683 0.3449687931092087 0.36737550328652335 0.38274030176835466 0.39804946452063267 0.4172397468111121 0.4327542653761116 0.4362238011936338 0.49329737167902865 0.5101692296012893 0.5201341774910612 0.5561082892990357 0.5682445284977545 0.521082821112057 0.5206271469309633 0.5484429364537811 0.5747858386636832 0.5569537641420723 0.5490383021105428 0.5249170511380122
0.21836154526543858 0.23264926640612554 0.24253531889194782 0.2760227916320362 0.2759174072662556 0.2537772718113282 0.28046052043182046 0.2915794825792941 0.3213943040928637 0.3322773632085243 0.3309193019778467 0.36164110672285893 0.3770884908155767 0.3554482467886926 0.3674150965047617 0.3328522601688177 0.3417351942617384 0.3417435587612984 0.3480280031080873 0.3516737013678585 0.35395664113275405 0.3481855234072186 0.3401914420294965 0.37866089109791173 0.38912199634760913 0.3908377653645673 0.39297755364101616 0.41811897488955563 0.44062398629461497 0.4384861740741803 0.4920698913664372 0.5178073713672892 0.5309129119084343 0.5309491860520924 0.5464169951793204 0.5702991716714106 0.5293500718877608 0.5336185981001768 0.5738899444112229 0.5860709610233001 0.5513145997803826 0.5605948311369211 0.5241818156536494
0.20680206171042465 0.22278138648371712 0.2225196525281789 0.24504453655267672 0.27380801655145337 0.27687561443111347 0.27275555493990244 0.2864711370914258 0.3188707089269425 0.33367984780579074 0.36992130003740864 0.3558565757249908 0.3565416216364193 0.34699874148283777 0.3425328831182146 0.36813539913741894 0.3433387773798358 0.372335386046467 0.3839678621663792 0.3983531852035532 0.39900814477683705 0.3768170763704102 0.38270607823906366 0.3803650872042041 0.39869034686420085 0.40453943256720526 0.4377265047022609 0.41505015731686806 0.4322904995469958 0.4502056056657373 0.5047123990336301 0.519046627015242 0.5294587742663129 0.5803770908977013 0.5842872479013744 0.5934526456720168 0.5797016686571511 0.5561038364565257 0.5668274459217958 0.5803908281152185 0.5734216844055063 0.5517766481723446 0.5633097233751279
0.18551587709739692 0.2087456533396117 0.21564714498594012 0.2458009856952998 0.2702550828788684 0.31748145135212813 0.29789510138998726 0.2865300475884273 0.3086632826608167 0.357083795988149 0.3484540964516304 0.354101527292039 0.35104334612564536 0.353407605282983 0.3803012622931314 0.37321321234567745 0.36500623269065685 0.38494301050827073 0.3887849494104368 0.42007917302885533 0.38546185682453143 0.40383241540941983 0.4022292556340839 0.3683544243358594 0.39950993932406087 0.4248348429290808 0.4342139310660168 0.43413378670417124 0.4404989928276095 0.47705567902529245 0.509243833997639 0.5347062181660814 0.553268186118566 0.5942488208172527 0.6018631023963736 0.6117152796463581 0.5948124568534084 0.5718641156091415 0.566907387459314 0.5920055860878556 0.5637030314506019 0.5497356971317217 0.54282251535575
0.19534862380345316 0.22873279800971955 0.2626693068082357 0.28191093261650546 0.27935325312841613 0.3061715652300784 0.3044381633809567 0.32733349291073227 0.31597657663875256 0.373491361926546 0.36688130342243325 0.3784459772203367 0.3597911340271744 0.3787673149887065 0.39598679813675847 0.4034772753022297 0.38710672468479645 0.4208362892694825 0.4105386528500054 0.4107243623946101 0.4062714650041611 0.40406312892987645 0.41017491868355227 0.4083650697458654 0.39203531295713034 0.45287783972567364 0.44857454161770327 0.47648583608427075 0.4924443669242684 0.5207755600745311 0.5526449266158818 0.5559323411680852 0.5507267484252291 0.5861150869265306 0.6136717588384438 0.6096577575869797 0.6069842901924126 0.5634249974479778 0.5789159065741908 0.5601426019441128 0.5622141487942477 0.5674304196169392 0.5544157186013732
0.231144141409158 0.264469349758605 0.27255951989764293 0.2616963891941497 0.2642092847993649 0.25403929193043184 0.27562393242411315 0.31604124708719195 0.3599251941869667 0.37661716619731084 0.3700448307393295 0.36711997532609864 0.40147090991428797 0.4018722894209384 0.4072490341356353 0.3890831634659032 0.4055488141239621 0.42000792614359367 0.4337397984437612 0.399413802302859 0.3995887404266079 0.4077863560184484 0.39964624705412616 0.394824784656242 0.4348698695805951 0.46590645370127165 0.4791060471922289 0.5313829849034309 0.5312552256323757 0.557910100061653 0.5426647341802721 0.5663584163480181 0.5574874454122939 0.5855430638310222 0.6000310625056546 0.6259089453005588 0.589498757489682 0.5686999244214956 0.5878663812324654 0.5639341988007643 0.5482346640784078 0.5657191284104836 0.5575710210583337
0.22772049907786585 0.2624625322533495 0.2783986067979652 0.262441857492428 0.2828431888622106 0.29720834709197697 0.3039253562492035 0.3240965308989147 0.3527039295074879 0.34005674990322765 0.37784459109369395 0.36957839445512186 0.3894803598904468 0.3883229859953454 0.393628172449285 0.4268111501251207 0.44243994743773263 0.4416277489844323 0.43055326464091587 0.4487832114957706 0.4424207766700526 0.42063057089262723 0.42592247836083524 0.4418675284290036 0.4624510060404746 0.49366065616739896 0.49147456398702305 0.514628818707289 0.5510243518033932 0.5714283095134854 0.5729347897905587 0.5521656124938652 0.5571789669363172 0.6034125783738223 0.6053757793837182 0.6130027778555655 0.58729901549762 0.5902226064800551 0.597804081279813 0.5683542988202844 0.5617525806830016 0.5482274139042997 0.5656842412682781
0.21464542299728298 0.2636772951326288 0.2521345838281149 0.26679515063828485 0.28531437385227226 0.26688159159377545 0.3038684827682476 0.336079818951522 0.32308362054699585 0.3330716432325501 0.3528250553921045 0.3820241890576442 0.3732978323476792 0.4152974176772723 0.42501456800723225 0.4492372162858495 0.4390267035275302 0.4563666436251242 0.4401754741190969 0.46381798323390266 0.4747804027469713 0.45885502292421354 0.4526098712206921 0.45810153494243466 0.48177523769447045 0.4705081530235937 0.49598426857897104 0.5080142805921839 0.5397081737673449 0.5724197601317708 0.582993132480038 0.5741511787773964 0.5892387382747049 0.5785957563576822 0.5690675361183457 0.6035623505977786 0.5908176246642649 0.620281393109236 0.600886855638065 0.6108142762118001 0.568926598578468 0.5575324814278485 0.6021315856443212
0.2223104911372616 0.23087778623459218 0.2593217273148129 0.28233493568349305 0.2667240125558782 0.2841381406138296 0.30621344792027655 0.3379019433405748 0.324876890657922 0.3298365947253085 0.3475464253602492 0.3703287658170625 0.3888671858916834 0.39545656997853107 0.4216298282702029 0.43299966036336673 0.44879385039024844 0.46913648685417547 0.47672498840828487 0.48405438017676294 0.4977260392484742 0.492680653633725 0.46933913047417336 0.4906430097886321 0.5107054934780472 0.48107387214230507 0.48330325305546423 0.5105232338137203 0.5259059179666835 0.563563479527141 0.597587653151307 0.6018878485547824 0.5965611466364409 0.5701576581741141 0.5688322055150365 0.5749156264027484 0.5840860855053617 0.6162876903177996 0.6061892572276925 0.5908110672491638 0.594425502692186 0.6004418774968756 0.601451723955397
0.23104878899821232 0.25431519709162986 0.2607443292318113 0.2794272905366633 0.26688128681764584 0.3020957704245578 0.2941750809844286 0.3307371342714848 0.34927437458614247 0.37097176557728306 0.35187494741321734 0.38225717445998836 0.41398599528610647 0.4231878168779563 0.4322783198251535 0.456206913369131 0.4582406674873248 0.4626393917505776 0.5149073630416937 0.5234795348630094 0.5049530847577234 0.5104320120282863 0.49034618691326426 0.535790217370733 0.5131931244079724 0.5018310030874915 0.50490085521843 0.5338481771799752 0.5625762251843555 0.5598912446923473 0.5895968111265978 0.6168152703399453 0.5989433562797551 0.6133465917898243 0.6051150395741366 0.567151633126154 0.5718975544397638 0.6213287517534916 0.6119998340591771 0.6180862913906645 0.5968805576234852 0.6015675680564656 0.5883203216554079
