Raster_benchmarking/continuous/raster-434.asc
NCOLS 100
NROWS 100
XLLCORNER 1743165.5626421096
YLLCORNER 5469285.807404439
CELLSIZE 10
NODATA_VALUE -9999
[rows 0 to 18 of 100, columns 43 to 85 of 100]
0.16019336195813247 0.1711883716888643 0.16032856401934434 0.15871238203389296 0.18113697577219454 0.12868462674425585 0.09465997564205256 0.13309002364994701 0.0989843800846372 0.14110149054278442 0.10617430333855345 0.15713098981113743 0.10386040292807898 0.12716738137834221 0.0948906423836253 0.12045872709761062 0.11731921724922216 0.1791804218924492 0.1832910511237315 0.12531421051844835 0.09009706174234523 0.16713230105646731 0.16031194939140417 0.18955281858116496 0.19444217869623204 0.19559461319939808 0.1932353958765824 0.19182383759489352 0.1335139191254534 0.16478582816557075 0.22170199564020457 0.2259201147256136 0.19711137294820638 0.1920082240250585 0.15520938760627326 0.1071920301341806 0.08819598512589821 0.06631435493479398 0.06422861236325948 0.03296375602056104 0.0 0.023548995657901806 0.07560899425110015
0.2004517057705698 0.20342802327694587 0.17977348101155038 0.17588973130085275 0.18975867514114741 0.16958650978694836 0.15754506611589392 0.12021580054167927 0.13868276513589903 0.1549427425550439 0.1750172110624112 0.20492159301775809 0.2073835411704173 0.17116552676864638 0.16293116691123777 0.1386325509259407 0.1728054010177882 0.20468219549339484 0.17186981439036594 0.13497223374201603 0.13638226789549573 0.174939212438512 0.19598438225686723 0.2239033037083621 0.1817231809075394 0.20890647967729076 0.21640810176690903 0.17127097474780162 0.18387928369149292 0.23034460348866936 0.20299265918030837 0.20975033288043476 0.17284735225936448 0.18955481962282883 0.16605123106255876 0.14001314133787035 0.10218131214820095 0.09451652424755977 0.08963697083333384 0.10129595863399483 0.08168835585553119 0.08232877784665114 0.06139928244450408
0.2223328777380041 0.20247999214824375 0.18972781595048188 0.16934444887563727 0.18910562090095734 0.1761135591200413 0.15967252656447156 0.1519082911526675 0.1649221024023887 0.2117674948280739 0.2505568783707711 0.24501443214745025 0.23548904124099995 0.2002626887544756 0.17154552764222353 0.1950675146583763 0.22022782385651243 0.23284740045702984 0.20405398827984372 0.15407483591667373 0.147307011742834 0.16875168039848507 0.22608795827820422 0.2023600188663296 0.19990479783368836 0.220643500487428 0.23073486360374182 0.2133390612695577 0.23366778664277504 0.2355321554179851 0.22316956281841296 0.2398325474580808 0.21402279197148538 0.18573167795749343 0.19061205278394563 0.20747589123720375 0.18241812625213558 0.14891935401671957 0.13950344852891525 0.14387730716463581 0.14012888514164987 0.102384265753759 0.12182602979475114
0.1680925180469873 0.16379532862209994 0.17540279928644137 0.21578883603907545 0.2378476829421177 0.23119798321948376 0.24906683997772486 0.2423508749827875 0.22249391543155625 0.2550472213081475 0.29925550577556087 0.26424757868693655 0.3044979680008064 0.2925526872246273 0.28770643134851404 0.28014390653424137 0.2979476695931204 0.2815347529338455 0.2524234513832657 0.20217002434261544 0.22098176566085773 0.23425442787552347 0.23927403938148362 0.24644114694922914 0.19846487729494997 0.18378707392428406 0.21380924525968747 0.2078836125892188 0.2527537900277741 0.24436621829293997 0.2599573517663624 0.2649609641688118 0.2309978144306536 0.20733429368332526 0.17160182603219284 0.21602500223586835 0.16522037275820126 0.15912169772552995 0.13681606430523247 0.1292939758289667 0.1441501250857751 0.1385612281755489 0.12376235541927866
0.15040779666866352 0.13759947139864012 0.15154704291239293 0.24192045666936435 0.23643174290821667 0.2649229878568786 0.27240771995987306 0.27627309252813337 0.31174156516371937 0.299383904669327 0.316928390982074 0.33924025407828035 0.34091762433048844 0.29612638523092116 0.3124835647570637 0.30486714520004393 0.3313521059720352 0.31993843081503454 0.31350816890029326 0.22797546498005292 0.21759030979626676 0.2690316988063607 0.28677590075153436 0.27051509566033816 0.23163532291048616 0.2073720042431425 0.19112252515849742 0.24104607373663564 0.2591149873750813 0.27084052050573265 0.2741300483007869 0.25829860613197436 0.2677592315762077 0.19178352847938 0.1822343095685053 0.17540437211638227 0.2110113389583695 0.15509009434201998 0.14599282068854422 0.15610533617013886 0.13446869763334635 0.14008053649075358 0.13619989296900173
0.22018527762364962 0.191665846325751 0.2290006237277836 0.2648037315429217 0.2886378228287882 0.3342184236147238 0.36558370398379825 0.35642889512913595 0.3402789604198124 0.3652900879267399 0.3351834523413711 0.31203061284134137 0.34518728225625 0.31999956596644286 0.31318224209195566 0.3404185799126593 0.2949579732332975 0.3024249189653841 0.32179075671657376 0.27773479352308483 0.2694954729403241 0.24810932938685323 0.26136638352180397 0.2615322635550642 0.22208863880071728 0.19522889728565523 0.21612206363669242 0.1901577394023273 0.19340053003765617 0.22619664266329859 0.22333840242306618 0.18183387163935372 0.16125761374163544 0.18849614353934543 0.15425720370486862 0.1782065517753175 0.185349375439601 0.20128442222761136 0.14948528384238705 0.14223510190217584 0.14898860032437777 0.13650193967565052 0.13306101476067478
0.26408594694342985 0.22619033558201987 0.2387072298402962 0.26970217745049907 0.32350178937152957 0.36527372670311464 0.39816534115752666 0.3585654729445056 0.380533961412882 0.3299526376893001 0.3263296913882598 0.2985136634097597 0.3384613951914486 0.3159782787298959 0.2936599463166102 0.29644776716870436 0.30989214650130664 0.31611226815736765 0.34904154979030705 0.30747065854700556 0.3028149261701462 0.2975840700623604 0.27517636063636713 0.2546779468141743 0.20980126490138104 0.22875758830767853 0.21018623556653748 0.20773930191746598 0.2144270422814316 0.19199624643146698 0.16241630217504707 0.12585928580301148 0.12352454582338734 0.18875103067942575 0.17633425689046112 0.2027446154347935 0.19199163507869565 0.2210505031635645 0.18845242056969105 0.20506879980745898 0.14280425272628408 0.16463120762499586 0.17865802797770544
0.2882225522917564 0.2735652294505325 0.2798094271757117 0.3176981363968557 0.32576016307415034 0.3865460243136226 0.38457541316109284 0.4155819498744802 0.38541719219364823 0.34019158154767454 0.30324392044287435 0.32638801623392383 0.29600802850693436 0.3261555275323186 0.34305466008497176 0.34720232453284133 0.3781766258453635 0.3504426167734387 0.3814872723624485 0.3521638335966025 0.31894236228224243 0.3301972641902221 0.3092929585548952 0.271490000404438 0.2450231468754093 0.2531331079624445 0.22720519745968096 0.2372341242283768 0.20057215516307483 0.20338494286767547 0.1568514193316887 0.15600811831818537 0.1542190671944801 0.1485019935228077 0.135612007305558 0.17731862833337647 0.23830030717269005 0.20907659664652106 0.25659320354238485 0.22928319645368794 0.23304967517211755 0.21147009810790932 0.1593684741376952
0.325725921831511 0.3175301191281607 0.2804369742553447 0.34136566559741327 0.3903000428610069 0.4024727186120534 0.3675772380741401 0.4007771593879942 0.4447688841147316 0.3721512416570307 0.30669066725284866 0.3138703874866385 0.31302920803629464 0.30920767905818813 0.35357174933527136 0.3895935432605556 0.38566642249051586 0.3840103356511255 0.3815496453552361 0.3531750248228424 0.36700269597922763 0.32291394551918756 0.2924066892916718 0.2622074391500336 0.23228004382245437 0.28011968437176443 0.25435847516775856 0.21915487002249984 0.23513307308661247 0.2117926546068385 0.1586510786947145 0.12525808226159227 0.08603389825339114 0.13825118317742519 0.16592914395067254 0.21518999761592497 0.251055160044144 0.23234016067853744 0.27675842162484693 0.2957565155435613 0.27499963509923475 0.2078588906325968 0.21944001166299948
0.3022061580424121 0.317375790631324 0.3237915057353253 0.32096000582406314 0.4005551826551727 0.40345056959046993 0.3766582255723453 0.3726192887795933 0.3523174350517132 0.3362764783447435 0.31501454061688716 0.32447612068552517 0.29627163813153123 0.33748462103200827 0.3672943042522517 0.3736049571458266 0.34280474659115784 0.35846016117381735 0.38426728133324506 0.3639086959341591 0.30740269008931265 0.3103268908325622 0.29542083186376267 0.2608151332681064 0.22166861594204637 0.2645835815037178 0.2662916759572439 0.2528614167391376 0.2461707037347915 0.21682985907725916 0.17137479265433042 0.10091272701914744 0.1134339974841207 0.116444464743145 0.17584897373060068 0.17513077847020597 0.2494108352268841 0.27862851963631213 0.2510200345178699 0.27624648910974825 0.26547116563650497 0.21218578447647451 0.16513335204826957
0.2848332884259302 0.3195274861804276 0.3298436496513357 0.341466538613982 0.390347936486207 0.3971403958397966 0.4054252086583064 0.36474111272713383 0.38061052052181715 0.311732528504484 0.30238098236785294 0.3196716891026007 0.29705456698604166 0.33366035780171893 0.3349326636242413 0.36182857017497855 0.3692261494831006 0.3464746463231389 0.35916760731767283 0.3440884917198685 0.2919266911152115 0.2813841857142429 0.26859061436938303 0.2382695276285257 0.24821178947444966 0.22750348462748163 0.20849823849411317 0.22540468265493666 0.21329495824398947 0.21173770299319536 0.14907587171321948 0.12467504819424605 0.07522272499090318 0.09200229090502869 0.13831866631912607 0.2065351052154717 0.2236978830250702 0.2564770717552933 0.2895622357094249 0.26311052616629294 0.271373915769366 0.24190638114907442 0.16685101305559757
0.2689090583401923 0.32550955122882164 0.3105443975418898 0.3391229285865364 0.3752297726804846 0.3560549011343929 0.37454546126488025 0.35730201440596837 0.3235886383345659 0.3297525088518516 0.29613811206206486 0.32622052118740313 0.28920829031048534 0.28275183660545966 0.31714455251426205 0.34282962631173475 0.3414260939260928 0.3367719568059016 0.295884037741446 0.28650692498413727 0.306703942492374 0.30022500886977477 0.27592211936538175 0.2526824227804253 0.2518627765569043 0.22391923569412392 0.2319551779004194 0.20565424834455096 0.17311574858230314 0.18191836931671623 0.17335052853272537 0.11909799083458963 0.0838682840332909 0.09363585757920925 0.14977011406891294 0.17204698551257352 0.23877019927890722 0.24889176442000616 0.23800707341916189 0.29688245536340246 0.28299394547639367 0.2045152987543477 0.18187019509364408
0.24490283039432922 0.3162311428782101 0.34526688150019424 0.3400890141305486 0.3005875343291421 0.3585848876317405 0.3965893324731904 0.3445831010484083 0.3403276716323541 0.32755929261586203 0.3401863868688632 0.34325316787893695 0.2964060753748513 0.28628693270926275 0.30645672696590165 0.29582499212325897 0.28499044462076645 0.2969027372176386 0.3047663801409066 0.25841852494115125 0.28010008473611314 0.2731328885848154 0.2994311437285093 0.23755014932401677 0.23228275613364732 0.22723912099755839 0.19938116771125652 0.1840053273214142 0.16368494366053088 0.14043568686341362 0.15119246988139776 0.15392483036613486 0.128641677694803 0.14795853484274524 0.15302444202758686 0.16398168517957668 0.21428121070447678 0.24659224755003628 0.23748355974500027 0.27874809191660577 0.2788457167926861 0.2587225862294123 0.21526497368544084
0.26449293024678183 0.2968721339115067 0.33758111905344707 0.3443586657880605 0.30823137061810335 0.32399399373778726 0.3301972124935516 0.3328957748973946 0.35622277623016974 0.368427150883202 0.33560414052189264 0.32572244847463383 0.32521064014341955 0.29230224688265183 0.2705265622018926 0.31512315551833087 0.2861491464161418 0.3070651064178054 0.28944002147359094 0.265130352234219 0.26417341904695085 0.30788763229149374 0.3053226963525166 0.2896376431677986 0.30263581213543134 0.27529042527127306 0.2642343121721178 0.2102021444692217 0.23337275988179335 0.1783199972947936 0.19269895513656224 0.20048669688689905 0.1721609091895389 0.1821605069074917 0.22001382068858444 0.20619777825849828 0.22330145406777901 0.23509755617517572 0.2574049789071663 0.28091636777257173 0.2715084620198286 0.28901436712007655 0.24499214002738434
0.3032949809118159 0.3099184590951507 0.329902832877544 0.36306437934258956 0.3754231066458982 0.3447421428601071 0.33074774655945605 0.3323410654369307 0.3847733831054444 0.35474500312253465 0.2868041949323613 0.32888454369518216 0.26698808685729114 0.27439218031618473 0.29327767109305464 0.3064279316493832 0.3048418481693058 0.30332977443897835 0.30343988389610055 0.2850297819830959 0.27497706082836393 0.25928987169511075 0.28437412860464467 0.3026091302137292 0.3090031803678381 0.2814854646410285 0.261884768241095 0.2621239246184381 0.2951407194302978 0.250501178872602 0.21845197694074145 0.21033533360901274 0.23724025773752389 0.2258976556138269 0.22166571237497676 0.2376032366964951 0.28827345506886914 0.2610050237397031 0.29787219555759126 0.3387549723072882 0.30715408677369344 0.3049000750536354 0.26807946831914037
0.2893985839789075 0.3281516909388176 0.3819853933799148 0.387736587158788 0.3739459308371932 0.36444833301941504 0.3538817841630219 0.37106813870154426 0.3887123637392916 0.3659485338680476 0.3065128210739313 0.32062158720738276 0.28174271229124376 0.2508369434211332 0.25351624750500573 0.2867007775122018 0.29593574858652105 0.30079712412557297 0.30526962831836085 0.27794343078282757 0.24395526737865034 0.25303686121616015 0.25654976945972796 0.3078711187205894 0.30310237273491847 0.24967454774478998 0.2676897442647819 0.279913150004225 0.31524360851141725 0.25797103780407643 0.2792299776707166 0.2516941302012946 0.25455648964615984 0.24284947834337348 0.2986447454688589 0.3367747384864327 0.30551357685164 0.32001003176850706 0.34315407403458315 0.3549918420983199 0.3334502686901381 0.30666484203956235 0.2737531214235831
0.2626764919242098 0.31712050366487227 0.36190134570068655 0.36830268776457514 0.3719033923921313 0.3833036150663516 0.413852281726785 0.37353550111003864 0.41233232588992796 0.4015270155450356 0.3597883840291175 0.3104387176628957 0.30320788813626537 0.24771702864025827 0.26548951650435787 0.2781354003588043 0.2877021048811544 0.29262137357694046 0.302150243988988 0.2813778925611747 0.24079045617049655 0.23618436637468904 0.2613927746802968 0.2443637391808905 0.2662730706536978 0.28427868447319826 0.25180882270088856 0.3041671035011025 0.33694498986975274 0.3340996915362291 0.267138008523085 0.2565993941359541 0.297710770020672 0.2700258283564041 0.3260342782670169 0.3715978452129558 0.3853014823452095 0.3561787702429001 0.3022565879510461 0.31497532077081003 0.38877206620187693 0.36391244585133276 0.34046320794722895
0.26389743654569375 0.32758318892786104 0.329200550093276 0.3427869446314334 0.3575256017806172 0.35298498002834716 0.3469434030760253 0.3753960528965286 0.36868549158666564 0.36131526908379374 0.3768976974473682 0.3387667562077646 0.29218441489185576 0.2958505615808021 0.3108587993587005 0.29470584317598053 0.29105556270984934 0.29327216844664494 0.310242467483515 0.2859330887187644 0.2546649696654334 0.23421066043846553 0.26498894429449293 0.2547371543319446 0.2983061225281782 0.2886739207857787 0.3039460039711687 0.3063082839977502 0.31965808849108546 0.3631688785251848 0.328888462276574 0.326687477372431 0.3349066744778405 0.33615502792167473 0.344927903888858 0.3558817976712647 0.3891337875717553 0.3333044868168543 0.34537575890208905 0.3229734166633335 0.3771620229062452 0.34281214234754187 0.3168955598438086
0.276657387175244 0.30657296015269375 0.30779792961319397 0.31351657383297227 0.3098189688437463 0.36673021833125835 0.3411891245104651 0.38316453608889234 0.3375992886563043 0.3647899626613251 0.350400571707975 0.3018580517751275 0.2995172078866324 0.32724774395159806 0.34647306118015686 0.2875237581906543 0.3339410538855825 0.30031458935895683 0.3047479103618858 0.321593151136578 0.2914831648745829 0.2853048360255288 0.22307087392214092 0.24371890420842987 0.2923910117114339 0.27415123101003636 0.27755331646399434 0.29991390742683766 0.36896195679406624 0.33818706460237274 0.3735687652046838 0.33016416900349344 0.35528041282377604 0.3278132963866366 0.30851250307600897 0.34494770570624106 0.38113890938335326 0.3549954768036075 0.3381787705993539 0.36616890405628016 0.33984758890309363 0.3325154476907999 0.3732399394258145
