Raster_benchmarking/continuous/raster-326.asc
NCOLS 100
NROWS 100
XLLCORNER 1743150.0208402607
YLLCORNER 5469280.143389074
CELLSIZE 10
NODATA_VALUE -9999
[rows 38 to 56 of 100, columns 0 to 42 of 100]
0.7737281297449452 0.7388120287489224 0.7580299114937946 0.7344525502071215 0.7366583508062591 0.7113581342681319 0.7081828693017047 0.7198296174538755 0.7425418969460783 0.7309568088910098 0.7367040030322174 0.7000963966323255 0.6692970630011046 0.6703525409841293 0.6582733872276769 0.6514924034493421 0.5722045457183158 0.5485625365305411 0.5793196996294213 0.6005164125601162 0.5655378742530047 0.5763955053445022 0.5422185885020212 0.5304944443032322 0.5410786029886882 0.5031209546019275 0.5217431535467622 0.47504698149149416 0.46251122833115416 0.4816788945280393 0.5037143197404852 0.4714357075903686 0.4869003412735129 0.4513855298851556 0.45076437443446593 0.47210043717779226 0.44694529175868286 0.48783160504605083 0.46241810024843655 0.4523788331880745 0.45061952846223385 0.42140181312337965 0.38432835340249744
0.7210052095903204 0.7441471963140422 0.7308975798360859 0.7429288793498865 0.7628106412095785 0.7300734951389013 0.740214542583001 0.7340524450999178 0.7323668031981053 0.7250561009849873 0.6932911936479873 0.6847596135690973 0.67473790782802 0.6668070392527882 0.6576700072064574 0.6055602670594339 0.5270348807632148 0.5292934547029576 0.5860386112771931 0.5924006505464072 0.555351432586279 0.5618967693213086 0.5560304159965579 0.5549055789433616 0.5186644947770096 0.5351378827304576 0.5068457164743464 0.5136171225033382 0.46614754815612114 0.4491187438072845 0.4370558303893478 0.45755030883233627 0.44687351329263264 0.4707621744559114 0.4573711501409534 0.48990250938167157 0.4556330667821414 0.49795601262642347 0.49260377959164225 0.43834307140827333 0.4051024104585282 0.40474700857006024 0.3893230593711006
0.725379632444851 0.7476425945604883 0.7618595061637728 0.7420794234825352 0.8005674090659787 0.7661110274855472 0.7364095815256807 0.7418871483847371 0.7708834602917191 0.7441200575357724 0.6751311838864755 0.6626656289453193 0.6418176208534144 0.6102716604332251 0.608262835001257 0.567112551805821 0.5130927638486013 0.5423448150350237 0.5598869298150568 0.5571830366271479 0.5606656586241531 0.5747883102835224 0.5630740604904575 0.5576658252493467 0.5470995983427217 0.5293884816389594 0.5342202767594407 0.48637062263244685 0.46044401966154824 0.4756886706245278 0.4487807789264023 0.442614959530248 0.4645416058410415 0.43937745480990853 0.4626402655980074 0.46035183325224294 0.5012380402848671 0.48995730399304427 0.48940572808277066 0.4698796761946179 0.4167439153917099 0.42625184367461555 0.39195180689219394
0.7138919925376993 0.7438758203088927 0.7675217895279953 0.7517671564800833 0.7710076678635839 0.7195298453993586 0.7243989946589497 0.7314295094879194 0.7026646848829119 0.700018831500258 0.6742977084627136 0.6589906623628616 0.6462428314737418 0.5810850098294865 0.6081751643981155 0.5696059260039147 0.5338374442541614 0.4902234113121767 0.5039031332235336 0.5070811677600856 0.5280516814846511 0.5176597923423372 0.5484624045693666 0.5383354986253731 0.551676793859691 0.5149572699233107 0.5325291794046713 0.5134274773601227 0.5023333939901685 0.4638864827734164 0.44351972892236297 0.47520459405415705 0.4675778588818343 0.47345306645575863 0.47241675203385275 0.4873087223369141 0.49810487221629524 0.4906959869695694 0.4487535899554711 0.4386786432950769 0.44989799630328503 0.4382219873113976 0.4128519341948934
0.6887775795902364 0.6926915668084892 0.7054575365662207 0.6964343027187944 0.7263384606731512 0.7216473297906957 0.7175910348015834 0.6753563552457806 0.6243717877351698 0.6332165102675643 0.6213705514194842 0.6153002766295697 0.5953856648565542 0.5962528936502104 0.5773626494405378 0.5262948783456707 0.5058816008018221 0.510628371457052 0.483228455614071 0.5026614665236366 0.49004665068660835 0.472222953104857 0.49413449017973904 0.5013806479707587 0.5039683114597833 0.5346586598681508 0.5205330542316576 0.5353011783310291 0.5347885596418618 0.48168055907638035 0.4808437317559708 0.4795491491930199 0.4900323824647521 0.4937661657373707 0.5096584755278286 0.48816966694658626 0.5222459550537508 0.4757307698075456 0.4848235057957281 0.44633021545081836 0.4729331202677998 0.4587454842145091 0.41512226209263203
0.7257583748902708 0.7056444914759736 0.7065952587081863 0.6848849862682018 0.7123754346822272 0.6913791675406011 0.6626568233988432 0.6354317553658766 0.5764550944814362 0.5785195845356121 0.609105897541351 0.5964848449036566 0.5679064606500518 0.5900885115893255 0.5814993829593849 0.5257353340004438 0.5172335726675437 0.48164728986821764 0.4568646884791701 0.47364812455543315 0.5001816551710725 0.4763625190935562 0.5166088113720022 0.48779084304862314 0.5003974055311317 0.5023731681550995 0.5468083200749513 0.5650206033740881 0.5628673362406628 0.4984012491168663 0.4952998078842801 0.48773486675964434 0.5010610876996804 0.5187901923936458 0.48812016071790354 0.5156559493046579 0.5313064052603033 0.47807502699067356 0.4753246410361772 0.4733875140302279 0.46241318226714834 0.4057236236620295 0.43114626910392684
0.7258714603711397 0.6652060480009211 0.6452949616100215 0.6696252009212096 0.6875316614412286 0.6523124083924196 0.6118519112292313 0.6131222879623272 0.5750989743714598 0.5976055588038383 0.5715967802736955 0.5648576490382918 0.5821936271694415 0.5555358334174391 0.5433184228064043 0.5058103865317918 0.5253660859581617 0.5035949054990548 0.46411293475395615 0.49776825380295614 0.505052643648332 0.5119153272616954 0.5189292188427289 0.5221065321170579 0.5420716652555685 0.5037309446808149 0.5525328739867931 0.5858681424500873 0.5716457014469674 0.5144049645447506 0.49060438958943353 0.48113376103987715 0.5240365485818663 0.5461757433313216 0.5039048450346103 0.49804705705581986 0.5571574540899539 0.4784193300360261 0.44474443832724214 0.416115109769672 0.4206642427243129 0.43546350018168933 0.4075673898535042
0.6668435441685454 0.6676352819039817 0.6310356667731168 0.633697785017207 0.6845410305278441 0.6717576088411386 0.650193348299945 0.5815497489770061 0.5912176550545543 0.5934454369727031 0.5692944985046032 0.5765796155110956 0.5824758417804249 0.5257492168222283 0.5142587223914434 0.476489739537761 0.4929463687436168 0.4968704129508664 0.4636811446776726 0.45000187065839836 0.4818468116903253 0.5155204739651719 0.5035728416635767 0.5022890211163202 0.4951911435719402 0.5109976783297658 0.5235973480187969 0.5549240724372531 0.5363883825935912 0.5264107266416326 0.5018323134798172 0.52654928220069 0.533396901564861 0.5338715930877737 0.5257741517355989 0.5254899664199606 0.5323162803492508 0.537834489938951 0.48614327893688625 0.4357366686803492 0.4503795222548576 0.39958837117256063 0.366580073354206
0.6567430295280838 0.6140743396930447 0.6239407835414413 0.6315305668453257 0.6560620930936394 0.6551933198629776 0.6262074465969559 0.5765301792237238 0.5708176868111728 0.5566087266665515 0.574571124488213 0.5665097095903643 0.5535947095811101 0.5357627749339025 0.49239014255760444 0.448477654599476 0.44974561650855 0.45827640446747686 0.46559257626765627 0.475296401404063 0.4653806206880497 0.5012933869082139 0.49866042513416303 0.5160015092314956 0.5288902286026175 0.5041118811854556 0.5295552361324095 0.5602973637995378 0.5522669545026568 0.5311779271471467 0.49874460899012496 0.5244059367522896 0.584787420926392 0.5680820597578442 0.5547141179360893 0.5513413017019275 0.5732514384199877 0.5140838247569816 0.4934856732112451 0.4432484971228373 0.4341514381188396 0.4246674486843114 0.36017618862999895
0.6417077947683043 0.6128948200030901 0.6099436922342943 0.6272666041807287 0.6320492149802777 0.6438362016894316 0.585668689269607 0.5731366734662872 0.5601809345445546 0.5671807961481697 0.5692266296952562 0.5375312852556062 0.4917295075184264 0.4977771934518774 0.4700975769451955 0.4615199535042321 0.4529490024729045 0.4811723178914389 0.4886679354487988 0.4388617399490205 0.46807086981234636 0.47919915372226973 0.5004505612150663 0.5441624325455777 0.5510680222490812 0.5413428959308587 0.5203558052758294 0.5210322773900067 0.49303155445709207 0.5156681678684089 0.500489073313199 0.522053247326473 0.5667219047541877 0.5750909884838924 0.579154057040792 0.5720210423054255 0.5653721049660542 0.5299467418060276 0.507226519125997 0.5002605435566241 0.46302599386283005 0.42255846651427037 0.3854684683274051
0.5851409860832877 0.6293209154763441 0.6087835239745388 0.6214198759947088 0.6567497757336495 0.6409716554127808 0.5785327225273496 0.5793181389773214 0.5399705977133187 0.543205432708031 0.5484433520682258 0.5218913694778294 0.47286476904777 0.4958046137842788 0.5097544682914785 0.4786886295910439 0.4346977816725889 0.4418340932439791 0.4620201546500228 0.4508849383506237 0.4150131539504537 0.4187035931010456 0.4734347419425761 0.5352721260565042 0.5824836174264898 0.5195943230497803 0.5010757517962275 0.5251033005182867 0.47828064585664326 0.4775866904406757 0.4829038236735734 0.5243830107667927 0.587551215095607 0.5633391429075943 0.6048949287427061 0.5849258393730944 0.5916370544695454 0.5597983767883006 0.5135222527928656 0.47153781223050817 0.4487606934966997 0.44689140938601657 0.40982390977221334
0.6140789693419333 0.6004182811590054 0.5866765777890013 0.5978746301484572 0.5802399543542295 0.601616193282586 0.6114460425319258 0.5534811793659847 0.5742609041457548 0.5306218185550832 0.546544071753499 0.5061841439337386 0.466895104265316 0.5054810041314692 0.4600592025622342 0.4361544391267176 0.42910161596494995 0.40540873797018384 0.39229006588176635 0.4276524497549148 0.39864045218412253 0.40059435718449965 0.43964810028960455 0.5131548388546507 0.5077401300203108 0.5261809469506864 0.5067949639878774 0.5180847983177304 0.5120298662912863 0.4644238926339385 0.4864022334697643 0.4960331848258101 0.5266738560996254 0.548702111574755 0.5692431053827841 0.5442623290977616 0.5400136438320717 0.5427988622486306 0.5148136203200444 0.49711468269825715 0.4932283941355505 0.4524940968496768 0.39814862051666755
0.5761087995126636 0.5809570560654633 0.5487745890953929 0.5587661986965655 0.5702846032562182 0.6024665961516461 0.6062809647978963 0.5764997816346193 0.5738592798469957 0.5277443383399081 0.49221661722214527 0.506705169003726 0.4957641612337717 0.48411194318554673 0.48236898592067834 0.45310038851349094 0.41873979025314273 0.4010607396085262 0.3780652376771401 0.3985665575651645 0.40402257075003 0.39607035369907817 0.4228535919318816 0.46547295761425816 0.4724247886846018 0.49386101688075335 0.4883691741438762 0.4838868866601867 0.49926362639293237 0.4640668696395668 0.45378717416196046 0.5183729102331792 0.5615271599198303 0.5673748995586627 0.554099235650266 0.5326312011172526 0.5100324116413502 0.5195367074631272 0.4978640920786451 0.4942494586574777 0.49258907501713883 0.43830456704476517 0.42020077055349775
0.5476919480494529 0.5558480588371252 0.5632980536754719 0.5524404484117962 0.5385887779054553 0.5360655375602406 0.5617039870016626 0.5667803541557743 0.564375368733641 0.529786788493407 0.52126793387773 0.4717554642051648 0.4569636628662132 0.44568648727366694 0.4606274740200117 0.464796927478397 0.42856027911047906 0.3929133353396637 0.406954359441053 0.39363698323135504 0.428228797311177 0.4381006362534024 0.44484389652404493 0.43125934504119506 0.43854974047599155 0.46316102214876825 0.45006775247002684 0.49076861086579626 0.480578907188315 0.47206588908674424 0.4410264035591419 0.5098251834852207 0.5241026377920504 0.5530872026990754 0.5088134954282676 0.534600111229675 0.5353170794700001 0.49924137274694685 0.5133167097659225 0.4803093987782935 0.44052723703644747 0.45679044411473896 0.4299852725746535
0.5759176916235604 0.5570165918970523 0.5432191555330864 0.5490299975155077 0.5350171293908939 0.5403059486960584 0.5221401372280842 0.5502076777208262 0.5539233683928386 0.5159524725580239 0.4935180282810768 0.46723185227809927 0.47327966562669727 0.4482601600717213 0.43409304599886805 0.4222617845007598 0.44448211891468886 0.4225744916466503 0.43643089883429775 0.4139321298373619 0.39130947304742153 0.4015781217684982 0.4247613586002712 0.46752515085451396 0.4755281962260819 0.4355153396992046 0.4428950284703736 0.45638175087397564 0.4429825873061531 0.4249343637512782 0.4361516227223871 0.48102492101186584 0.4900185314655989 0.4983089767985834 0.4954190229968499 0.5082475657969561 0.5260582553094244 0.4863781135562351 0.46339761803987817 0.47020917803034085 0.416946877756648 0.4375944381308254 0.4619742749347275
0.5532587151486167 0.5438229850260768 0.5337211941568881 0.5098764654309189 0.5260160960933362 0.5174463341012603 0.5428368190422275 0.5393861225382712 0.5274919357193293 0.48335619245326983 0.46888420848361273 0.45721759714230836 0.4368354852577681 0.42056514117664084 0.4362793472226534 0.44829112259971293 0.4222795165709102 0.43465493700346547 0.4340915305466362 0.4090421328385136 0.40797284536797307 0.3994282834456695 0.4177820577685786 0.44152522526246607 0.4615071308427937 0.44665755257474904 0.43285325067653657 0.3938148547084582 0.42731020373145434 0.4517555393901017 0.45296959359681127 0.47205989868242365 0.4870249502125889 0.5119631726284598 0.5387893361072789 0.5262239953391344 0.5403512988199365 0.49554722741468027 0.5190283515753026 0.4829766784154443 0.4421924804941438 0.4396790016395528 0.451154701220755
0.5552192795425351 0.5054506618021837 0.4800296133111828 0.5013548220318768 0.5243644672132304 0.5079053149299879 0.48134856677917975 0.47924831674372487 0.5003926551898382 0.42127746572858515 0.4185405425348793 0.38841007641835895 0.38580876219924287 0.3948919699116341 0.4280858917472823 0.4333632823140392 0.42392152970912134 0.3747981549498907 0.361395549882232 0.38507430032892537 0.37180198551245625 0.3667804635853801 0.370592400261213 0.4360411262611049 0.4475046041766756 0.41871685345538895 0.39466455721470184 0.3870500380249018 0.40141943246914513 0.449740880228181 0.468608271270512 0.49350595076925874 0.4668663044189341 0.4744019390504098 0.512845688439077 0.4761384002902128 0.5095669948389805 0.48963793025256247 0.5298334436262588 0.48474335818665076 0.4704000723208833 0.47508722513111806 0.5116416623935872
0.5424795888022916 0.5283582450439401 0.4725066703702794 0.4851553048227277 0.48513378327373896 0.47950424007644554 0.47460444923943473 0.46055700487347845 0.4419657148204919 0.3902598302754971 0.36316673830205415 0.39525326800913047 0.36192876651929834 0.3804319347949611 0.42134669727755314 0.3960216597627794 0.41610436924513516 0.3784682089048681 0.3652397747526788 0.35451039707743615 0.3569119544932711 0.33075703846190957 0.3562467588196167 0.4231933294709989 0.43633461708759047 0.40394378059205527 0.41135281501605503 0.4284528582467549 0.39652761016392374 0.44099949955889023 0.45557241479279414 0.461782237626346 0.47351480631325327 0.4430803103722774 0.46014885398558175 0.4682292461018089 0.4795513637653484 0.5241996440436723 0.48397932484957684 0.49964697565040683 0.5392597703320002 0.5416806508605103 0.5413535326408202
0.5062622356435246 0.516619316708251 0.49461990289594987 0.49504685986914926 0.4536850588126205 0.4367654553682484 0.4452565279628547 0.4278267042018632 0.3772530160617404 0.3783232928514621 0.35965861952706424 0.38717995267908806 0.3946229090566684 0.3668662002153195 0.3751714885000063 0.41807888379822417 0.41657079560805804 0.4220893867690697 0.4076919300932404 0.3700300673683253 0.3242310465666197 0.3418881514669231 0.3613424478561496 0.3939334111574299 0.40127489798096255 0.40943569771125543 0.46438446338849226 0.4442979207717639 0.40349038582465907 0.4430688454142572 0.47099043466848056 0.47510044061534823 0.4281136214996592 0.4202492839229097 0.42063410987951705 0.4471491136807896 0.4563308041069415 0.5144745405815293 0.4949870959838137 0.5347795459241976 0.5561943936168778 0.5311842881747728 0.5214876552240455
