Raster_benchmarking/continuous/raster-239.asc
NCOLS 100
NROWS 100
XLLCORNER 1743160.6233386667
YLLCORNER 5469281.985139591
CELLSIZE 10
NODATA_VALUE -9999
[rows 76 to 94 of 100, columns 43 to 85 of 100]
0.5600590182957975 0.555324519411211 0.5582873547494105 0.5404299052997503 0.5026256324577945 0.5181077824007727 0.5128216400591913 0.5515449387261513 0.5604924236299759 0.5976104730728081 0.6063344298382961 0.6449529674367623 0.636344139269026 0.6271732689338592 0.5985139589540162 0.615654668833418 0.6209913028237253 0.6237683962868061 0.631316892459685 0.6148639453868497 0.6164851922326235 0.574682100463134 0.5683282351511432 0.5154432529181292 0.4596034456959262 0.4541250195051411 0.4597974918610555 0.4187628043559485 0.40007993580942025 0.38566660261404645 0.3894185559526276 0.36651667789345876 0.3667651090241532 0.3540288133135897 0.3170344778639473 0.31392742929543155 0.3163139182927332 0.3343924287068428 0.346886904338155 0.33864610625807173 0.3829209638144537 0.40258573001792286 0.44190955537012205
0.5748044965507952 0.579859134090017 0.5701562870912262 0.5657212121940395 0.527986472636979 0.5384012297845246 0.541050647699367 0.539207288548516 0.5786300764231438 0.6044246426388336 0.617476898257131 0.6328660424035664 0.6287633701859574 0.6336193491436682 0.58619810466136 0.5791414810222771 0.5699843535731558 0.5931767904900739 0.6266317452640324 0.630847334224427 0.6180897272626431 0.5639002361414819 0.5625480868758 0.5120647518158997 0.491995278000435 0.48888037397380935 0.47577247728873423 0.4106166476437526 0.39580288923900625 0.3813270102445634 0.39159624848304025 0.3567945442355448 0.33876373018099515 0.3278763994701379 0.3361345662561858 0.3010537117232811 0.3195383715338167 0.3379818264304384 0.3227701926014536 0.37196816631595614 0.39728282638572104 0.4210564699105986 0.43694573342406257
0.5892398136043814 0.5974909000278971 0.5845087582331536 0.5694841003851 0.5621513560588751 0.5586841152730934 0.5654612182936134 0.552919599170452 0.578259601580763 0.6053737041739827 0.5947847091803172 0.5982665412593203 0.628891797460701 0.6270979816148715 0.5986946674470066 0.59061354471387 0.5848391595127767 0.6060212353382378 0.6086099820078149 0.6339150784648585 0.6026868802409987 0.576954726221888 0.5650745304879947 0.5437682068659216 0.5278540018560348 0.48885522006686805 0.48033766236105946 0.43276747515994896 0.4218937269040444 0.4009342633996913 0.3684483505257778 0.36830132370479784 0.3545994877175156 0.3387366960058154 0.3143019721772611 0.3080211838517757 0.29576075573515553 0.33163170680342596 0.36062421487669194 0.37536794506230503 0.41022465716301465 0.40835476428803025 0.45483294218248177
0.5943716128460891 0.6119411335850564 0.6197479490254398 0.6052545618088321 0.5882303186228969 0.5746034563100877 0.5587936753417905 0.5877542263014303 0.615150590869469 0.6215204391845203 0.6039476079031787 0.6194977798064247 0.6186120295998475 0.6143411477450055 0.6074524746810087 0.5834916633309979 0.568688554769618 0.5955202440021421 0.6310537540517182 0.6053646940515824 0.5917105433004435 0.5766387124863589 0.5272696539576808 0.5302645409806727 0.5353825509095228 0.481616326463884 0.47824789529155504 0.4577827943090662 0.43585585704670915 0.39704783026446694 0.3543546237846418 0.3299725833235132 0.32265417993730416 0.3331458638351389 0.31707182068273715 0.2979680857404227 0.29596282033628435 0.34526154507171397 0.35627986504745507 0.36891641310298595 0.4085494586366445 0.41637703113392677 0.47385217122076345
0.5799712672991678 0.5983774814519743 0.6247316090423469 0.6173101834631225 0.6256847928354989 0.5852116523260964 0.5734162101994337 0.6146137126059711 0.6058755653332075 0.6188222530064456 0.6207071773980365 0.6210413482185512 0.6066621816295038 0.5941500177477606 0.561363958979314 0.5709011610508195 0.5882250674025203 0.6097760603392764 0.5959988680221567 0.5937909967966648 0.6029948682188191 0.5524728671269082 0.5511526752942162 0.5206698987821752 0.529948610496523 0.5083192516707243 0.4918165494611374 0.4770925870419018 0.4228608411802635 0.38629840290891226 0.38942488997120783 0.35855026552958197 0.3445373198843895 0.3072890356916086 0.3070800078298823 0.3046739896994606 0.33698714419527365 0.33261532612277095 0.36932238939577017 0.4067023540904921 0.4316066967292463 0.4298623426299046 0.44995121831515417
0.592822805515079 0.598288978583872 0.6145313812232391 0.6082585880041197 0.6365960179190212 0.6271881403140064 0.6160028489585722 0.5998581520869728 0.5928624528247706 0.6085002651141738 0.5969555364957649 0.5983294007967386 0.6110277240394478 0.578553992152065 0.5563456616784015 0.5434699166731243 0.5482738678779244 0.5876560582428076 0.6068956910899242 0.5964710126674336 0.5995824258589747 0.5870595190373235 0.559424534784751 0.5506090255386498 0.5271630174576603 0.5199346255868544 0.4831035827484131 0.47644394091759357 0.42652886796242356 0.4206848134659722 0.38685546153281264 0.3360379719990178 0.30811580491023327 0.30696944344732024 0.3189162306751492 0.31917465864716466 0.33947021125794724 0.34012409926889464 0.3670017584436086 0.3939580414940329 0.43873744813846466 0.4329849544241365 0.44570572527890956
0.5845574657993993 0.6025849576666925 0.5985321898814272 0.6115784600762046 0.6140826482863229 0.6081941763362086 0.6146126913413145 0.6307215228071057 0.6089079944645678 0.5937717079258464 0.6156624134243913 0.6047957111015667 0.59638250280826 0.574035567893061 0.5649497470212036 0.5642975600424124 0.5674481852034947 0.562126408035229 0.6066510597027149 0.5915479014680193 0.5889224613486088 0.5732257818948395 0.5533647975067878 0.5153578628686861 0.5312078723760073 0.5153053049257084 0.5060123435574685 0.45638728146655094 0.42311610530501587 0.4020702070455151 0.3975734725540471 0.34943581549313496 0.32484246670723504 0.31682568958915397 0.35547662639673044 0.35231279322116915 0.34852817982285444 0.3711722325471084 0.39815687365297736 0.4172156459576355 0.42703930568589843 0.42875081980374813 0.43863417921860737
0.5865082809817185 0.6107991582258999 0.5849302358604875 0.5994515201075178 0.6459035880261619 0.5984800902581797 0.6002012322414919 0.6369787517379002 0.6379582145633435 0.6322935392087364 0.6196561145283114 0.5899597192499214 0.538405376168034 0.5501588724040023 0.5787330757863602 0.5633840799767623 0.5366199014077757 0.5607981647596489 0.607952526365637 0.6003055186570079 0.5909161614788412 0.540793287022828 0.5447394408936552 0.5249476529986689 0.5080321052955129 0.4874523849150872 0.48749466646263034 0.45291455117594903 0.44307325296943584 0.44536817262615436 0.39912781422304466 0.37131784763811315 0.3343678174634713 0.36602577209242776 0.3708074117084895 0.35765269404161454 0.37275392716262346 0.37388312396773654 0.40482592369899784 0.4031494092252733 0.40486966310328304 0.42122699407933206 0.4259920673760212
0.6223847666335295 0.6070297665070983 0.5970972719039794 0.621577210522585 0.6100195678332507 0.5992738269606398 0.5992020380804777 0.632424225127901 0.6268539953651375 0.6026148769937839 0.6105090883941166 0.5946427279610947 0.574687232744782 0.5882393594641613 0.554526025946265 0.5561499498940357 0.5463583951913658 0.5723867745577491 0.6041582797815885 0.5654190897020569 0.5564836570750049 0.5189761193044178 0.5231289006137708 0.5132534394065823 0.5111226616394611 0.4795005404692628 0.4889965273561906 0.4864332693642953 0.4680797364335453 0.45667578027441746 0.40930613349974 0.3796684024126161 0.3610462318017721 0.37699051719902044 0.3700880722136678 0.36980950431937487 0.38180343663160715 0.39620099127830677 0.3993722180782244 0.4230527121254055 0.39806234224618725 0.41579118023831424 0.44159915678580713
0.6047098157711851 0.6104997177178733 0.6066516820685328 0.6245353687748001 0.5999090386208185 0.5979612694592832 0.6302903163003739 0.612342595158699 0.6112724109537523 0.5798026517793993 0.565190305489242 0.5666351730744373 0.58169984708191 0.5877108981546123 0.5779341054647775 0.5545786300968873 0.5896024577406122 0.5865239635527231 0.5893480305679482 0.5595206928025477 0.516157667021601 0.5328609880206981 0.5012964884150855 0.5104092514813083 0.4857788991182004 0.4826771578573358 0.4648731609935749 0.4804015209263044 0.4776591098691096 0.47960187384145764 0.4329758501020242 0.3783782852512255 0.359959934773382 0.3672556820394391 0.38012764543796745 0.3880979616789134 0.37329498432079344 0.40677972826728853 0.40749605041291037 0.4210670303541966 0.41307529878898164 0.4741057125715563 0.49679331966785073
0.6115958837077564 0.6069100106957275 0.6277615906988012 0.6185081114667026 0.6369361652262763 0.6457719615645308 0.6272179183134403 0.6310683308312862 0.5948591604285616 0.5880411782445121 0.573102111834013 0.5483857079797638 0.5710025631328413 0.5641290301088727 0.5858021418053024 0.5625746065508854 0.5785823471223495 0.572242784419093 0.5669622115378513 0.5465285491069666 0.5400963654359218 0.5146886050135576 0.51866439053937 0.49768886892444325 0.5047935142201928 0.5034281098548956 0.5016452874519644 0.48537176313000924 0.4947242805456858 0.4686963953718449 0.42648455349521724 0.4232237752734027 0.3975724348410139 0.38033759108509857 0.3820016995548778 0.38759946078284097 0.40040722461382566 0.4302225959880687 0.4335488101653653 0.42864033953850234 0.4471446289251997 0.4862273734116247 0.5124572132420795
0.6099485543338922 0.6238857684532215 0.5949298763502785 0.6069070412458109 0.6504875813399109 0.644453536243747 0.6308840482212563 0.5889723588389004 0.5726872214013946 0.5664653953438957 0.5434913246779007 0.5422272659193178 0.5093278509637323 0.5296316294921446 0.5689581415717188 0.5971547191490307 0.5906929670975307 0.5756412222000852 0.5446813478492558 0.5464600578664227 0.5121800743921648 0.541067452450649 0.5479848894728833 0.5139314794144497 0.494979461051452 0.5031838722505724 0.5082685301656852 0.4653855694212197 0.4791416551265498 0.45683632062054624 0.46195242135119235 0.42188464555168687 0.36717895520963556 0.38652654025936933 0.41112163045052613 0.4456955111388399 0.46396028483097423 0.4423936479433486 0.459078483540138 0.43716971406008115 0.47637163850961234 0.4950725735315885 0.5042336327562659
0.630316793192898 0.6139909916785627 0.6028769087876862 0.6159854190247421 0.6264069903691213 0.6302159756702088 0.596792050281961 0.565636063027843 0.5596037375633955 0.5580711954378319 0.5261604728967008 0.5485419806080573 0.5332186263075475 0.5593338639057941 0.581235842498676 0.5986733169790247 0.6036537699608575 0.5816029627157081 0.5562053726256114 0.5496213480659674 0.5666564449316472 0.5609954429136517 0.5655992580432515 0.5395554052633279 0.5300383170808811 0.5152416970197192 0.4983809898470952 0.4648068570644773 0.47517756263785443 0.4758794870421151 0.4603636621684495 0.4088205637228737 0.4151037729745586 0.4124349745826697 0.41733317582281587 0.44614295842801055 0.4480194552983954 0.4559821035654493 0.47100614310451067 0.4655753904330038 0.45675133492942543 0.48458601647111865 0.5067982533907075
0.6073516715197276 0.5937186217374902 0.6108578682360791 0.6376587061277624 0.6255846257275359 0.606415324347564 0.5593201926790928 0.5235505513764168 0.5363761994996857 0.5452609951136644 0.5363853630542059 0.5553038331300638 0.5620652517729134 0.5581295498956705 0.5626945332301113 0.5870083827197999 0.5945104706141066 0.5716872645982668 0.5601976681565333 0.5706093350311017 0.5772267399727283 0.5554883650824369 0.553796020253697 0.5272175228006787 0.5082483235979199 0.517980363252386 0.47327748872459374 0.4739992164362254 0.45676375282481935 0.4345148478593302 0.43481383053562994 0.3933428188334643 0.3963378779682095 0.42833113346862484 0.4437633294610951 0.42167976723876055 0.43005691066379775 0.45291999776006886 0.43260215240732747 0.47519126034242903 0.47423741906803635 0.47584267865698904 0.49096807283876265
0.6367187553379159 0.6218106627210389 0.6109154079994655 0.6156962334695331 0.574728495834362 0.5665415429863194 0.5486841796051334 0.5157687575707616 0.5139454303671154 0.4997839872828706 0.502255294253076 0.5210076172142567 0.5112746764617129 0.532368657444551 0.5659752391570446 0.5682107963892786 0.56563523728691 0.5780223352508679 0.5435094705741809 0.5523873364071694 0.5956793618736125 0.5955119059622878 0.5674899580400335 0.524527489356775 0.5141898715615417 0.49896742202119615 0.47856206465544254 0.468163459309393 0.43102867921198884 0.44508392602462843 0.4268781118360827 0.41148812580166766 0.42126212442524535 0.44128391248790244 0.45015006920386863 0.41805815824275977 0.4196684129424881 0.42420496927818413 0.4489429441556493 0.45154351801792847 0.45661008597679176 0.461264071319542 0.45731868852463714
0.6180476292353603 0.597981204633839 0.5950702547197961 0.5948840428855104 0.5500560594605846 0.5254315289639463 0.5175866214655881 0.5074001291649253 0.48380563397755766 0.49556116645578174 0.473748240215485 0.5100896183226243 0.5085454840289607 0.5509422845839939 0.5480296113281174 0.5547842656945009 0.556978344069379 0.5664724486963109 0.5348909089970247 0.5360774541008461 0.5926985217784553 0.5964680814245752 0.5762800224548218 0.5554237200866367 0.5432263566797227 0.5241893914316739 0.4965198285025663 0.4677822063858038 0.41640301594434237 0.433412636538295 0.4239180111422182 0.4283092535130007 0.428792348558328 0.40878996622615377 0.41772635687532594 0.4260139949486399 0.45126925455520267 0.4444427116364283 0.429154609928944 0.45367639352690264 0.4364700157455313 0.43558495025913 0.44709416893722187
0.5956150117962802 0.5977459290118555 0.5878535811922615 0.5695788901827293 0.5270194127044372 0.49293717995457403 0.4744190885731732 0.4833870048984838 0.4600666023096758 0.4593722689059987 0.46643805917691056 0.4777486711107269 0.4985539909833408 0.534673995733171 0.5220761494529419 0.5321824771514128 0.5628869354433204 0.5434441712047222 0.5381306464834014 0.5342628840830431 0.5326335328392614 0.5563223994200716 0.5389785452750835 0.5392748378007349 0.49887531208395164 0.49560099824240855 0.4843890094354862 0.43291436355721363 0.4273124689725201 0.43589280635298505 0.4132651050613188 0.42839393727057307 0.40741056289130706 0.40837025158290197 0.4249552482079566 0.4141875243337761 0.43729228311838864 0.4123290582012111 0.42241785441347424 0.43217823847170095 0.4090069295866073 0.4332010654165768 0.40739784712507354
0.5772617531560241 0.5750189300296885 0.5460876400906445 0.5106504562643026 0.5061059774436458 0.5044556212699416 0.48208441542476027 0.48949737383501696 0.47755164021317764 0.4699168348269604 0.4853119861432675 0.5014906393013152 0.5114820239120428 0.5360205216062767 0.5529169293394994 0.5606218966906121 0.5523286670882056 0.5568480788194912 0.5264754184446494 0.5313987185157371 0.49495747986820315 0.495726400830184 0.5231249103536273 0.482006296716756 0.4661155110945722 0.47859510088734836 0.45271912441721057 0.4280094311553946 0.4178269075542298 0.4036960114932716 0.4218867275916487 0.4363089899892181 0.4121049303143861 0.4069503633264008 0.4129891895558124 0.4009606976832869 0.4083627721934568 0.38357065439349625 0.400282041610644 0.4111464825121395 0.39713286798170666 0.420521767758152 0.4083369294229669
0.5269561828731716 0.5208012330664623 0.5014234143636318 0.49229605140783916 0.4714709959442765 0.4698016062783345 0.49623006026721084 0.4990364089707272 0.4675029407324237 0.4887627752398849 0.476678312162013 0.48517487857627634 0.5018491196871253 0.5065588508722955 0.5173985783159748 0.549169028241887 0.5433189433174686 0.5435600612323234 0.49455660632378484 0.49902575589462306 0.46836137902055847 0.4863437662406167 0.4973711912046617 0.48171054662340373 0.46382209246035544 0.45733703000589027 0.42200384713797895 0.4114994428663528 0.4015712590752853 0.41665961339365476 0.3920998661946239 0.40846368506614267 0.41059175608819176 0.39658765556153147 0.3967291996209951 0.3900120212462733 0.3664384702319835 0.36741093292958205 0.3763001874824715 0.39954100437776635 0.4065842847184352 0.39073690803852684 0.40419502950075537
