Raster_benchmarking/continuous/raster-339.asc
NCOLS 100
NROWS 100
XLLCORNER 1743157.0311201378
YLLCORNER 5469286.737580188
CELLSIZE 10
NODATA_VALUE -9999
[rows 19 to 37 of 100, columns 0 to 42 of 100]
0.4131385416393582 0.42887597363121716 0.4167531476190686 0.4657610015703872 0.4617609408880705 0.4324658782661625 0.4500364059759525 0.40231117849724396 0.46835188237196457 0.5075126246187702 0.5297908828931694 0.5649422327708657 0.5587055183405353 0.5704940567516541 0.5478628007058328 0.5812865088925516 0.5817885031288443 0.6139871734006799 0.594953162795296 0.5143568068577979 0.515732240124323 0.5002275459484017 0.5136214037134916 0.514600505050892 0.519464332421473 0.522285800261735 0.5683753680391129 0.5562149920047382 0.5991550259284303 0.6468638049298344 0.6170009590912396 0.6077483561493564 0.5747673994496652 0.6218387865503636 0.6079411954504734 0.5680696504829256 0.5801184193812359 0.5625662857701711 0.5545747512897661 0.5168157842203647 0.4939369608858317 0.526907890131174 0.5572587480380153
0.4458690722119424 0.43494275304827407 0.45113764279146046 0.4600406757973668 0.4536727456774825 0.49322745788748923 0.4710477466449922 0.47928129733743785 0.46037647604511095 0.48746395684503 0.5257757182822332 0.5343067795736826 0.546518919222422 0.559689672318803 0.587495426052693 0.5689649848752618 0.5883209069323587 0.5428156693425642 0.5528648501973766 0.5236104640413715 0.4950826407166818 0.4790773594140163 0.5362803575207069 0.5093329181307945 0.5107833983148617 0.5267968813284135 0.5509724096879928 0.6212231912482514 0.6412652711728456 0.6585655261270921 0.6334907673788434 0.5857585918226758 0.5878201698396145 0.5741536296955537 0.6158266359977362 0.5989940006424653 0.586196375582441 0.5821191025683671 0.5285904635767714 0.49089698678308497 0.4847020802529624 0.4957832440616428 0.49762229233774213
0.45432998812091674 0.5118867391775446 0.5238663508128742 0.5033497352753805 0.4752355504737131 0.49239103506971504 0.4549493592752469 0.4710763865007985 0.4726959272046752 0.5491729249933944 0.5755506617315279 0.5581492862853237 0.574311956485639 0.6067592871086578 0.6330768648440874 0.5967559964626056 0.5769991649939966 0.5214028220233636 0.5208904963983967 0.5297419966388491 0.47633716707222856 0.4859640419190715 0.49680880197750105 0.5277090497017897 0.5502196133454249 0.5448545826505806 0.5928635984184715 0.649557313259703 0.6445627110936577 0.634631859068361 0.662815759243504 0.6344170189527246 0.6274661213405387 0.5888579109949176 0.6040721830127633 0.5620886472187346 0.57219125862718 0.5356697725873586 0.5577560899676817 0.5253256776511004 0.5078336878413301 0.48068539109015956 0.5203243298440686
0.46750344212442274 0.5110979602486255 0.5254278747720026 0.5519029096945809 0.5398687600128639 0.4915689492547675 0.506268254279285 0.47186217927332946 0.5162890539150503 0.5721775635142397 0.5661877156739877 0.5906403094117153 0.59443115029768 0.5774771335815512 0.6245346812182443 0.5712935231353927 0.5326349559449203 0.4929573035504489 0.5099248639677054 0.49610035563520943 0.4997247034366973 0.5099039453135494 0.5197463189982956 0.5651934309578249 0.5543818009720243 0.5792794779317524 0.600552370198678 0.6044593035165777 0.6122761262686867 0.6153810777201622 0.6445027064390134 0.6272046159236809 0.6109787077109252 0.5832983254596495 0.5816201415003117 0.6226164108018711 0.617963533627996 0.6254888409253978 0.5874497103189895 0.5541265106769264 0.5711545070716383 0.5478994926709564 0.5376765726567012
0.45260504751953085 0.4420915018023856 0.48051222532600646 0.5377702829941805 0.500617365254306 0.5039448604504271 0.5259902406051646 0.5177063699911323 0.5682452457446792 0.6045403704955968 0.5951901489031556 0.5627077599542101 0.5802733183499236 0.5854435780942968 0.631260382638626 0.6003294601794518 0.5766287440275898 0.5110450225928491 0.5381375138536615 0.5537577680136675 0.5412121804129666 0.5157667997881228 0.5261225284247258 0.5989299274918921 0.5968054622751052 0.565909369782065 0.6033037917883836 0.5900593327982837 0.6551564610204201 0.6638712495790379 0.6262386535400339 0.6110660359675699 0.625625092137946 0.5851946893907147 0.5713311851664994 0.6196139479675646 0.6192723483688696 0.6416452224168682 0.6341562529851631 0.6180779915607145 0.5937221069924781 0.5664013956241807 0.5101378127546542
0.431304880397457 0.432287773265721 0.49726168236358276 0.49923263808741036 0.5075144487046055 0.5016655750227981 0.5170501319690415 0.5199515993891831 0.5778634063204385 0.6171016510381712 0.5861640678303622 0.6350074125872096 0.6259860292948348 0.6288928581573567 0.6132327983768454 0.6151535163810522 0.5568319256284378 0.577029020421576 0.5843317590129015 0.550412326972823 0.5538542458459416 0.5490372589612788 0.5569570022437047 0.5883624089653643 0.5994297494979797 0.5718402937947933 0.6142772383694715 0.6600278163904609 0.6793381840121578 0.6790695312437806 0.6723167906413975 0.6354295283562618 0.601816055498252 0.5987163423199227 0.6221186378274158 0.5910856540972065 0.5810487722903163 0.5928101158603144 0.5971427296570561 0.5542511075947152 0.5548673354106656 0.5260253952954955 0.5237732214304772
0.4650269177802814 0.449837621783483 0.49747476880593583 0.49482424327482194 0.4711692339896577 0.47189855151658383 0.5100839395985987 0.5669289587024889 0.5839547093985042 0.6102089253572983 0.6289810148504325 0.6550334151973114 0.6354525505357372 0.6301514609219598 0.613698561602393 0.5712619047030794 0.6265483815486347 0.6199029213383266 0.6038844091474599 0.5456204021452145 0.5767908718520373 0.5857086834656966 0.5635868927522758 0.5928406298905411 0.5629324910275766 0.5582530511031539 0.5989497612695831 0.6596357855772156 0.6451136752290852 0.69778764837131 0.6961324073824475 0.6621493070223896 0.6124041410052483 0.5631854214553492 0.5792379225686152 0.623918526717143 0.6008379657054206 0.5602067784499712 0.596856879387293 0.5568427962069763 0.5437133070276803 0.5526966610288355 0.5388870083402216
0.47955000946649695 0.4959284150390569 0.502645284058952 0.4759676609830727 0.48538745395992494 0.47300422945887843 0.5134356598231616 0.5620881274047135 0.5895805330865836 0.614618440385076 0.6653971358567885 0.644408462248758 0.6855113712309853 0.6370003602734128 0.5947863841409677 0.6052606238613523 0.6478569986795726 0.6556478610865416 0.6360039613697478 0.6013142087250917 0.5745503370949867 0.5867464576177736 0.6390502917959294 0.6030603290267575 0.5819694136980738 0.6151866817431689 0.6404115524265452 0.6660172037581388 0.6341742986773605 0.7038954573661331 0.705092467443244 0.652691177435368 0.6282474194010748 0.5973054185239957 0.6080921715378484 0.5774787471918378 0.6072261233240032 0.601907660441881 0.5639579963168982 0.560081174520455 0.5379595201468566 0.5208100230887522 0.5008383002891549
0.5101921490634002 0.48377937364333673 0.4886564015347586 0.4739099573303706 0.5130094199500599 0.5010817823375521 0.4997377798349828 0.5340014694300631 0.6137285578056991 0.6710511482469291 0.6435486491575062 0.6885056669598463 0.6471420308226544 0.6574206709762325 0.6345968768127006 0.6400738004599884 0.6476152287939012 0.6936131718636094 0.6599890699006633 0.6022697711002359 0.6460972508008249 0.6557528779032171 0.6647963512556719 0.642142787387068 0.6057417180220948 0.6109393798362187 0.6467991354674512 0.6116371120397054 0.6360444373254127 0.6912753413442086 0.691303323972617 0.6845013003937096 0.6076163012918775 0.5621233327828132 0.5779627662232312 0.5876200466984802 0.5713381657038106 0.5607336054649137 0.5388329235293852 0.5542674396127362 0.5550296299272319 0.5028616263944089 0.5126002768583663
0.473226533186238 0.4883881459907649 0.4774829138587078 0.47183472117204694 0.5019791755251979 0.5125614351434711 0.5319070759355998 0.5878543133166857 0.6168332745870877 0.6108904264558914 0.6366264119027037 0.6682674111313157 0.679969442592084 0.6478168800972707 0.6341719176805585 0.6831219516095338 0.6659894426651739 0.6888110013651659 0.6656106832786385 0.6444968159261211 0.6504477392636621 0.6397895813502302 0.6519029718330163 0.6609489273947924 0.6717168822605915 0.6515552676974666 0.6484202820793787 0.6365687292543348 0.6640811506473497 0.6899312570478573 0.6606994486932447 0.6778453777775155 0.601581087428116 0.59901183935945 0.6082315864139092 0.5834358453616375 0.5855753700917871 0.5715291193131774 0.5550676997924966 0.553405063984586 0.5518811650157334 0.5360556177631406 0.5180146702690022
0.4937819409392346 0.45118377994223385 0.4914163259248997 0.47878583287250864 0.4830684550759652 0.4798996078642746 0.5041419287547176 0.580844347545088 0.6195535767539706 0.6217733955527793 0.6536486783205061 0.6362226697859108 0.6728422556257537 0.6708902345675825 0.6722011689781621 0.6747931558097228 0.659451151407189 0.6643668667085489 0.6556563319102343 0.6713768088221667 0.6573795785079913 0.7185642033560182 0.7097510729976996 0.6960041896270519 0.6747081526604647 0.6748778322838034 0.6751505261366793 0.6641531225964881 0.6280966654334815 0.6221520236701198 0.6373518002624868 0.6520107144266637 0.6178421425950443 0.6198764269979458 0.6134538787969226 0.5890127696129736 0.558131291939124 0.5221281844785715 0.538534925979124 0.5137524847404289 0.5507039738767844 0.5392447292543867 0.5030252717731403
0.5228046980256026 0.5017163890386804 0.5045563127580149 0.4818998878137054 0.4937542971213054 0.492634017718966 0.5086656866720616 0.5559109855703824 0.6305292585439168 0.6368994334361441 0.6283096308847465 0.6396277240888649 0.6724951339078753 0.6772929995152721 0.6615230774366305 0.655688844801188 0.6468443088571872 0.6306289532598612 0.6147617763950515 0.6397270967745448 0.6581780606492963 0.6872348023703402 0.6756895867303173 0.7065394795136428 0.7350696013093652 0.723109762715347 0.6894064914931672 0.655191425632902 0.6518581306365168 0.6791760301349684 0.6445788004040638 0.6375446736099242 0.6318400201459321 0.6188281968068682 0.6134379335880427 0.6142413571652982 0.6056980765615346 0.5704319206353929 0.5542777585115556 0.5370691792530946 0.49531490161738795 0.4950781069607239 0.4832469142288174
0.5172816842479703 0.4494628791849085 0.4634315620608773 0.5419527609981594 0.5369538006103314 0.5270520400117975 0.524730478908779 0.5647691800706265 0.6079323809041687 0.6967463947863323 0.6460926440583605 0.6173834867038388 0.6359181460585236 0.6417454974353126 0.6691572587537119 0.6359910700245403 0.6618926336324689 0.6058301733199414 0.5967403447565093 0.6130091284348003 0.6323768520660611 0.6625233511105406 0.7124433552742843 0.7301715814726878 0.7276074389926639 0.7245420372066358 0.6741278126445442 0.684052710387998 0.6775242676895201 0.6874723856098147 0.6567572568936232 0.6306773915772561 0.6408104088271946 0.6104554002613364 0.6274648360704 0.6269941407009001 0.6125505277621637 0.6116716043027436 0.5411020680596009 0.5298143605753787 0.5277581486453529 0.48311512509882487 0.48179410436542974
0.4801705305967561 0.46616694143206533 0.47787440865378006 0.5324430925476761 0.5119791717017893 0.5634131293093607 0.5389844725786683 0.583415373132927 0.6140926126427534 0.6528508478172838 0.6474483528721233 0.61390224988247 0.6370345001206948 0.6478227032375729 0.6792230115622413 0.6672007935005122 0.6507909427287555 0.6455548168412337 0.6319323507236851 0.6632176698695036 0.6447948085166749 0.6860586641298397 0.6724803261642069 0.7393530800898018 0.7258795187064433 0.71275366753675 0.6810711092943779 0.7416231333297443 0.7338142777046314 0.6700865789009353 0.6677036726692386 0.6785510464229497 0.6436509088627116 0.6005220712480758 0.6279694575194711 0.6580507325399501 0.6600769320180969 0.6422390195423326 0.5765222262130014 0.6130611437055958 0.5955555882088402 0.5699828817451706 0.5751338287499099
0.471139441299022 0.48305455055692864 0.4802929222348665 0.5275992604702908 0.5509770071764136 0.5525865287566948 0.5789135859442656 0.603446266703975 0.5985852087745606 0.6052507089475442 0.6182155865622551 0.6346426862146353 0.6784634982040266 0.6841179981764305 0.7145183860909398 0.7022857276902738 0.6686597993395944 0.7025582694831173 0.68103706773609 0.6428771308946125 0.6792489932750462 0.6883757498312151 0.693640523969293 0.7236140985909953 0.7263282236970978 0.679167573675561 0.6965873552791385 0.7445171598715221 0.7194875432477844 0.7135059402351493 0.6567875756413831 0.6490355675109227 0.6509484638475107 0.6202299909873876 0.6585178885408152 0.6665789598254726 0.6398036856450318 0.616302318351727 0.6156162041869782 0.6700777864638999 0.6782627011929672 0.6388382417411337 0.6059904555032085
0.487616790453218 0.49281449697489216 0.4976003414654936 0.521560409646427 0.5185447862459651 0.5191886739596386 0.5371480332765275 0.5812487952484349 0.62350192986924 0.6040257642433368 0.6437679155027356 0.627530349902468 0.6428525839332014 0.6490861557289244 0.6771790452303141 0.721169800179425 0.7352523405019897 0.7393308351201883 0.7151891236481578 0.7247200326844699 0.720171381300178 0.7234625255860369 0.7511662579150887 0.7597296693106274 0.7416869565409145 0.712493741359242 0.7225273198262632 0.7340831429145084 0.7463445805340622 0.711213194354371 0.6790090284065803 0.6830618424918562 0.6975931499584591 0.6794828172887647 0.6638475535575667 0.7163309553100142 0.6973679883315786 0.6735271228517553 0.6927193666891545 0.6936309472554038 0.6957533671295715 0.6357189456671182 0.6217270314861396
0.45550110420860046 0.4488493570214539 0.4665850821186719 0.4994256357997502 0.5055318838731023 0.48591928079779645 0.5638355963144377 0.5572730491963114 0.582802001024521 0.6398278185023176 0.6623867212117033 0.6608711789920085 0.677223594515055 0.6113151260887802 0.6791525115184338 0.7104561818990223 0.721356565308349 0.7788823336507614 0.7775378396477817 0.7703467909182348 0.7079384155082598 0.7157807363552925 0.7597216146320126 0.7537856147432667 0.7457327082869518 0.7252423317688085 0.7263344960469127 0.7302451215249219 0.7383674943981916 0.7069903741193254 0.7022700275820195 0.7175145480189711 0.7129801936286483 0.7068262549914656 0.7198676335889851 0.7536586174270431 0.6908143940754415 0.7162391873034725 0.7083450607374968 0.7369451141289801 0.6925123347116338 0.6683482465323569 0.6404634699733064
0.4409368327924487 0.41939050019185165 0.44820630634671854 0.47891050272709024 0.4618356044291693 0.4803808829295338 0.5592732763380186 0.5926133710285119 0.5834716419435314 0.635890923603137 0.6327376674899168 0.6841011121563321 0.6810975443367739 0.6564406313998873 0.677650861270019 0.7199219081803061 0.7707820764893492 0.7543317964224311 0.7879281497129311 0.801681392660858 0.740503247519321 0.7712577691737992 0.7788908201539565 0.7840949283214589 0.7587434430494455 0.7548571619632898 0.7541190912841246 0.7176936568679912 0.7066532420035874 0.7385641282975525 0.7275126376885234 0.7110821417974342 0.7070924807616047 0.7557438117265224 0.7768850674885708 0.7714520461798446 0.701669577157522 0.7273505877638733 0.718245892500187 0.6834529212361528 0.6644166716245516 0.6798145209483363 0.6652806223385802
0.48869241461763113 0.4422982539893751 0.4796256016086833 0.4795367542334764 0.4775231426803842 0.5009739007305333 0.5410789176493425 0.5714464490833615 0.6102762534744082 0.5807192515515187 0.6432280238525214 0.655865211583153 0.6719459234166532 0.6996773857728107 0.6961262600313242 0.7266742006554995 0.7294827414236119 0.7739675415311505 0.7735983543783769 0.8155777951480232 0.7633635552932635 0.7609427314080351 0.7467089116636035 0.7626709266587048 0.8011133047573574 0.8242442837091338 0.7848269716089772 0.7976694356135429 0.7653524349970252 0.6944027010186278 0.6878045912790869 0.690716976843998 0.7061800929557732 0.7666788866939719 0.7853209839383336 0.7626589355346195 0.7044781942418054 0.6906317614984866 0.678537606297929 0.7220436967709806 0.6644788198232887 0.6416737614562023 0.6512246809224782
