Raster_benchmarking/continuous/raster-340.asc
NCOLS 100
NROWS 100
XLLCORNER 1743159.9619148327
YLLCORNER 5469295.302467929
CELLSIZE 10
NODATA_VALUE -9999
[rows 57 to 75 of 100, columns 43 to 85 of 100]
0.5444919056340857 0.5164604820014332 0.49743577203304845 0.47645152856478223 0.46787340795437965 0.45543333232030864 0.4476672130380082 0.45075969830442647 0.42924649565671835 0.4038522901625557 0.38872096828326314 0.39531900372951795 0.38501610632676136 0.37630252678825277 0.37778677914890657 0.37528560941529326 0.3866832387527877 0.36680151960163376 0.34318296240988033 0.33473957459016435 0.32527457828707423 0.31079284136084256 0.32364896287382827 0.32122226996615727 0.31704275877190286 0.3518852908852239 0.37420989652716274 0.36878440449930805 0.3640177765412544 0.37708161345001934 0.36790857415617817 0.39535617082874996 0.3855332977594486 0.39086919015410615 0.40679515088583 0.4362126754752346 0.44469943746992796 0.4526843913658895 0.4902656135475121 0.5323007980201706 0.5492737861623318 0.5389757723642062 0.5471422441840287
0.5555347023069513 0.513021192802175 0.5018819473761539 0.48255103722862663 0.47883265707299405 0.46058823212352545 0.4466665893016292 0.44465550527985226 0.4182544794153884 0.41184414860881113 0.3844354399095313 0.40547060671622515 0.406065150643202 0.37493134193981653 0.35704783449126065 0.3593401459258825 0.370130923679124 0.34648711111403124 0.3364253684123317 0.31393379801174104 0.3158931076627217 0.31195629277063597 0.3032124791956662 0.314889422927596 0.3062319533694461 0.3297362939355149 0.369719030366395 0.3837506354201298 0.3700311042779189 0.3709857207482574 0.37112219671737195 0.3644037671233951 0.36535022534847456 0.39514988531084005 0.39592418606996627 0.4012452861008278 0.41852245952351497 0.458316459330566 0.4668986913639657 0.49933572423908695 0.5306811838540615 0.5482465803356142 0.5640631762762972
0.5523358148330345 0.508204624274823 0.4951373578461294 0.48697559299132076 0.4486501980569667 0.43869340620002667 0.4451522694996313 0.4224786888615449 0.41201691843459654 0.39382084694351027 0.3831589473354497 0.4180118772717885 0.41116860609578376 0.39244854478674174 0.3879340126000242 0.36062080962572646 0.3464070534350726 0.3119544315093321 0.3070889168171285 0.30249837111526223 0.27511701932701355 0.2922145352286207 0.2888655060499873 0.28282276722598604 0.28155857586179284 0.33066549564708453 0.3543908296677895 0.3710287865387923 0.3854475547276026 0.3959241943917455 0.37896907370403066 0.35640378757471125 0.332504477692835 0.3644311448328205 0.3931688863702641 0.4155378484152545 0.4315694093804738 0.4638199696364416 0.4659049131034311 0.49541704904729184 0.5543843269367691 0.5519372067504567 0.5669812135279486
0.49494349594006043 0.48914905315981944 0.4646938179373923 0.45210047950313487 0.4467720789692781 0.4603675420267473 0.4398075075064993 0.42357250164085486 0.4397317180783827 0.43352072285546905 0.4075072683446505 0.42010515010931704 0.4147367335208692 0.3892726333878278 0.36271574549450136 0.3598508047266528 0.31750239235581196 0.3197929143381793 0.3146893369190931 0.2861069122794913 0.2845468453465804 0.2612322682995615 0.27221347471372725 0.3056231476238896 0.3142666040196556 0.32701573658624966 0.3675947602032521 0.38590065127819023 0.3997063829474417 0.39503011243697883 0.37999351172384804 0.3537082654122711 0.3541462312631305 0.3653687840416984 0.3940880131628126 0.41172964144730956 0.43341427070201594 0.4644405244917927 0.46862217295903597 0.5087935225663188 0.5531277993124192 0.5526285760322234 0.5719601229656682
0.4856565764090475 0.48991443843362886 0.4681589902651786 0.45296701874259737 0.43716526166574154 0.44326132437910903 0.46411308376357185 0.4399127168657483 0.4452735981766146 0.443961086144506 0.4216272266626346 0.42634303491780445 0.4041739891818872 0.39931005083750043 0.3757224631193124 0.33881722425802424 0.30618600698173154 0.29461596160193065 0.285763110258255 0.281448450869948 0.2497985553156444 0.2768433385741398 0.27104515510176774 0.2934885686265096 0.3245226796884084 0.3471395719794829 0.361410229798602 0.3769286418063122 0.39230438235014387 0.3718616143654979 0.36246640952666803 0.38077905477651347 0.37753528980733 0.36852192856289023 0.3905644448245386 0.4114195795155954 0.4211939686308914 0.4628232362614514 0.4899026772213175 0.5151822020095249 0.554417612732235 0.5466043818547122 0.5589014320850417
0.4830346005577406 0.47922380456335034 0.47097143944049313 0.47380505002613127 0.4741281087654003 0.4693113989579391 0.4688672727302124 0.4543149676854988 0.4423730808413186 0.41236612083940966 0.3898867419209708 0.39290554918036075 0.3795052906032019 0.37140909200983724 0.35089598310209175 0.3292645987853647 0.3213370514266609 0.30444655910905244 0.2840365649105364 0.2826926664854925 0.2699262710338812 0.26508867957992827 0.29739050304259246 0.3093893511768294 0.3062832676101277 0.3346756826329767 0.36907373601964477 0.38329202009013547 0.3844705375977049 0.3764747540577374 0.3491401565076964 0.35556346833118185 0.3602449663507267 0.37786808370338126 0.4175294366448077 0.4401791202629782 0.45431197053322425 0.46101246297757104 0.4836554494181317 0.5121614303967136 0.5303397580406829 0.5339703307005343 0.5424088188588784
0.5083989418071445 0.4776804460137428 0.48519361834799374 0.4703392916625715 0.48572488365940175 0.4722822904086718 0.47891592883938133 0.451357806788886 0.40954138555486597 0.4067585458570462 0.3904312818054488 0.37264644412603537 0.3591862672392667 0.3520769668340739 0.3742805550597839 0.3360130192194359 0.2969087063071853 0.3014101702982206 0.3032276307265654 0.2829650679573606 0.2793295364876361 0.3007579751633624 0.31218630667746095 0.30596770122967276 0.30628269272465203 0.3454895821355869 0.3456835454114525 0.3722060723712549 0.3605464599295635 0.354485018765634 0.33206193068532963 0.3367349073792526 0.360109123977744 0.3815872118309297 0.4367566542581977 0.4354005278360437 0.4755927520980891 0.47768675227504703 0.4885496611541581 0.5142542596154334 0.5153796821956688 0.5091388882126252 0.5199870707233393
0.5340958409532376 0.5027173781888502 0.5054306241414329 0.48155497168448647 0.5014663608206303 0.4943569789477471 0.4652279229587137 0.44931602765325646 0.39516959264119705 0.37935670741922817 0.40041059844406984 0.3894520088204407 0.3605347120835548 0.36967543509184453 0.3591415727219022 0.351110873402453 0.3112860488569679 0.3161278076412216 0.27796936741909783 0.26680269090435493 0.2594833019879499 0.2900577485260086 0.2842701416925112 0.29524912336705683 0.3054734767859119 0.3459535867899291 0.3537805357746817 0.363134816595191 0.35500978128181765 0.3688751661241669 0.3369202976322476 0.3596535733058273 0.3894443425945274 0.39445455540198676 0.4280743326293348 0.4529693176037306 0.4637722324542194 0.5034920613211334 0.5127844451848804 0.4889655532543223 0.5007104233713259 0.5376313675175411 0.5348574007890523
0.5311297377494305 0.5105155420829939 0.5006217779914194 0.5032915676316022 0.49234284844512166 0.4737322520603926 0.46415789665957946 0.4361621190738264 0.4135409955549828 0.378392463216983 0.374423548845275 0.386856984621163 0.39738551873673256 0.40258090296823235 0.37549106480689676 0.3378805388852745 0.3368508666140465 0.30921097128069164 0.2925352340484201 0.28269608495510273 0.2653630491812518 0.2857133687769475 0.2994609116429654 0.31283675116263776 0.31708700028823705 0.3443368762431527 0.3544730230843545 0.35600350800162456 0.36320594273055207 0.3534711341903143 0.35979290075069276 0.3837869492895033 0.3974169818727644 0.42156928473851873 0.4410998573918559 0.45220474692300455 0.4764315030781208 0.48461582163948724 0.5012113802481135 0.4886542665701616 0.5238349593314299 0.5280911964663905 0.5193709987085046
0.5386201929110714 0.5091479664945944 0.5009167607533606 0.4906723247916703 0.4876351983258798 0.48594392222167715 0.43293420788487086 0.4210441052567582 0.4345696471911385 0.40414954654598395 0.38499459131384245 0.3833356546695571 0.3912580269552418 0.39421584307335467 0.37322679640601997 0.35731226264679605 0.35726388285780175 0.30966877926082337 0.3189562829821688 0.31075352845723414 0.31032047622915987 0.3080049273254921 0.3150719010295235 0.31632641758355284 0.30011539741010645 0.31964235493236187 0.34363555125638223 0.36768103230288973 0.3855778917020291 0.3719894918436691 0.3842529732086281 0.3969277629387141 0.39580902227491416 0.41091761148708017 0.4397637050486148 0.4503665365192657 0.4537440488593751 0.45573342591582644 0.4850454924523604 0.4986706072684038 0.5071219459973525 0.5233465552171064 0.521462989730963
0.507091792130652 0.5239486713524253 0.5040191381395395 0.5083210884694372 0.49889597479717385 0.48326508522781125 0.4276974046506278 0.4308609242040029 0.4430468695466867 0.4363593354776133 0.4265666748979077 0.40407737891249335 0.39941295342688043 0.3700885308581087 0.35359228277654114 0.36703044323683154 0.3595911371441953 0.3197721195977046 0.29788794236381605 0.3054653408970593 0.31434576604221737 0.31128234821452927 0.3144034043489389 0.31085783869076344 0.299810406511443 0.34285347192614596 0.3759071348591396 0.3964215326170114 0.40541878754705174 0.38243926964516983 0.37053416198597644 0.41908259017615496 0.43357632579932187 0.4142049719165804 0.4415823741090941 0.4369814332916852 0.43484931940835175 0.4471206349832915 0.4444893197153389 0.47559072310444916 0.5123545435352621 0.5130757820921491 0.5113464429467464
0.512377085109464 0.50419889542596 0.5144230757638684 0.5081109173256759 0.4907340057550579 0.45590442387445984 0.44326566316450666 0.4069405716697743 0.40222542803261385 0.42548757329643294 0.4161922131383078 0.42938288326872553 0.401718771341388 0.3806325545944151 0.38557856893237274 0.37496814021983754 0.3841541543483987 0.3585841675486755 0.3174512086426763 0.31822009395029505 0.32679374298737385 0.3264383759372312 0.3453963478066764 0.34068016126347017 0.35709550037129 0.36868351034867647 0.36518992999867494 0.3897884610029631 0.39946941023719773 0.40090223944797854 0.38374898283092396 0.4024762082188934 0.42894579426803225 0.4186995173090226 0.4311392710481082 0.455086224410194 0.45613014512490513 0.43147934941351507 0.451039064575703 0.4822662091113761 0.517723857216789 0.5153720442806401 0.5046327437737165
0.48212292502794546 0.5020465930885792 0.5003988655118847 0.4920264664030633 0.45941291714123733 0.42371207295539937 0.41106716787417147 0.41918618866656826 0.40204075714895565 0.4004175675339654 0.4401375815406343 0.41931218080540744 0.4218972430982178 0.38097532162010717 0.3941519571956323 0.386712324783216 0.37477349071927485 0.3509435271808715 0.3333868974810774 0.3530545677475888 0.34826204737669725 0.33640245032915245 0.3263092778523666 0.3540833207483667 0.3821688057808274 0.36678068624291577 0.38086345041211067 0.37996028444639696 0.38842738568685065 0.3936690542313235 0.40699568487192417 0.40011535188810965 0.415027411251672 0.4208106197834792 0.44803367693500523 0.45043107308983626 0.4451160500277357 0.43106544970051824 0.43826468944248426 0.4839997394600003 0.5142869541269156 0.5011039784719823 0.5120900850298433
0.4792132776352043 0.4767362104919108 0.4818842647534296 0.4391273831835687 0.43335570338609125 0.4308449509388223 0.4053063616409593 0.3900708818210591 0.4018293220662316 0.38532535845596283 0.41121064914897854 0.4213437543904787 0.40030806119296525 0.38965463392214233 0.39046963085181735 0.36110340202035524 0.35497361821065754 0.3355892790488362 0.33802722697717885 0.3633168816419355 0.35686497992517524 0.3694543137772346 0.38263139114658434 0.40078156665113757 0.39345440806170684 0.39921149318736165 0.40183810830359684 0.3753130597169562 0.38527064016213497 0.38256528194536854 0.39227582895028906 0.41377659062480787 0.42638585407300955 0.45454513102992766 0.4545518020190815 0.4412942868498402 0.4236361455649642 0.44841284333660997 0.43239343863721696 0.44892372743037207 0.4814926729578176 0.5064791516294657 0.5225725657650035
0.471783771306024 0.45138126433978426 0.45121273042138654 0.4282099920794252 0.41339373673479873 0.40782870872015214 0.3737947493064304 0.36774699952248646 0.37784878386405185 0.38711527043398136 0.38694043105960446 0.39400198559742533 0.4172465681259061 0.4066261169518538 0.3692889688629278 0.3588203590379166 0.3368311387319575 0.3490827070689287 0.3598077855246225 0.38747428271674006 0.3871013751735807 0.3785556300779243 0.40731040144785624 0.42220053185395906 0.4245083303074656 0.39793887053178545 0.3925578800844743 0.40585446373400713 0.40032434375853476 0.4040330806388185 0.40431063595915606 0.4177428152931359 0.45622469509529057 0.4356625990354146 0.4391844189934122 0.4315113765468407 0.4179756039431224 0.43471639450093513 0.4254320493011913 0.46942094443241256 0.4828894308926593 0.5137320241112006 0.5315019981636837
0.46031681503996563 0.46387737208264457 0.45856943835670905 0.4265628961945188 0.4005080426462823 0.39719296268366955 0.3934423372494993 0.3737657176266165 0.36884333816472165 0.3818103900472767 0.3825639138168141 0.41564878599617017 0.3977782448780578 0.41450414390284507 0.39617967061322357 0.37729798123856234 0.35284058119633643 0.3392064139197979 0.37004694097964025 0.38306837148952927 0.39921749239204524 0.3912472065546777 0.4129421387817511 0.41749550153342446 0.41690792822298367 0.43623657527420384 0.4071074714744729 0.4124706986443977 0.4384936072720743 0.4380022729270094 0.4427533488357175 0.45338904291782056 0.4421308103490504 0.44834506022027565 0.44133462881309116 0.4415868402698198 0.4223346453566361 0.4083526552060227 0.4151151400276955 0.46709084621968205 0.4840031608481888 0.4792164294991042 0.4986706890864317
0.4724823794926656 0.46468177515500847 0.4305554306001882 0.42019933018545996 0.43340342365427353 0.4170791683627188 0.3936719601943686 0.40812144702869924 0.4054800552544853 0.42288708189109836 0.4150485680289668 0.4148612526562842 0.4061846914992493 0.39354830456709344 0.4097733545206692 0.3799501223201114 0.3792614377031456 0.3631674245420942 0.35233744749654267 0.3785480104961306 0.3682338055198698 0.38450250482726267 0.39332057851656244 0.4277574047087476 0.428191319571336 0.43894580663903787 0.4314279712504855 0.4299547309853915 0.4640044037754628 0.4433710164083698 0.47055801654684587 0.4675221231156643 0.46125062083073404 0.4546962566666438 0.4317903900342128 0.42638456441456996 0.4146699379805321 0.4185856468707042 0.4250140127116475 0.4354565239028616 0.46597675331179766 0.46377053875668767 0.48157466872568405
0.44355097921703496 0.44198554062650386 0.44090805852177306 0.4430538671241022 0.41886652906059163 0.4012287740136263 0.4089656552634053 0.4076010764628668 0.39654040113877875 0.42137573869686923 0.4012914916947948 0.4098523546821646 0.420883345338441 0.4132235726944213 0.38169392410483044 0.4008133843297448 0.39937630149694986 0.3753715166806184 0.36473627099857603 0.3724412715635581 0.3954487837941459 0.3767184038705231 0.37611821539051216 0.4034647544052307 0.4352612773723872 0.4279855268290049 0.4291092869797629 0.45613319914463096 0.4534010335078791 0.45680518841045253 0.4721652040151073 0.47229068967669446 0.48034257217520143 0.47818248897895543 0.4695391328534699 0.43265571246924767 0.4452484649879524 0.44752576708170705 0.45094918122924943 0.44727518574508995 0.43404362605585545 0.46951597338134 0.4832229038697034
0.46921002778240284 0.44655551149771083 0.4580228824555303 0.41996346104797727 0.41826708433955473 0.42169241000402363 0.42328982948916705 0.3975877011363772 0.42090823295050617 0.40439083145071425 0.3797344714073359 0.3721573360428267 0.3936943713163008 0.4116381176429526 0.3738813332860476 0.3814927249655081 0.38053361944427944 0.3823325838775157 0.36353644348740005 0.3837512371509597 0.39199409785525285 0.39495256999347605 0.39532493093026155 0.41519777742018893 0.4215743715502772 0.418677811543467 0.4251843854440118 0.4415316666601992 0.4560260400338008 0.4571467614820059 0.4749424587571845 0.47257217692302483 0.4778068433288651 0.477701495105492 0.4680537807498582 0.44610984039440277 0.472623150442766 0.452180398855699 0.4171947980337105 0.41104431471573816 0.41677228092399676 0.4409321073105114 0.46402247703302296
