Raster_benchmarking/continuous/raster-391.asc
NCOLS 100
NROWS 100
XLLCORNER 1743166.1954196931
YLLCORNER 5469281.781362297
CELLSIZE 10
NODATA_VALUE -9999
[rows 76 to 94 of 100, columns 43 to 85 of 100]
0.4688539287088803 0.48811147044346903 0.5234046187334258 0.5124183920980128 0.5398509060497803 0.5527530600692921 0.5569380421647382 0.5553518183886287 0.533663357549665 0.43365507790945346 0.4627254558217582 0.4549609597069463 0.4691577862421808 0.4230562098791252 0.4738726869528279 0.44666220950002994 0.4871531618870459 0.47563759317461385 0.4810353252575501 0.503198410796193 0.4611364859649821 0.4567410931530573 0.5100194857476852 0.5054502238437909 0.4969994195589962 0.4526243469488765 0.4775072161156238 0.5726559306678688 0.6140523091944595 0.640752627746229 0.6292897167355027 0.6329550250517098 0.649108544818441 0.7035623506653937 0.6965580970362544 0.7314472799277456 0.6894083518196826 0.6890411754804703 0.5961096266729274 0.5613165456443735 0.552346613343222 0.5885366901900759 0.5986393013092799
0.47744041765374695 0.4718871442639785 0.51774375507085 0.5100394439776882 0.5373027842616539 0.5610941006454504 0.562919429633821 0.5071698792367197 0.5233097782610627 0.4764348391915345 0.47332866971554033 0.472714869532309 0.45030939027865935 0.4168565676236457 0.4449500210215761 0.4237065177780193 0.4254807476082182 0.4568688953732963 0.43766247030694716 0.44464871080348284 0.4659969724776255 0.4883618570764549 0.46473621450139774 0.495832712973231 0.4765740467458527 0.5014447875876412 0.48919605063385074 0.5269377948454049 0.5922360667395139 0.5820992568657101 0.6384387508658786 0.6327797554330268 0.664462289799621 0.7002588673453021 0.6830505276488615 0.7349636172250114 0.7330594225032847 0.7001154942692506 0.6477162306195302 0.5796807457435562 0.5677474450170968 0.6133581867999465 0.5981813018228911
0.48361142427929926 0.5186963828968377 0.5212812859154556 0.5735827312432322 0.5408206365618957 0.5305856265403793 0.5504473634959905 0.5206686325393026 0.5297466112428025 0.5445164810497477 0.4955256996461402 0.508612680260153 0.465040200352486 0.47431997819523547 0.4046243386713017 0.3996376185609023 0.3998389571834182 0.4022315683023636 0.4372366134790765 0.4329827487302932 0.44899204558883454 0.4370605503749683 0.446461816153228 0.4170766353587725 0.48215857780435617 0.4858969333670766 0.4881175617267486 0.5391176711739827 0.5827946477394382 0.5814442797196028 0.5871294198672985 0.6216245048397242 0.6508874146214979 0.6303752465080662 0.6626653299518273 0.7030024915595618 0.6878615757597067 0.7177919917433315 0.6228909747638708 0.6045760879067619 0.6067921242902528 0.6389937437096913 0.6289914032337981
0.5062042343679962 0.5109725256040997 0.5730627682511072 0.5588009240813433 0.5464926110644431 0.5228889100711283 0.5148146360434529 0.516311792222126 0.5060552402457291 0.5446925110420273 0.5459015024115881 0.4916271766259881 0.45737691642903416 0.4641508493892823 0.4105954648639551 0.4107380154531369 0.39248685946286177 0.3952341006252803 0.43560977523013433 0.4609689145878071 0.43199838351285064 0.41952261157444115 0.35221931244828486 0.35197495104030724 0.4311687020320775 0.4157274953331894 0.49510879046926876 0.4869614328139225 0.5187976922344932 0.5044718397065049 0.5744683591362267 0.6035383103002863 0.5713826740858735 0.6068972081207211 0.5775111507099044 0.6666036532746892 0.6941146138562615 0.7152638712521237 0.6471514540859091 0.6001562745223347 0.607930125371706 0.5926172460075547 0.6255513985603371
0.5327715869466184 0.5736781768800262 0.5562233268837957 0.48964323486452704 0.5345521967524618 0.5035517568105122 0.49255301159450443 0.5135819846374751 0.5657955247421971 0.5639386022756492 0.506182255287931 0.4744815370437026 0.4795842825297812 0.4127222355702974 0.4597041413739946 0.4346003263321106 0.4374821957706251 0.4164925726660502 0.4530494629800428 0.41911261013919704 0.349378876110757 0.34125490171375994 0.35275051529593626 0.34136262714335985 0.4019033713919595 0.379867020672689 0.4371135878373633 0.47841274887751667 0.47900159319526264 0.4569818205498284 0.5267880323555623 0.5109148303987187 0.5482668283379458 0.5180284557437305 0.5548131002587422 0.5621570918976768 0.6555548736941551 0.6694292519197913 0.6489557781734598 0.5873127983007415 0.568054497054788 0.5712481675664693 0.6353432542833464
0.5473318293181425 0.5361487667572576 0.5352545249587695 0.48573201049685244 0.5031610330696108 0.5204270926619431 0.5355653997891834 0.5351912551201383 0.5837844587047774 0.6071179467287636 0.5565178924788609 0.5037956664372417 0.5130778320721952 0.5089972396946206 0.46592413707014957 0.4256171032632514 0.40552097418039074 0.4126668708718713 0.4286663641728018 0.38963338571230477 0.3352183656147587 0.3172578453973857 0.30637002950974657 0.30379267435365337 0.3851679880578568 0.417129240379988 0.40902590417063245 0.42087848711195147 0.47439651388551407 0.4828662467703824 0.45636223988800106 0.4906018778009074 0.48943576448961157 0.49567130788380265 0.5469298623504846 0.5943072704294147 0.5997467484857785 0.6441631807622021 0.6311836665449315 0.6347387327467501 0.5867581770121326 0.6164527276345575 0.6328240199904526
0.5223874713324509 0.5143435789079152 0.500099938512807 0.5354340421870851 0.5529230760632894 0.5353735271868285 0.5522647054628732 0.5466246310806191 0.594923677086102 0.5969392350304469 0.5789052729435021 0.5697858881779543 0.5378490866017687 0.5184214174628636 0.4835177667356579 0.4071999203226189 0.376492004865884 0.3955069596624266 0.4328595999154725 0.4014775252831152 0.3581043204900108 0.27922240708364543 0.27390572940649954 0.30332600521026887 0.3421829857709626 0.38299127189606696 0.4177446747363663 0.38200530419148127 0.4316064030338901 0.46052361241678863 0.428783215544181 0.43413951616899776 0.45036926417195866 0.5125031920210543 0.5608766098188056 0.5528437193099398 0.6317365359328619 0.6412977820661692 0.6378231870050108 0.6761862021038153 0.6537411992600587 0.6040175494928428 0.6142196487012889
0.5181270106044376 0.5124063343036779 0.5250135047607716 0.5258205184788785 0.5177677868798047 0.5322473689700952 0.5473364100439756 0.5003561903288106 0.5331705690373694 0.5721872127258355 0.5631935295296366 0.5473593578169866 0.5202385807222396 0.5276042526066066 0.47609467713579817 0.4601177532243937 0.39686692586909617 0.3992142438818464 0.37478929934750077 0.37777691731523294 0.3526014548774383 0.3097689682482058 0.2855244047217786 0.30998229095634355 0.29364244056872185 0.3479965479876122 0.3874791602233432 0.41574991123738664 0.4175900708698714 0.424495481705687 0.4315943538279916 0.4438798007995368 0.421554588581528 0.48949705927492837 0.547126771768418 0.5709725747025194 0.6218690163169942 0.6434641739144648 0.6788068365041888 0.670307790102556 0.6189530636588891 0.658804418223652 0.6649653537717666
0.47176903409457444 0.5302063564131547 0.5212818274085118 0.5178447035808642 0.5144223944948931 0.58082861678885 0.5529421122061202 0.5022505503408258 0.5066200948983128 0.5605466256393613 0.5928794079483714 0.5880401910517287 0.5532690499792015 0.5118473976534015 0.4829635100474246 0.47773702658425016 0.4418918732304071 0.41851190169496344 0.3396559801705079 0.3228080790384997 0.28351949386180386 0.2976734648817218 0.32809473842145 0.31538001623958384 0.3331193669697841 0.28922654544622595 0.3421043638208446 0.366310818933877 0.3956962851767149 0.431520418719326 0.4187904842916477 0.39737499474474547 0.3876510888924116 0.4602362911504639 0.5267469204908091 0.5640445745617853 0.5853417118492623 0.6538883234855758 0.631470402928129 0.6565527424177341 0.6489716826316336 0.6436716630008653 0.6817090076963039
0.48221691038569797 0.48393549055901214 0.49830144712550134 0.5120902772499905 0.4953712750556168 0.5390928094851892 0.5117118000468648 0.4895238555770298 0.49108856802230716 0.5359528342217291 0.555168814025665 0.5160675964474783 0.4661289614406981 0.4242352069522133 0.4428402616987604 0.432308076535771 0.4204949916837379 0.365567501717562 0.34352839158308796 0.313213984135945 0.2956881207391818 0.3050169032447258 0.321601588761865 0.2864122744276166 0.30076501497181735 0.2991596498961524 0.28709687959815944 0.35741898194229266 0.40346796478894664 0.45966775095154166 0.45185459248155246 0.4435161574549936 0.4069709782796631 0.4187701160471324 0.4895047963155474 0.5146017505337624 0.5605432542012695 0.5909178730581628 0.6267563911431673 0.6319005941047804 0.622594402361795 0.6708962931149001 0.6838162760957042
0.47424356358844105 0.4418141321038213 0.45647043404540666 0.47924298244737223 0.461629268562959 0.486760087318055 0.5253113574345514 0.5422622072287872 0.48701150401699794 0.4722703429764963 0.47310563030914854 0.48399444243627593 0.4494705305545671 0.4132085133229801 0.4092974373443437 0.38013677287701014 0.3661911849600146 0.3876266150224297 0.32630506322011954 0.2761370593474356 0.27964348353966684 0.30069096597576667 0.27006458199140687 0.28146377306371606 0.30088886656352376 0.23979369993847638 0.24230169705648805 0.31334825297765495 0.3667848986069862 0.4226040800337735 0.46208107842716084 0.4238137594912336 0.4119521224919376 0.4549486778764381 0.518109642340441 0.4993797859606347 0.5531492498038849 0.5442344018229565 0.6113526442067195 0.62528564476924 0.5964382964286301 0.6318994081651566 0.6697046503855986
0.4614140156358343 0.40480613032063123 0.43454901588776695 0.4296774128969161 0.47089942542317315 0.4774616750554821 0.47791300453228164 0.48977106684176286 0.48009829315247377 0.4887384972481912 0.4461171398908548 0.41501559004449595 0.36577423399164916 0.3228512240969636 0.3180582058355065 0.3483169490664985 0.34661888196261703 0.33980670417746456 0.28843896023448673 0.30035634273263023 0.26552993157086796 0.281014548484132 0.27016875277952135 0.24196627851838717 0.25906382233324426 0.2278628660736424 0.25540402436171433 0.31129815917949477 0.3466988591275751 0.41183079156747526 0.4342041830342801 0.4701904080324931 0.4499341491952267 0.4808169535005038 0.4904614357103114 0.5025720381592209 0.5603728453707839 0.5746813312534924 0.5493687933702036 0.5690674738384428 0.5932544422105673 0.5967654023994678 0.6131971692429805
0.44274846499370585 0.3826711273389421 0.3650221224695478 0.40850583487625913 0.44768089058989435 0.471411736043028 0.47567165891124547 0.45477676790661653 0.47521749147736 0.44634198633643657 0.43608837883028256 0.3974508634954585 0.3774555047530127 0.28303232821731256 0.2808725030805253 0.30296020404016755 0.26918235736296064 0.26858366804653333 0.264553428115548 0.30254095970295364 0.2685826977450544 0.19383365717642964 0.25868690128846633 0.22465313814695514 0.25973018302405554 0.2602782071356681 0.30682629188032606 0.275831186512031 0.3415579020376279 0.41434993176850304 0.4469059083105357 0.4537985592968518 0.4893074233213664 0.5609995442887407 0.5156300101756994 0.557682910789895 0.5520968603613292 0.5161381391274975 0.5204856550149622 0.5638926793506366 0.5978665643664028 0.6239173816444671 0.5994807017178362
0.4033707174881194 0.38692609606865175 0.3503165797446608 0.3586994773502918 0.4001846050722242 0.3689954271723423 0.3991468873213265 0.4103189177852642 0.41257216062239715 0.403840455988426 0.3789342273350427 0.32378915787892687 0.3452528486162139 0.2616965765987268 0.28854732685428547 0.26868156560860057 0.23075596298102016 0.2377034923702158 0.248652966816194 0.28398499798743143 0.25403151595027795 0.250680178261226 0.2329985183146718 0.24437739124494337 0.2794900499719425 0.3093781471527193 0.3241236727706161 0.3422381573539749 0.34498684126493717 0.4030398269914525 0.396812117932572 0.40064419541810253 0.4642578577962659 0.5435775509641991 0.5114327840419938 0.5365387385581192 0.5055754976541527 0.5077251178381614 0.5646735318391624 0.6204178163331959 0.6220713620337974 0.6654504462071146 0.6211867154632451
0.3528981938510998 0.36487744645878345 0.32509315134361405 0.35148811008652053 0.3260241006171162 0.3144253697684825 0.3647399939362873 0.3473684119905626 0.3431279913442955 0.384909342599589 0.35251430882007945 0.3032964503945278 0.3015278747833417 0.26087411209202893 0.2753690337763874 0.22260463412432746 0.24931188486892114 0.26364518533047737 0.25785303590751635 0.27762990461144355 0.2913092050906487 0.28636703123033574 0.2838299452978149 0.3038211873172648 0.2899405650435401 0.33038896505398946 0.3149581570605254 0.30195445549827554 0.323145448753114 0.32773261435883305 0.33274923493982655 0.3895978345196774 0.4099618227428999 0.5191439771704375 0.4946948097960667 0.4966275449314343 0.4742154446580902 0.5019346630585872 0.55691141264849 0.6384935940478984 0.6757773346099655 0.6710441002645243 0.681851640150656
0.38513590644490103 0.3833025678844714 0.3082304836263267 0.3048321179227251 0.3157182002640001 0.3190618301904616 0.2644247779408085 0.3185719464721521 0.3086345357767387 0.2900231842007274 0.2970971658094023 0.2641782600773517 0.2597589364737098 0.22702625886435412 0.2467614569448849 0.24863944600461188 0.2614266809170951 0.2539345536107973 0.2865991669394143 0.3242765999694432 0.2902304917617538 0.27669570183710585 0.269288193653708 0.31703444423271543 0.3238931252274034 0.36730239458062847 0.3302432615953685 0.3439940870336986 0.3673524847631656 0.32122267433331037 0.3277984277888505 0.3476043955557323 0.40370276687510115 0.47703327106231086 0.45917420839125445 0.4511312392531195 0.49377442886673883 0.5014463598809326 0.5619369137050638 0.643034842847022 0.6403045622009089 0.6866417281927485 0.6556750825507295
0.3665778190220993 0.33648434774387503 0.3233324924733769 0.25219204937222217 0.27704600120589645 0.2675378975744792 0.2810463742848983 0.2548404364426244 0.2554848828983194 0.22231803097023217 0.2201920506844884 0.22841171612496927 0.2081192795991577 0.23655661382883358 0.2810924906891079 0.2924189874483602 0.29146926823126296 0.28960782518198347 0.2894415622871492 0.33121374959025396 0.32527843308085497 0.2954161493316451 0.27216377499222866 0.24289394654804805 0.26250117661301753 0.346884468509343 0.3184962326312452 0.33752536792619287 0.32896510185887273 0.3715768915027817 0.3354374589268287 0.3459883360628913 0.3685338036979868 0.41896685549403306 0.43853025297526993 0.4445031245770346 0.5112305785322802 0.5361321506385139 0.5680565271711547 0.650425697291648 0.6580791613095766 0.6702689034879004 0.6783658073070825
0.3927729321134641 0.3430196897636852 0.29330659191404657 0.26553035621693594 0.2986948700425127 0.30648116946426485 0.2785965383971422 0.2612273519810508 0.25145605652708863 0.2551659379334774 0.21455915370283504 0.2310574564923916 0.23164787533202225 0.2700531766446542 0.2745004568942367 0.2845961845974305 0.2504219971109575 0.27067293407897886 0.31324294443244804 0.335278083230618 0.26433223987526916 0.2675683992497118 0.2890637521767887 0.24106450656233455 0.2559283372503904 0.3052679320375553 0.3226098251825 0.3423885115577676 0.3616143076788803 0.326052839505639 0.34755925140609556 0.35024759236305614 0.36308838022213125 0.4098816832617982 0.42083108639217415 0.46212554033923037 0.47917837853886625 0.52851868237189 0.5280484651281973 0.5611082826520591 0.6145531585216898 0.6771180745444745 0.6647574940291519
0.41263493471360596 0.3504081802894956 0.3140450667099621 0.26829197384132797 0.2525424596447142 0.297326134114093 0.28858443322413535 0.3094108849411499 0.2502638938257484 0.2099946053195872 0.21142577261717413 0.19174966286730338 0.207836526378943 0.2771375175257164 0.24180482244139145 0.2807037881751494 0.24934538581419238 0.23820823192974092 0.295141661518688 0.29570100588680714 0.23274735257164844 0.2510308340402079 0.27060135173070127 0.24584454403332479 0.2723561695401984 0.30300594971238565 0.2877837424687272 0.3276581304387283 0.36009300257727256 0.358548428826991 0.3985304046166705 0.4169498320392156 0.3864532353849915 0.3432000162789989 0.4096174621649095 0.4170072878296332 0.45252968198043586 0.4793366925405298 0.5317869512711609 0.5592936521128707 0.6206200392304779 0.639406300064683 0.6562094089043822
