Raster_benchmarking/continuous/raster-369.asc
NCOLS 100
NROWS 100
XLLCORNER 1743157.7454121124
YLLCORNER 5469278.095808502
CELLSIZE 10
NODATA_VALUE -9999
[rows 38 to 56 of 100, columns 0 to 41 of 100]
0.8440744691383444 0.8498542639895174 0.8365714682375892 0.8253932661239155 0.8320592317586943 0.7916412793440787 0.75092287226421 0.7453643002320203 0.7421649318710165 0.7637239397054827 0.785586121987618 0.785165426205032 0.7895374760842764 0.7712380446393678 0.731980563778546 0.730045422603146 0.7057559394299507 0.7012829713852947 0.717326293030488 0.7132663091490477 0.710307179544381 0.681602592699332 0.6641160419041582 0.6280584008753928 0.6111172998770102 0.6193367090428469 0.5911369750954562 0.5543607356462565 0.5347816002129555 0.5078925553445875 0.5136608034521296 0.5088891858357996 0.4822061380027501 0.45946368863915776 0.4551157429558504 0.4376986792567519 0.4238870770100951 0.42770556429130685 0.4359318063458782 0.40992047932223324 0.4388796655247844 0.4318542850893776
0.8670026496650964 0.865000800870587 0.8182453508441992 0.8123161248434997 0.797804742654236 0.7773577944262108 0.7564911491634011 0.7791898889345561 0.772199354763158 0.7778721863224672 0.7616185663791717 0.798922187267994 0.7908749342081922 0.7687236912851504 0.7710141930628525 0.7505600986008376 0.7487973558756901 0.708074303577541 0.7109530516072055 0.7368432660101694 0.7307354890280426 0.6803645318860558 0.6417832150077223 0.6272850279788146 0.6497731450639482 0.5945766857781785 0.5636365448097077 0.5705517053566844 0.5346012811911048 0.5137779190072708 0.49315052788563746 0.48352264278826346 0.44842002911964207 0.44024903365409335 0.4206564433418229 0.44040072538989555 0.4413690462386313 0.4223684742568481 0.39842261619744035 0.3878861660166522 0.3777653534975271 0.40392850803882935
0.8645270992546793 0.8643921214928668 0.8418733966241868 0.7978831083654797 0.8040151192520814 0.7845079799784875 0.7618867523558329 0.7659127863158779 0.7685353697309194 0.7606043645057651 0.7863654495636033 0.7794854016358779 0.7986891947878226 0.7651449450595557 0.7618947497921219 0.769010993539034 0.7895775967088119 0.7613917328414469 0.7213117206840739 0.7306657919142948 0.7301589347537014 0.6773481941316085 0.6338375551908368 0.649510021906709 0.609115065386987 0.5812820012977281 0.5705805742169253 0.5509961980540052 0.5370684515636623 0.47672742197575013 0.48264627706636304 0.44302425685687075 0.4238277276317241 0.41755015427349057 0.4040143951280202 0.4175031084969649 0.4012173202117995 0.4264261738737171 0.4039263151175143 0.40025635643031415 0.3984523108066071 0.3997628287965424
0.887280009701438 0.8547138244548816 0.8060322735507278 0.8061619180655044 0.7817942774734146 0.7768712847116418 0.7346990664809765 0.7467726174341641 0.78616474537328 0.7887616912589148 0.7685063787026611 0.7763896937894997 0.826751042453654 0.7565514547066207 0.7523338874697327 0.7782776776003559 0.8006982106900548 0.773041157354135 0.7153017739568358 0.7199702814510799 0.7393584048381775 0.6864075298029644 0.6239631432450373 0.6080805403213417 0.6069066721802492 0.6115049557948246 0.5921561460822955 0.5281016965412452 0.5071959925261982 0.47719843605977647 0.44823859845437375 0.4379018999073655 0.3738708822611476 0.396405044399536 0.38247169862392094 0.39500696719426087 0.4037812269813641 0.38418432070582514 0.4120908175272184 0.39175083630570273 0.367769509570104 0.37821380884012956
0.8314052455759909 0.8359528043784256 0.7949287496798597 0.7739754442013586 0.7724403690854178 0.7480787504981271 0.7483050951331202 0.7668833865272917 0.771820095278253 0.7494289200217474 0.7369376423948052 0.7713159363086599 0.7930467941343947 0.7710586433921314 0.7699575234200599 0.7466161816383395 0.749697027684163 0.7509478695276391 0.7063457014299361 0.7199107191423483 0.7091481945606012 0.6496889105579906 0.6248989107989062 0.5872334549929962 0.5751855233435069 0.5904204317800359 0.5489197133419444 0.5105197364880838 0.49397121103772723 0.4559306676690511 0.42833041956272827 0.4153700628123564 0.3784448637787268 0.3431850691478161 0.3350937315985256 0.3724992367753495 0.376535416636401 0.37764044712161476 0.373676586134126 0.3975181591861836 0.3840665710807864 0.3860752677975786
0.8082777810147445 0.7938847056111505 0.7897355641387572 0.8032054321893461 0.7898202130829035 0.760687621921455 0.7501737881865667 0.74582961356414 0.7622974168820539 0.7315183476253015 0.7474786322938167 0.7422984910728181 0.7299249210340394 0.7356552747345841 0.7262265925583757 0.7444860560256038 0.7657937780081554 0.760776124364181 0.7254055516992736 0.7012222256371929 0.6433371776722858 0.6129686142333819 0.6127508017081875 0.5948164797177387 0.5630422672197025 0.5783029993719906 0.5473733558575319 0.5024472721196164 0.45702796477569785 0.46185257040314226 0.4479515138444574 0.3921971770121435 0.33538968344939146 0.34656529052978435 0.3212343038033918 0.34282685773174215 0.364019857192676 0.37602364652748377 0.3777577260309334 0.35846336811161134 0.3728385782261822 0.37164248510545816
0.7991284194835045 0.8158886571753432 0.7998902704135336 0.7767967860830138 0.7651638317267456 0.7492119021204449 0.7119705978650349 0.6959258502206555 0.701652369131112 0.7349962545419924 0.7364708180390138 0.714775747089697 0.7134386496108639 0.72885357770949 0.7358782313724587 0.7267581106133596 0.7314042250627282 0.713455528602335 0.6836070561946523 0.6558790162301068 0.6563104695893804 0.6115067371794283 0.5728889152839867 0.5813945018162752 0.5491410387032664 0.5256937233412446 0.5207185239710811 0.5122381736791458 0.46062279102146253 0.4419040198202874 0.4383452448242789 0.3801031937580286 0.3601552348140998 0.31504592792615965 0.3229680757248097 0.34882936208217197 0.34465357466157726 0.3341605988585821 0.3618297369660018 0.3681292129624841 0.34623743019682174 0.34328759433446343
0.8144647561801327 0.7744952764373926 0.7951196890720462 0.7373396089950683 0.7350740593260809 0.7231025176015851 0.6901149076587816 0.703211771865048 0.6664728663977083 0.7121979043301965 0.7143418789164014 0.7120379288638522 0.748113043578859 0.7401897072387663 0.7105444466136498 0.6992051416298801 0.6610157011374188 0.6545395504311766 0.6508471949826353 0.6285768822414597 0.6363539788030704 0.6089942851166373 0.5444270161604213 0.5375364180172431 0.5241461389595384 0.5235865247563384 0.5413699384187916 0.5114866115617016 0.468924732788082 0.450558135245092 0.43247709537694157 0.3656518827995756 0.3354883730772895 0.31924147665967223 0.3544201473005044 0.33920189410193696 0.303959803755477 0.33761098214465196 0.3657457063870709 0.3275949071999987 0.2868140669832975 0.3209799744271147
0.7943677103959285 0.7505214471451088 0.7524530629026223 0.7293289292060697 0.6977057075564476 0.6870636232944378 0.6803921898174559 0.6961416778921212 0.6671033796923173 0.7006569348152897 0.7031890549501285 0.6965546411869799 0.7225789581227172 0.6922849853540857 0.6829323465217729 0.6748921206035626 0.6627623537838869 0.6061094702718363 0.5787519174080844 0.5973025706543764 0.6022574730934229 0.5650453834069533 0.5633176250779954 0.5231006744783057 0.5051077888987923 0.49873095995478023 0.5252061678742257 0.48363471284361703 0.4645533836665948 0.4435000014632342 0.4021697380379212 0.34248284324743067 0.33305335196203933 0.32089429744038983 0.3326237958629806 0.32577842907839416 0.3155016199343311 0.3447740926512997 0.33577212493228775 0.32117898688436664 0.32964818788673184 0.35030668071895305
0.755810822468366 0.7437887048792406 0.7108014989244616 0.7202959877481745 0.6939740190759544 0.695737842602913 0.692468059620116 0.6711959697692277 0.6761067759236561 0.6884987842741055 0.692976870077905 0.6978841019874635 0.6905040388387733 0.6676448255314572 0.6793135168131702 0.6567788820453566 0.620969692495841 0.6004250135320996 0.5438405153600728 0.5575091866558151 0.5229821288438474 0.5301119777825207 0.5335637943086005 0.5045855550231593 0.49674683871598446 0.4899918096078165 0.5048480509627067 0.4872547185153902 0.45836426061488594 0.4276652369504264 0.3916869154982648 0.3508675004231903 0.30214085700003496 0.31522528981288805 0.3151218700873587 0.32114948170364155 0.3317857603821907 0.3238778236498338 0.3420068926278236 0.328604201404001 0.3682912841558644 0.36032248513242726
0.7710082625758925 0.7585251903628644 0.7334501409869033 0.7113039873522464 0.6746416156705447 0.6727125544623856 0.6592204411994577 0.6442544772124144 0.6462292967956754 0.6529667947827029 0.6552589679429976 0.6743799472421887 0.6664691033484985 0.646948050812614 0.639142319974227 0.6091766390137794 0.5981112933629276 0.5485373576642127 0.5471692594453899 0.49679532900207113 0.5104054975349828 0.5028847003980264 0.49054953457214107 0.5007776427134163 0.4973676945235066 0.4941475547035847 0.49001683353762493 0.4672677543685782 0.4131474562889822 0.3858997695172111 0.38350612884670665 0.317066933964633 0.31149257445722955 0.29333921720037154 0.2983281462993166 0.31473175062241865 0.32503234449879226 0.32499240413756514 0.3356983758508885 0.3598067859816752 0.3487320370957999 0.36106491877640823
0.7489489323368037 0.7412963795907352 0.72990612274928 0.7113751308581122 0.6905406557592723 0.6510532092825984 0.6397276905245085 0.6114463600248823 0.609951621304659 0.6525324855413432 0.6700484184475757 0.6385542849092447 0.6516514635111708 0.6313021180267419 0.589375200106245 0.5661649880562448 0.5379923677201524 0.5358793104122177 0.5104451929433435 0.47673430562659774 0.4636092136978827 0.47687054944941465 0.44970016458095907 0.4594841528592714 0.4642097236256139 0.47504899135677725 0.4449140245871664 0.41951312221689896 0.4307760410106957 0.3703357107817689 0.35458322011947235 0.33500807463645177 0.30311851244607946 0.32410565697356625 0.2985861200463345 0.314574098313238 0.3581820606988716 0.3488352576192646 0.35982026171565457 0.3412767045538887 0.3686367071517803 0.38096760543548613
0.7136708948661695 0.6943601044453934 0.7043191726696822 0.6808463431823085 0.6917713286797925 0.662660837109866 0.6583378326054564 0.6384784710442354 0.6444761043449773 0.652736121686103 0.656279034310705 0.6362730606139569 0.6282765824954067 0.6074815970603936 0.5947893086912969 0.5314467701027462 0.506021794215168 0.5038550413034428 0.48825289612918704 0.43498691082784613 0.4412881352814654 0.4277222822794302 0.4282285664857046 0.42726957661871096 0.4209923161146243 0.41723850895595427 0.3976002705434922 0.41328733500791703 0.38590335831473427 0.3709268010564748 0.36006969317164167 0.3450466507981197 0.31279416024732243 0.3175222143484566 0.29278880644265376 0.3184773928077473 0.3396625781018746 0.33947615333050035 0.334473392402453 0.3333002548147638 0.33240423208382214 0.3630055044402468
0.7001895459872346 0.6683712463134492 0.6464129692008868 0.6829796124461291 0.6743270269773768 0.6466590646215431 0.6339530976687614 0.635650510426141 0.6413684230102304 0.617082871660152 0.6170091280586492 0.6227727341542282 0.622441913407328 0.6084471112977891 0.5656174025239848 0.5272917100998806 0.5083067506182413 0.48262836436768 0.43732512398923296 0.4177499488150186 0.4144382784224585 0.39894896542131525 0.4441183549490345 0.403384112221084 0.3535974466076192 0.34169343406009917 0.3400782438749735 0.3811593098115744 0.3583243323567891 0.3373434627417406 0.30198682076733474 0.31323738931855494 0.33654935300748623 0.31436550852941747 0.3130498928969039 0.33483587975961926 0.36167356897655445 0.35004012603910756 0.32009637209700975 0.3419278893512874 0.32627787668679425 0.31740040383922996
0.7183780994056265 0.6638622271235087 0.6429833033580942 0.6631066093633945 0.6159324195144333 0.6035210627969242 0.6271061942884466 0.6082674637784855 0.5804202326739338 0.5873459539579393 0.5759714911945567 0.6015087201111056 0.576718290567547 0.5701569202934402 0.5054176093680642 0.4777051787738723 0.45528546747799487 0.4668111503454536 0.44546713364273 0.4030578386410712 0.4396615758556851 0.40190412298738803 0.4022819351719816 0.3472739481057021 0.33216720253294296 0.31146611965506255 0.3311139223430658 0.32068831396224967 0.3212473184154172 0.308935972518804 0.29937542917441934 0.3422989756557843 0.3378692215846638 0.33739640637973844 0.3350424288442461 0.3233068531722123 0.3555869561774228 0.32831428289780296 0.3112345540892038 0.33498556955805847 0.34281984839512447 0.337342114794801
0.7058786995447683 0.6664825104684655 0.6577738017959857 0.6509657050809682 0.5927650127227714 0.5996531389993128 0.5961893516925294 0.5659774606528595 0.5525857159974902 0.5367050167673345 0.5521208158250923 0.5822649644629305 0.5488021098505095 0.5397726878324398 0.47853006530952635 0.4846527629766066 0.4501819343197221 0.4461773513752241 0.40338431912514167 0.405064589020535 0.44665037813820696 0.38664059623780805 0.38845595163695656 0.3174804180066472 0.28255537599312125 0.297467678126681 0.30915864973776164 0.28351917629404016 0.27444938729543217 0.30246678059340143 0.32841605458536827 0.3092866739771663 0.3111290243308808 0.2935543247884063 0.31274238869780685 0.31576042008017224 0.3209924782340549 0.3118381101374991 0.33758198253441785 0.3509003790125277 0.3531062220940605 0.3328185802180263
0.6883146275991702 0.6575858139384327 0.6334332275860869 0.6254189468805076 0.6099296144938124 0.5965102021556662 0.5741585259270452 0.5507419026515898 0.5649040998028712 0.5446130326463697 0.5393156950212912 0.5363855896135185 0.5130839112472838 0.5050298794923094 0.4551837309464359 0.4673346329487163 0.4465002269297143 0.40902211403883565 0.40149641836909883 0.4037495380166619 0.4152158583640898 0.36709344752311085 0.31530883956152517 0.29195937441892594 0.28779299222999505 0.29133189905373574 0.3013177794069499 0.2896226173319348 0.27637298469782323 0.2977299204775947 0.3032619265305367 0.32749173511152657 0.3310358889732413 0.29809140145845386 0.28002644191061254 0.3079269953485177 0.316734980261361 0.30903062578913243 0.31635355108891317 0.3374535498863552 0.33241983958874854 0.29181977715557805
0.7073899063384114 0.6717399800957918 0.6515535323308032 0.6150942113988214 0.6066007206844027 0.6133101571445027 0.5697220568149131 0.5231677034530572 0.5563000860037635 0.5542544860052432 0.5238239304491735 0.5053588010646937 0.4864884753497147 0.48606638015883086 0.42818663121493805 0.4269837453448004 0.44937521902936894 0.4106224473034301 0.40766810138521603 0.4142987199258275 0.4076831481871269 0.3367075355191501 0.3058069319109081 0.28960399097890865 0.26670606493380666 0.23536545757319718 0.2527438728380295 0.24748399235003338 0.2938574618856401 0.2586985928279375 0.2830487214404703 0.3078923041919364 0.30563396614707183 0.28520056718290765 0.24864889216687694 0.27953584981942786 0.2723671471898506 0.2979389262887724 0.29470903996125286 0.28632871378851504 0.29697813203692 0.2599408005315661
0.6880201452724731 0.6707376650136693 0.6645304113469005 0.6366939506884276 0.62545970728528 0.6055370973156936 0.5664348534857305 0.506814501258161 0.49451864530256257 0.5057276595898558 0.5039125901440705 0.5123336025113874 0.5021625993679809 0.4582754663467878 0.4393876020361623 0.40487145312505535 0.3856320327927416 0.40129162892871845 0.3957510041348134 0.3757066576959084 0.36566169711812113 0.3444051125468359 0.27367895456358804 0.263414904189056 0.24854319571123146 0.2129608622207082 0.21084968697890005 0.24260227667907475 0.25913696044153317 0.24232186454117724 0.2684109234083174 0.24723770807584347 0.2313621703176901 0.23400975627710913 0.2501625327184503 0.24647549298327776 0.258873008865287 0.24381437530134234 0.27045386953877126 0.2516071124808425 0.2668266100501173 0.24721345037371711
