Raster_benchmarking/continuous/raster-332.asc
NCOLS 100
NROWS 100
XLLCORNER 1743155.912990131
YLLCORNER 5469291.168941071
CELLSIZE 10
NODATA_VALUE -9999
[rows 57 to 75 of 100, columns 43 to 85 of 100]
0.48309980524615775 0.4638166934732774 0.41032486153728415 0.4095424337640876 0.44007081841330165 0.4249586240376226 0.4591233297635152 0.5085825776043571 0.5521652858022009 0.5699465935265898 0.6179368475543128 0.6710351211201193 0.6811224189251182 0.7138155205737826 0.7200041727766217 0.7280969574026752 0.7477018661275363 0.7589375241394694 0.7536680662701498 0.7470256470337544 0.7416254093917338 0.7070299787896492 0.6251633714661623 0.5999698208454327 0.5777863968882004 0.6470194028020515 0.642958791496485 0.6464365893737856 0.7287206092724008 0.6976677121848767 0.6895670402919596 0.7254199146017336 0.821232987423186 0.7893606347702405 0.8371066921852945 0.8000144209361082 0.7858708933277326 0.8290546606469263 0.8507600855755233 0.8656234886934985 0.9401689441730925 0.95477662434214 0.9427214660582022
0.4226623281558539 0.41107678856577656 0.3853077640423671 0.4145122304025829 0.4104729165694563 0.4465313140673607 0.4535518924587921 0.5177370147956447 0.5661897618095048 0.5625442731146553 0.5719077861973336 0.6079891470237508 0.6128206815169384 0.6310887771905437 0.645314443977233 0.6785090443835635 0.754721047434099 0.7576042560167983 0.6975496879235008 0.6914271057080068 0.6980635135599611 0.6597991605633905 0.6219148101697825 0.6157128601846359 0.5673205980446561 0.6132884609901669 0.618586725534399 0.6216992883311836 0.6364816905542208 0.6493700454245653 0.6610763638791066 0.7040067873842679 0.7776586710365622 0.816894745124756 0.7797081020366138 0.825248154243465 0.8158747728242709 0.8280867591293207 0.8508751986990217 0.9411001849714038 0.9661639788255248 0.9310327152302099 0.8987025313602786
0.3999038292890699 0.44456824422504054 0.44259011147735844 0.3863778299091988 0.3996054203468182 0.4022983445985466 0.4656194508016652 0.5007216580959581 0.5399849149087476 0.5880507417174925 0.573561127559457 0.56801199366815 0.638300952594852 0.6484953814602186 0.6126486983461471 0.6721961077739389 0.7285890666659575 0.7454128644846114 0.7243319515974462 0.6397797006164889 0.6241471098512755 0.6502667704269214 0.6500911948927023 0.5897246941888695 0.5731059799396261 0.5994366564441768 0.5762069376968612 0.5942733588148075 0.6035627117151985 0.6118660967030285 0.6549977032001474 0.7216498603410397 0.7434741239639863 0.7864763289833624 0.756084112612599 0.7912128359751112 0.8617288779686877 0.8507679511514677 0.8991370208505537 0.917379157537859 0.9570173024157179 0.9097204236437021 0.867221748154511
0.4148832795086096 0.4277086638339518 0.43996796160985585 0.3886136889554842 0.3639393694781725 0.3922626509725564 0.4491707940598625 0.4581232761693554 0.5007539889957906 0.5642782207802846 0.5837420534031866 0.5898121615600276 0.5569349665147999 0.6068765901092489 0.6096414193645205 0.6212581721298053 0.6760065416264149 0.6382728299076469 0.6757388825013434 0.6308351985457883 0.6424982999869923 0.5973412523833225 0.6416023612571927 0.5788858894436034 0.6058974094814943 0.572779785089488 0.5884321681455094 0.5685843491484234 0.5720933709711011 0.6321973920808162 0.6426454052155776 0.7063171876884211 0.7030597963139023 0.7400032320778276 0.7201721649160698 0.7467457902490865 0.8082771996146585 0.8044292558531609 0.8486410920859375 0.8840610007782549 0.8805831540119037 0.8526132001879726 0.8833261506709525
0.41855337567460493 0.38166673870769907 0.40499719073788226 0.40366050304080037 0.35992253788681844 0.3712885006935371 0.46054335578566274 0.475245978262563 0.49048206116310744 0.5007940673568467 0.55387257293712 0.5124031276135755 0.5138850278270762 0.576130292247721 0.5576680738294468 0.599792067579895 0.6126552567306577 0.6057608208456777 0.6155641877028883 0.6086348351767209 0.6212011860041966 0.5697165473398924 0.6064427343275611 0.5831285412457575 0.5801419840230057 0.56487718201287 0.5369013958992637 0.5584316095260515 0.5552460638973262 0.6095083050724004 0.6909526308013169 0.7091586324438123 0.7424956094423102 0.7439922940299405 0.7365083491421442 0.7368846559835308 0.7712573667782492 0.7791376997132512 0.7981470420322636 0.8195222112752949 0.7858996127196604 0.8387516612981223 0.8059982426806153
0.39901313522508175 0.35631003955500107 0.3543461147305922 0.40072199614119897 0.3574085908422876 0.4060285247915758 0.4224218181244555 0.514287488737908 0.5436138841224109 0.5119350284791581 0.5089011331486998 0.5199508119059083 0.5153802556023133 0.5406560062497852 0.5277337900727272 0.5884360572139 0.5945709778177027 0.5842906309109481 0.6155962266248638 0.6006219298795298 0.536298668898944 0.5399239350835772 0.5412588389552151 0.583022494679462 0.5396086594886053 0.5196853005530022 0.5516841741212061 0.5742803867859332 0.5529446172715502 0.6043087409858127 0.6965363784976569 0.6994816837874933 0.6832526577594532 0.6925431531216859 0.7053513637891615 0.7289366268842945 0.7803059061524582 0.7704682576720336 0.8001994450622428 0.8061159518358681 0.8070954888833229 0.7697933409130614 0.7768452177299591
0.3035163775253593 0.312816809609729 0.35710050266195253 0.360340035397573 0.3616490444135759 0.4175348791445706 0.4431194938386165 0.46513521345524866 0.5553514040883364 0.5238246930880489 0.4941032294916023 0.48945605749917526 0.4906532862937144 0.5163555882986381 0.4821884055926924 0.5224822880106487 0.5711442361492025 0.5609229410406734 0.6035851066129877 0.5436766713672037 0.522746976798183 0.5284494744005475 0.538297760857906 0.5705898566746572 0.49872129892587463 0.5696348296802147 0.5599256507743211 0.5589751916848823 0.5964168854232514 0.6214919132898411 0.6950613661981 0.655725734398656 0.674711260355108 0.6769147593452206 0.6775257675034569 0.6953574095955656 0.7550407797172516 0.7807258728991885 0.8210909479729082 0.7887538296397516 0.8038774297837384 0.7582873624138532 0.7961041149873014
0.34418977152509833 0.3124999215280005 0.39346111652102966 0.37053120404731804 0.3948270182198657 0.4161707256713042 0.44776385082062786 0.44731797005853396 0.4981878023851698 0.5243136397014563 0.5149870240870065 0.49612888807251404 0.4874846234221794 0.47959736770233685 0.5172865564510601 0.4987637375450218 0.5067496971550123 0.5918526983128735 0.60244830112478 0.5195703136957868 0.5257930039652937 0.5022163830430993 0.5495169270260855 0.5303289593461293 0.5445561151437284 0.5807070353608212 0.55533712834013 0.5969720705685747 0.6192891184997099 0.6614121524445186 0.6640520807022421 0.6786888460442769 0.6996188061485392 0.6976177366821957 0.6637352650231699 0.7121984857330219 0.7946997345955379 0.7793052990051594 0.8155302688440064 0.837258127986929 0.8445167579788342 0.7941590344387108 0.8040606028329493
0.32830096294826966 0.37719862462638487 0.3968441693530914 0.3966249609144024 0.337138291477575 0.3745496566163615 0.3875921883476526 0.467949302120071 0.5014998374077397 0.47326328244609267 0.4535432384081623 0.5001164001904795 0.47656484706943125 0.4941654299882753 0.5085233841190088 0.4991996911939136 0.4994761845212871 0.5476569565516861 0.5664612094483722 0.5114516740083759 0.4857902444657945 0.5175708814717258 0.5333020250583358 0.5606152998102449 0.5949679466845421 0.5673907797298914 0.5578896103253018 0.6221358052542574 0.6159795057499903 0.6113284262231635 0.6700656478981485 0.6623329175749851 0.6695330561096545 0.7206948266472551 0.708251336519769 0.7962273403393131 0.820328126264672 0.8094195642068698 0.7920601043679149 0.8000120154228445 0.8046220456918093 0.8596310476005506 0.8582825343135952
0.38324754940867517 0.40675425688377276 0.3787320934967584 0.37113542145967054 0.343514793939466 0.3950600345804906 0.4188962996571888 0.44489987230172967 0.44287141708882416 0.44110735530355727 0.47338447698341385 0.4622735125322626 0.4750341887798148 0.527740123712573 0.5350176106884386 0.4948805475785965 0.5294181383862844 0.5279188035667896 0.5396639657431891 0.5239743963155543 0.48596652101287174 0.48674881840145146 0.49607134625180027 0.5335272822705923 0.5667577129617924 0.5456939331931332 0.5658394016666574 0.5951398860689759 0.5916556957292574 0.5863026470788265 0.6429481719821258 0.6775979954846292 0.6868941641931475 0.7252440588771613 0.7782739549503449 0.8227709324345972 0.8457094363162844 0.8858309452847624 0.8466566206982553 0.8105193099659407 0.8219847400485397 0.8726048120692543 0.8196971214069352
0.3810566615151381 0.36684313710121846 0.4079613282034325 0.39062173227481445 0.4042685301610382 0.4559434704681097 0.468897647698212 0.4787780084918484 0.44383405084495836 0.4708196506504362 0.4735197443420279 0.4722372610702812 0.5400216328380086 0.5482393468432873 0.48728854023739304 0.4848419203320587 0.5124270201025191 0.5254615951259317 0.5040230211483612 0.47120167493697135 0.45430211339232557 0.46054823088833197 0.45005970598766987 0.49953293280424127 0.5792705000070192 0.5912470918332079 0.5857066764257175 0.6014077806224947 0.5559763898430743 0.5874282818565477 0.5820564034582946 0.6740301636617675 0.7153885809055798 0.763945809613704 0.8168694914103402 0.8631373265651876 0.9078585780391116 0.8706323788545492 0.886649028018184 0.8476571590977695 0.8723539464107463 0.8596592919184985 0.8287403556636265
0.4101649669138048 0.4023726562342534 0.375412571732341 0.43229419372632605 0.42839496915095127 0.46361517629015164 0.4899112355440917 0.43233129502462514 0.4511482968718767 0.4344006445484636 0.4599330201822154 0.5067304139508274 0.5411309885870361 0.5535349923493512 0.5007919658773173 0.5135082263328777 0.5237397685031884 0.5267669841453124 0.49627300244190525 0.4534132446076215 0.46869044471661714 0.42269156990514595 0.4261040896342482 0.4849188086468462 0.5288409660975433 0.5440542045590877 0.5340815420403643 0.5787548600882347 0.5455757144701813 0.5284133671153225 0.5675808658726098 0.6777593638553894 0.7549682965214898 0.7547725364589085 0.7621024176786784 0.8579569856579262 0.8611058807201788 0.8751293133255028 0.8714765983492705 0.8630718002446273 0.8806326079303287 0.8706442660539628 0.8559851797611298
0.3637141042857229 0.3673881006820496 0.3491938105680508 0.4361109178349251 0.45329744348745504 0.4583082220281142 0.4604298740151849 0.4655595392589401 0.40888620026031625 0.46076753738721365 0.4412286707685444 0.501021657782504 0.5426090632205961 0.513279301397339 0.5270648054226268 0.5060693387847659 0.5282334097358601 0.5180954467500385 0.4695168135692756 0.4639177872516866 0.44938800227864534 0.4456649057227051 0.4269501561769828 0.42684612877982164 0.4552296752350535 0.5406118267895011 0.55823372010227 0.5499148720163953 0.5188426995078499 0.5074045439434453 0.5842842496292499 0.654024283785384 0.7370329881791869 0.7281498533421423 0.7455822314637226 0.8307701803081109 0.8797180145092292 0.8708018717120495 0.9247327280960721 0.9343796303348485 0.8977737902460725 0.8750901571430456 0.8515527504518013
0.38069100163274305 0.35075148494405206 0.3455760255894843 0.38133976413410303 0.47983637746895563 0.49677287698574524 0.47164574167310364 0.48481970303700406 0.4501914835146948 0.4895731087446197 0.5166263382476107 0.49734071651034784 0.5061049724657625 0.5398384114082123 0.5508131934681859 0.528346241086482 0.5202690762051472 0.4664029816806241 0.4735468569766419 0.44890730634483506 0.43546380311098276 0.40108050597971795 0.4310704527829166 0.4808814414083001 0.4574891323586544 0.47290689750512444 0.47546032682428424 0.4910599372006414 0.5215174277835002 0.5365146868151479 0.5874108486076427 0.6299029508894947 0.7193333563984613 0.7571643714939196 0.7556968117082508 0.8231352505499467 0.8770437109241751 0.8883549584596292 0.9397639884162979 0.9451973721135426 0.8926080475091052 0.8738003550754633 0.8414722806888576
0.3653287669434383 0.3623026077273086 0.35401370173342955 0.41923874671596423 0.46846618011916086 0.4936703126884613 0.504622053654278 0.46536832054228217 0.47442457574876873 0.5238497548965516 0.533249832662302 0.5430933796518772 0.535536337777807 0.5357873526268014 0.5567486508733537 0.5445957218269539 0.4543882999106894 0.44362312264117476 0.43752147380506057 0.36916619708188403 0.34041654230892665 0.4199808091936033 0.4573384302041674 0.5036205174226197 0.4916437815011426 0.5117144365664458 0.5119608917242522 0.5149112770720815 0.5048141623915955 0.5517926062393104 0.6095202881465251 0.6642969311764423 0.7173229083237275 0.787302212393906 0.8082539498144389 0.8327773109745444 0.8465409588484106 0.8880194600917216 0.9537250534182203 0.9506463636641718 0.913002347090148 0.8773219653765209 0.8538654284460157
0.3761420112528932 0.409825484186102 0.3751606220624068 0.44871259146815734 0.42842810947702786 0.45935114926087345 0.4929149880486962 0.4711131153076578 0.4710156663653633 0.4989860117110866 0.527711842861086 0.512985727251858 0.5005050012944464 0.5198417229804089 0.534292781057123 0.5257668183214419 0.4597039583032079 0.4289907091760289 0.4274362905797801 0.35318030804601425 0.3301031414999183 0.42292997706640295 0.4394990496964216 0.45965266580898995 0.4706454034683121 0.4595052886595982 0.4913931431861668 0.5229020008167813 0.5287611405468348 0.600666409591603 0.6741161255252817 0.725133491722824 0.7066458807877196 0.7795541690564166 0.7903157919660143 0.8365860924356474 0.9008299721675557 0.9217864250079643 0.9206137273909275 0.9142630458672434 0.8908166180748028 0.8509085955307404 0.9047059914767059
0.405916588998137 0.38845263824653675 0.4274603783051614 0.44610668619186605 0.4356656993552088 0.3887818201796435 0.39618168379643104 0.4557198815615951 0.527410975396132 0.522806322139502 0.5544798241851735 0.5333398229132114 0.48634202143054184 0.48817332760457455 0.49847440237887375 0.4826834928300273 0.46742979614428143 0.3998562670732539 0.41036660016805393 0.36556073303465353 0.34302424256761016 0.4162424550599615 0.4692343989417429 0.4322426772793137 0.4388255058052333 0.447975751492344 0.4798447319896622 0.5095229004302813 0.5520664593508575 0.6153735326157377 0.6936248125617754 0.708065537069684 0.7394689696939859 0.8070994634581268 0.8390210631724582 0.8388970088254075 0.8595833822394728 0.920000663323871 0.8973925074508446 0.8869487433100001 0.8339351127319871 0.8437126057115483 0.8946217956246463
0.46144132332747395 0.40920408274719106 0.42473066229312795 0.4028268649912043 0.3848600394088284 0.37145438403839043 0.42336580122551754 0.47626696796818485 0.5439939223801711 0.540693948383286 0.5344112883643275 0.5191684716057317 0.49980312094015483 0.5049041105438036 0.5157503708286769 0.46338037243319136 0.44200386839034 0.39759720217334354 0.34398860623110333 0.3312780139559185 0.29503889564851593 0.34731235146574757 0.4153692114277588 0.4692191520942895 0.47823844991216047 0.5267595212028267 0.5093412502657798 0.5664526039129634 0.6263703841468241 0.6493066767071868 0.7122751352282827 0.7099208145769338 0.7536191629532457 0.7904356195356711 0.7767995983228748 0.8337067553417784 0.8235350073919813 0.8862250910843094 0.8689257584644463 0.881064264614381 0.8740545562515528 0.873273948185754 0.8397043562086772
0.4765119849827723 0.46770235407360966 0.45542024596429925 0.42788041541310506 0.37519949226613847 0.3692060752088575 0.4047872588323185 0.434873943615173 0.4948881908979048 0.5129800984721836 0.44617388641198347 0.4610684664764402 0.5059490431407685 0.4624583956412916 0.48189662451040355 0.4145682529273287 0.3464727656746141 0.35533066521461687 0.37203919237437527 0.3169012245648288 0.2925251821329011 0.3425154759386209 0.3607308395503926 0.4538768125439897 0.5235884196281163 0.5121092856027059 0.5737946528770812 0.5557729445872571 0.5997965387805171 0.640998576695665 0.6580489080291821 0.6925692172293458 0.730119322059508 0.75823376559269 0.7574141256363736 0.8097937802699375 0.8347734456138719 0.8246083763951463 0.8223095332298681 0.8507830721378453 0.8542152603152324 0.8917739432602265 0.8678177859032951
