Raster_benchmarking/continuous/raster-68.asc
NCOLS 100
NROWS 100
XLLCORNER 1743152.2539686137
YLLCORNER 5469295.463247745
CELLSIZE 10
NODATA_VALUE -9999
[rows 0 to 18 of 100, columns 0 to 42 of 100]
0.7066446138851562 0.7232356679132136 0.7195776231084322 0.6779476921780042 0.698833236477378 0.743366186231582 0.8391235418276859 0.8946867260242951 0.8848346827199661 0.8911175191115156 0.8472311446878791 0.828160718201209 0.8717790202794437 0.8629077932788856 0.8417178343015319 0.8473129845653425 0.8489971325892531 0.9116922405583443 0.9138365179398462 0.8893901030820945 0.885310719428428 0.9065693871927937 0.8992725297817116 0.8737869394901978 0.8864007852311585 0.8028932545939408 0.7949836525910827 0.7622471374633297 0.7101426119679971 0.7112429864330992 0.6730985686353976 0.6389203756476285 0.6010952136332814 0.5098293079636421 0.45396554686788815 0.4174677054541606 0.41185427028382826 0.40521674104631106 0.380666539181761 0.39527757445191997 0.3529350001414793 0.37979054881836494 0.40144190025441095
0.675202283057528 0.682178164328946 0.6749666247925397 0.7269848478091344 0.7206467788168283 0.7388608569471263 0.828380054028668 0.8545009308692597 0.8590985353489979 0.8323529462530272 0.8254681391907387 0.8270102973756979 0.8345551989685916 0.8643303338974158 0.8200127999911627 0.8236072840871078 0.825100638598164 0.8810711576118812 0.8766856394428075 0.9331737364102558 0.9153833971138203 0.8789227630360951 0.9089654925065875 0.872876929133813 0.8506765355734612 0.7770673797128106 0.8037131073127569 0.7497613890470481 0.7247609556598011 0.6812020795100461 0.6573010513360024 0.6347723118801432 0.5707328308753169 0.487062077184289 0.4240184949171547 0.4291269440938418 0.4296544033227905 0.3668626173668255 0.37639370299502073 0.35769413683979784 0.3761939223310485 0.4386249925134253 0.4556399912798695
0.5835840927505055 0.6618258655109498 0.6373680224244725 0.6489690694117972 0.6997364406770907 0.7475088118242623 0.7814251209605528 0.7868290909316518 0.7724941938219388 0.7769431201420381 0.8247326940600863 0.8109952212285153 0.8537383761159216 0.8647136576401566 0.8017185176287729 0.8252214221945401 0.8996042181447355 0.8364191414531109 0.8880460477888739 0.9120800885882736 0.914668082564067 0.8322012200626266 0.8511457553035995 0.8113379758011806 0.7732062285997076 0.7763038878092192 0.7895885491097084 0.764885601991914 0.7899573204699243 0.7055395189623072 0.6935872512976429 0.6270958389034312 0.5240307505751829 0.498330172053621 0.4271478487696488 0.38617420282587206 0.3965486450507135 0.39043187360977705 0.3893137096768581 0.41419213497296076 0.4397634004363573 0.4142804358905643 0.45552658176391875
0.601379659197997 0.6459568608148564 0.6128097057771029 0.6733172728895472 0.7029019646814356 0.7491191069344972 0.7970790787766248 0.8072818475020915 0.8220498586273848 0.7914667862607919 0.8713813270441874 0.8351223400911743 0.8244009572382668 0.8399502333916236 0.8051617286533607 0.8144733633602392 0.8366617822780165 0.8309485231328645 0.9175658475060158 0.9181840379877433 0.8662271319729787 0.8193772635496713 0.85338395632103 0.8112589199775259 0.7989956147545009 0.7815909260222387 0.7463625492586302 0.7554328348575521 0.7188574646445628 0.7532148783738558 0.7191336867039674 0.6324051712302535 0.5070737561643047 0.43739626191743775 0.4626288043313997 0.40120295311772647 0.3810299212289093 0.38686135006247546 0.42603051315671814 0.4357256410143601 0.4441643530762779 0.437338863706874 0.45975119795010516
0.6009061296729589 0.6144022880362187 0.6288717049616286 0.7193374213939207 0.750555138885929 0.7934201207392277 0.8014752630353508 0.8426767296746592 0.8200793056532885 0.803730510661297 0.8974843830366716 0.8378002130084795 0.8958538556719334 0.8887198322909704 0.8474853412317763 0.8113160693369804 0.8054011171546399 0.8572014933861086 0.884309276481472 0.8960452037918026 0.8385991520417345 0.8355482847822437 0.7912382238197248 0.8039317861627177 0.7647887342584078 0.7113410162829893 0.7492361656909035 0.7252484455768834 0.7265498168637056 0.7461445108050783 0.700652934691537 0.6252368310145424 0.478888684827204 0.4787379872235775 0.4655407412323556 0.44916588743048225 0.4554013023590004 0.38478619534338665 0.40037132085043403 0.4019364213842306 0.39689772451411914 0.4093823230341051 0.47158947122159856
0.6610695991896771 0.6988810464078973 0.6676901564367271 0.7074072663528561 0.7469577321980683 0.7716814612697166 0.755807551144429 0.8270461872021971 0.8567563282358887 0.8071379240364239 0.8117177208327424 0.8538711066206331 0.8444109428085347 0.8381401086945569 0.7877939187734566 0.8087146979166434 0.8221530643610786 0.8192455188552197 0.8321677386230479 0.8039755676847441 0.7951012556184397 0.7601045728072177 0.7254935067283927 0.7602013204468089 0.7427535683573177 0.6820715045217743 0.7071065565781761 0.6964759934159869 0.7214750139874984 0.7130378270760671 0.6543611483930722 0.5918354282128864 0.5484280022621278 0.47982940175321764 0.44593234554948674 0.4456146732111586 0.4103228609115149 0.36865781187386487 0.38995609143078264 0.3560376902684836 0.3713184925841399 0.3708024808881967 0.37784971551530444
0.7432430608180943 0.6880785375747448 0.7249907584177816 0.7817339329620573 0.808269774732542 0.8164802858365436 0.7599162879101766 0.8111287839899114 0.8271861213806753 0.8201228940348658 0.8027434740453415 0.8597091469588259 0.8556783196328892 0.8035213545242474 0.8026536607629695 0.7948171723760141 0.7637231298205595 0.8212511749728102 0.7972768437132933 0.812637967750049 0.8104649002880219 0.7711896406636809 0.7337882892550471 0.7306086305866981 0.6889505436894783 0.6563966206533344 0.6699135813202787 0.7164269975966002 0.6642166892053541 0.6490936226875282 0.6507479754869652 0.5411126753134299 0.511703366464348 0.47656468590737594 0.46842783844611785 0.4619744877816362 0.38960862160484383 0.34656688744189973 0.3666354803357202 0.3766062591379278 0.3447564511396359 0.37865142147761593 0.39012688419497515
0.6982407819239704 0.7220012958546261 0.7874195274113893 0.8171825890677478 0.7976164061103987 0.8078711636484678 0.8215186496648621 0.8141165403672354 0.8518469560099368 0.7923159026231453 0.815723520688201 0.7883591490510633 0.7979684024805109 0.7528336498374268 0.7575645569859687 0.7212484505892616 0.6952879379371025 0.756085591237881 0.7886421145088953 0.7873029788748159 0.731712535228299 0.7430085623488215 0.6712756058999214 0.6955781131405835 0.7065107278486445 0.7118373155083231 0.7072674509029664 0.693898798548906 0.6787491496894987 0.6980363080288047 0.6107728278552319 0.5621958347820363 0.5199889372414163 0.4825989349297514 0.4246817417805008 0.4245095240488573 0.39977234441219633 0.3673364386508833 0.38659525100439074 0.3150949542475121 0.3262358489551625 0.3329298588058954 0.360650363915806
0.7272843855458437 0.7123833420437706 0.7817076855771941 0.7765420309388399 0.8250467523644354 0.8111648992393053 0.7663204216133568 0.80122601200746 0.8549644903677384 0.7857561625449524 0.8183765885062757 0.7553228184364184 0.6698232293863279 0.7178470841534766 0.6355109312760332 0.6280807600980609 0.6446432116151692 0.7045479229803085 0.7581392409644563 0.7371079901370713 0.7103255406464387 0.6589568839377499 0.6400888063009365 0.6092954398328594 0.6363994170164722 0.6435369926363311 0.7009716474246175 0.680799870963553 0.726075451186678 0.6632685434168525 0.6023516136928941 0.5698224641479005 0.5745498859106988 0.5147997440275482 0.43806789146888514 0.3940962453427381 0.3910173315798696 0.3908079570587055 0.3849592824699974 0.3268750174294026 0.30766788826417135 0.3689809311514733 0.37162520762231155
0.6882261794347591 0.7215171012871427 0.7907158932435728 0.7635903367043747 0.7700245993081858 0.8168008490692868 0.809970595189059 0.8073416423515621 0.7879182997531112 0.8227681541079872 0.817943862755146 0.7783258579698963 0.7340461391889178 0.6630459621312219 0.6735753425437749 0.6472247009217422 0.6270240071316987 0.6655988917997394 0.7452041819710609 0.720085680389766 0.6889017149502643 0.6013236635288549 0.6044891923975002 0.5638646664549686 0.6003978852425366 0.5903775208254592 0.6250265139692687 0.6983789514307316 0.6957051967241495 0.6425790749089038 0.5912598327608872 0.6166848373452054 0.5826093148466774 0.4996250975813246 0.49608673965813094 0.43311017238366667 0.4329517896130445 0.3744362802990697 0.3581864394992739 0.3274143114617101 0.32039336308652383 0.35075434160285907 0.361045707606375
0.7081416825262561 0.7436381542933819 0.7558916272768013 0.7465211119987741 0.7933214458239677 0.8527286242168267 0.8806117055516653 0.844134278696837 0.8102867540693126 0.7471281604560618 0.7601948973535962 0.775033354944899 0.7568906314072614 0.7275200062369981 0.6392388100381378 0.6433377940808642 0.6965446231710106 0.7101243551139168 0.7010561240634551 0.6600937445830418 0.6106456862290847 0.5910150924249861 0.5524442435469838 0.53378448665503 0.5411829877427571 0.5738553062001235 0.6045985140417192 0.6661509521576086 0.6744515116687861 0.655147334770218 0.6379327007034931 0.5797431302509952 0.625598002112952 0.499841454259883 0.4876040000587879 0.4470323767963892 0.4227563690954687 0.35540295397491334 0.3345705829292554 0.3556347210972717 0.3010646150350177 0.31245808428372784 0.38764817316961825
0.7075526906775244 0.7606686986524102 0.7887953406275614 0.7941880228084305 0.8352895095484478 0.8176791687441324 0.8723980737857315 0.8426967933755333 0.7648057876606084 0.7474125303980493 0.7144114857461513 0.7723252098400396 0.7827967750453361 0.7301176525465056 0.6720753139611009 0.7279543076996466 0.723309395558123 0.7060673505811093 0.691202272873717 0.6388139188259906 0.5761151248472192 0.5731608662606189 0.5654004448935366 0.5605271061848458 0.5841222501743967 0.5872313086870474 0.5955972057950248 0.5940851099115871 0.5760343719409897 0.5976559126989205 0.6032367859153305 0.5857423226758394 0.5867818025015585 0.5168034033706793 0.4867328822580169 0.4521402702352588 0.47613482579535676 0.40714455984541464 0.3920109933441214 0.37090985448033237 0.33698894035041027 0.35587965881092154 0.4111981839033517
0.7058905450187666 0.8015396580919835 0.7968727818396921 0.8269368313877694 0.8638031140590413 0.8476446170237856 0.8698793697107317 0.8732292299499282 0.7923577949946584 0.7318083462112899 0.710151460622839 0.7271580252106182 0.7522549667456653 0.7358691367085172 0.729515696240667 0.7682422035020932 0.7155803003406459 0.7028202884414692 0.6919098532448679 0.6389757611629965 0.5236833514894934 0.5482787137270265 0.5852515871656938 0.5961310365870638 0.5648905846896316 0.5205695872177886 0.5447413745131153 0.5752251334851174 0.488466636644984 0.5091294827002331 0.5433127443127762 0.576535521203767 0.5695689461834151 0.499304354902049 0.4612632514690515 0.5059058286351924 0.541041596510498 0.43915160425995564 0.4382199111629474 0.3539366336279148 0.3194314665738727 0.3860528232366409 0.40308413182615777
0.7161582621676166 0.8057813158489057 0.7964630871666766 0.851332678090769 0.8491207138071898 0.8435602656797511 0.8735888539343148 0.8359075597021098 0.8176803176168366 0.7672103516772544 0.7450699557603301 0.7677374130220318 0.7242782974473325 0.7600597976499307 0.7146393460983533 0.7589244831405842 0.7261873820290153 0.6672563279338973 0.6684581496399539 0.6313883537794515 0.5570733246449906 0.5216622128333634 0.5809179482026826 0.5731922650340113 0.5500069518191903 0.5357596029219058 0.5335070549060913 0.5458834097960573 0.5009569410540536 0.5071730077546619 0.5713058523135298 0.5263293942754644 0.5601743903394952 0.5336648981269323 0.4755602651711015 0.5150066548092516 0.46196052460237075 0.42600947951641244 0.3794796125276604 0.40304601985420285 0.3595790370461874 0.3462062942419742 0.39546004921594363
0.783625581273415 0.8107042853755649 0.8010543588831203 0.8096589922953902 0.8636324028943593 0.8583899179160089 0.8751898730419497 0.7978568385138108 0.829256558044057 0.7761672040975754 0.7758788612314 0.7244564688688937 0.7208480765497589 0.7367115090651656 0.7527559771795496 0.7322141033499451 0.6890396429289352 0.6521038507037958 0.6568910181100511 0.6008003571683089 0.5486236218677563 0.4949792767717381 0.5086722757432176 0.5478384365787479 0.5745276093037235 0.5039313482839501 0.5128883674246989 0.530921037045607 0.537220977195038 0.5103026809614744 0.5638750960413358 0.5248378452623954 0.4924444558545322 0.5279911976915984 0.5002431498167905 0.4967033186991073 0.454428923306592 0.45204363760407756 0.37725332919656257 0.3937509636237634 0.33863997528480894 0.3645112849414462 0.33715113954647263
0.790581022624669 0.7916280312472341 0.8202277567316247 0.8172389252848242 0.8241647035105476 0.8793269029433723 0.8643108095904196 0.8015857211152437 0.8110756396699441 0.8196810430327981 0.7834779010044632 0.6765459260503662 0.6878550149562848 0.6956656778916186 0.6907386978055382 0.6907202605193915 0.6948188944672826 0.6338080784654664 0.6057998099420161 0.5500598713121974 0.5453178434171632 0.5461071724548597 0.4960338613272223 0.5007817613601646 0.5017937378195625 0.5363008352804476 0.5413463489232877 0.5653049806580692 0.5406551032655484 0.5525097172765746 0.5857513659073491 0.5754271136314107 0.5157140751463914 0.5001583787394158 0.45339268811221617 0.4521614236711823 0.48851394534088827 0.4895333023349068 0.44691656492680154 0.37336315322436053 0.3092456772784083 0.3171302535115321 0.3281264702366836
0.7243231009162653 0.7546830877206632 0.7818136374213088 0.8139377083654306 0.8786576855989403 0.8727857378452643 0.7978195800102958 0.8556573851219337 0.8272941493422176 0.8081886752556339 0.74623522805954 0.6944681751576876 0.6145877581779526 0.6719772751993947 0.6157004768121862 0.678593953944083 0.6748585828915385 0.6213587015596178 0.6165925509729432 0.5777032721413018 0.5010841130820131 0.543918391647114 0.5406448333529306 0.5546819247695387 0.5244084896511975 0.5361192792935173 0.5763522978309775 0.5563914680116265 0.5118803247714128 0.5832144781414788 0.5882027660371318 0.5638825961009727 0.5375740212826862 0.5367828090691242 0.4729200226941093 0.5008616861573907 0.5242441389453201 0.44793547827374874 0.4540834900888385 0.42269486476925117 0.3278969794552019 0.3352220641867863 0.3718250867528231
0.8129404856809915 0.7940268316503122 0.7883500430731276 0.8375649458276977 0.8844789546347221 0.8156969855926456 0.8247464239876406 0.8594658783027647 0.8620294371156267 0.8175793417164786 0.7287326071709475 0.7085285255691972 0.6209018944383569 0.6128669389239025 0.6259357430565391 0.6495566758029784 0.604740962987612 0.5775864568472082 0.6013766832739076 0.5532501170660116 0.543266820115665 0.5731029730160739 0.5250511795630992 0.5217285927942534 0.5189709679767847 0.5707251245036837 0.5786361231943666 0.5517075329470544 0.5302799794317976 0.5579617824242595 0.5861838086208475 0.5395544253492242 0.5598021486795608 0.5256748959227868 0.4877045301517808 0.5007284627809011 0.488328454254534 0.4690127169967689 0.4071172615330588 0.4192990860165968 0.38537484726405774 0.3889110246932227 0.36134287448662045
0.8597937961283184 0.8846356040358851 0.8886510202766338 0.8690393015438259 0.8612983643416873 0.8067623345849603 0.8173851907813071 0.796828806700427 0.851457203632548 0.8027065833042362 0.7835833518447116 0.7176905203861156 0.6715993140746371 0.6359149494249671 0.6169316391840074 0.6110491232905286 0.5660520635403166 0.5943597204410778 0.58152102780472 0.5415611919489519 0.5722702769866652 0.5951785506920229 0.5361355999132679 0.5664887571909895 0.5943046769649981 0.5172222348451968 0.5037269507590891 0.5409601824371784 0.5544166359577397 0.5333973045078267 0.5441176121853143 0.5626068799884743 0.5669897477435145 0.470644715170507 0.45474954958350317 0.48049455229007515 0.47435385840723415 0.4588977051698562 0.41507020077306495 0.4050950727600957 0.3961796536893498 0.4338134082186841 0.45069751221916843
