Raster_benchmarking/continuous/raster-320.asc
NCOLS 100
NROWS 100
XLLCORNER 1743157.8308343457
YLLCORNER 5469290.130831783
CELLSIZE 10
NODATA_VALUE -9999
[rows 0 to 18 of 100, columns 43 to 85 of 100]
0.6500955824033716 0.6505540673603136 0.673240911332258 0.6550535133119094 0.6918923056185835 0.6982361745755182 0.7779359193732908 0.8017351100592267 0.8352921854434202 0.9013395975569006 0.8683766511468584 0.8398553351214669 0.8490865593286441 0.8415155704960117 0.8658973703129494 0.8638896604905835 0.8411085056142694 0.8050997588783368 0.8590957156792917 0.9174788498812781 0.9247376132660574 0.9634731987359352 0.95531337788977 0.96890732793254 0.9750755845417366 0.9965252677075115 0.9574821504114407 0.9442094653118089 0.938611787274462 0.9552111824462124 0.9124815360740405 0.8951505583289575 0.8975311670067319 0.8827333892602928 0.8735256101794272 0.8741956502229512 0.8531383360869966 0.8228909422077735 0.8451282567319748 0.85424459734384 0.8564891817977999 0.8713083608353084 0.8448371669307406
0.6730226254837507 0.6878581999069961 0.6793600618867486 0.6884520956330501 0.7049786404644336 0.7410760528261605 0.7750909002791002 0.8135959468041297 0.8488835936693113 0.8404808958335707 0.8485554410666902 0.8665123205287231 0.8610920801241092 0.8392018844885963 0.8539559712010089 0.8346223264674897 0.8510008095304413 0.8314712334964997 0.8678198951744871 0.913003366421057 0.9152095414464191 0.9677784577491227 0.9869066463532337 0.9835796759144464 0.999524708755637 0.976624328131075 0.9523303384293207 0.965199463230387 0.9608288340901601 0.9705001245256119 0.9308726985587824 0.8904413223676806 0.8735917386711013 0.8955457066330568 0.8655099037234041 0.8762361746861048 0.8511736116740986 0.860487536631133 0.8229116461831142 0.8258286289555533 0.8491096009356093 0.8684573240389276 0.8192418537362802
0.673683082939995 0.6878081387948058 0.669401035983511 0.7009399165831397 0.6929695424092036 0.7421313656201176 0.7663806081109642 0.8126919158412863 0.8096472215616689 0.8210930259509932 0.8549893898264316 0.8658148626554744 0.8459035915655381 0.8666888463498486 0.8447789099654925 0.846974107720988 0.863530289102561 0.8698101183161057 0.8925822023199158 0.8835086984779075 0.9407928530973091 0.9715430407907675 1.0 0.9960264670139312 0.9724069117370852 0.9687637900334644 0.976863222287171 0.9654370888850363 0.9577174684684469 0.9493513094055195 0.9178224420256064 0.886408259091096 0.8777171806197328 0.8818816464485508 0.894825292012094 0.8803570121392248 0.8589227151962815 0.8742974641459517 0.857932418029337 0.8194957516032674 0.8153560369980478 0.8476972927353293 0.8228275235877716
0.7038129142097135 0.7052521529839308 0.6759518484881213 0.6765691630421521 0.6996294455484394 0.7168675193059447 0.7540265919769201 0.8061567855950852 0.8071345727105158 0.8260882706699408 0.8543668619625155 0.8561075422576983 0.8500775030379245 0.8489009357017853 0.8812795968785114 0.8938401860548975 0.888271615473733 0.8644607036517284 0.884353428560414 0.8972177650308351 0.9204833065076885 0.9396929060968383 0.9605369217056364 0.9792492634168339 0.9825621407948609 0.9616870403525997 0.960137338633456 0.9547970560368831 0.9264504987721744 0.9157087498647659 0.9153564560935599 0.9093378738908823 0.8730318647164174 0.8749303463473902 0.8657891081934224 0.8516196879680221 0.8505893514567338 0.866794159536999 0.8680928560588856 0.854378965588491 0.8302408043309946 0.86630962867185 0.8413052617168468
0.7066563681357109 0.676843096931208 0.6828562311386787 0.6734778766754164 0.6903456038152339 0.7117942609430828 0.7474396324193942 0.7682202328970107 0.7803341264592133 0.8000376275792179 0.807953698254006 0.851002015924753 0.8306679044470122 0.8629839880225469 0.8773871491002224 0.8826645841768842 0.8734351189839089 0.8795135725114338 0.8630660682098265 0.8587868825424041 0.9125507233682784 0.939957242476255 0.9439606307636642 0.9712951211607588 0.9653486054910901 0.9469298968972503 0.9393728210993014 0.9155324454709423 0.9059302482336005 0.9060922602661347 0.8957865521323622 0.896808616720522 0.86816936526186 0.8975781058528202 0.8892846686118061 0.8743713285440654 0.8637554989282071 0.8555089760237012 0.8387339290940139 0.8427455126697954 0.8665847739823922 0.8606487699744294 0.8470610152052452
0.6850074698582261 0.6771972330758322 0.7195193982639055 0.7011331709183706 0.6975419133449889 0.734882773271253 0.7403733028495528 0.7303194644719541 0.7487299446381641 0.752278031376448 0.7704793221596496 0.795772344852831 0.7933488953794975 0.8118434687594084 0.8096191659772103 0.8209467652810617 0.8601362248982748 0.8444739626503434 0.8420920261439157 0.8647680613510168 0.8587623202665564 0.8942058739981009 0.9213663025140649 0.9216074124130975 0.9545362828923115 0.9458384732521886 0.9381008467830217 0.923720448715106 0.8973327721373112 0.9194173167561083 0.9029583806466022 0.8907784835988132 0.8793019549250854 0.8701084600020469 0.8805636646161926 0.8601174046998444 0.8641752608187089 0.8340284851176498 0.8381786877015347 0.8385432497364215 0.879959568676093 0.8879698061762642 0.8496258292549896
0.7063472465582895 0.6985117982947207 0.7091016579525556 0.7446387743759683 0.7082663640399799 0.7285584836701677 0.7255079585181347 0.7167386117034689 0.7133031977595122 0.7506708577050482 0.7333986390573707 0.7578524868444323 0.7550327804601733 0.7698914669676038 0.7991925598128634 0.8018819007021888 0.8415758775797457 0.8703593059117233 0.8676731622776453 0.8377082092273829 0.8335856385537679 0.8537595105815656 0.894972115486791 0.8805521853914485 0.9415167724269521 0.9578245637036402 0.9376111227179448 0.9208774028934602 0.9183022048263946 0.9109854757833868 0.894166628538218 0.8959398122697493 0.8826685377107011 0.8779038058655999 0.8677588080208757 0.8532829089026354 0.8350846367973094 0.8310244098642047 0.8437892547820381 0.8509173231180385 0.8788372106107282 0.882532440565287 0.8363766431493964
0.7041816590960522 0.7228073375396777 0.7018598815795979 0.7101157456618804 0.747003459715484 0.7401785850213377 0.7219769272629314 0.7110795457050963 0.717332696423128 0.7194558143587982 0.730281731201665 0.7512294862550736 0.7342470653014228 0.7685553540138477 0.8131150998933473 0.8453821140881953 0.844117213933345 0.8589822053627038 0.8410647715338816 0.8271624318830993 0.8449406036646395 0.8311548571855437 0.8576128477889667 0.8837396023987921 0.8982401979058616 0.9394156345346801 0.9640300303328381 0.9508441500019712 0.9068998272732612 0.9075861463524222 0.8641066937347279 0.8562037297520363 0.8331263664278429 0.8309444975143674 0.8329421233702844 0.8534405926270132 0.8348869329750058 0.818303648779463 0.8203316205560303 0.8553982563304124 0.8677218674558559 0.8389241392359384 0.832844563389828
0.6997438206431801 0.7248254768000985 0.7030856546559754 0.7137512031986332 0.7459116754601046 0.7221358869853378 0.7045740532088155 0.6908781394466922 0.6820849105038207 0.6954886745174811 0.7224587395628516 0.7081277593125667 0.7483264632358485 0.785360891513841 0.7919353225048192 0.8365167166307825 0.8494214012436575 0.8168744839845946 0.8451040573763132 0.8557270725617281 0.8416861748737036 0.8237638405133715 0.8320661461890037 0.8738445752430716 0.8881679998715245 0.9563778269049403 0.9638476106427925 0.9416341595264579 0.88852073564169 0.8626118004387267 0.8669022710698746 0.8302161342975135 0.8270611599490373 0.8065202008660549 0.8353071841496715 0.8327820716789718 0.8163705633606617 0.8111029683568773 0.8119069794120155 0.8635664213954257 0.8600611261884624 0.8582273122800899 0.8206038939844427
0.7069633773049766 0.7136998430048302 0.7143627623385473 0.7094789250916052 0.7136443651935944 0.7436931512968185 0.7065781460106144 0.7281123534345367 0.7058952608609189 0.6838230083827508 0.7062631516869641 0.7156661611210612 0.7652241226648113 0.7729592005626289 0.7954678236098871 0.8027008493474124 0.8204628980473668 0.8323473879634297 0.8395344458573089 0.8305762333219658 0.8491070689974011 0.8315502910900793 0.8580425734754124 0.8818702587964846 0.8988956514918142 0.9167562804329747 0.9132183194074296 0.8976972770792467 0.8785673210704914 0.8654688871759626 0.8301018081259062 0.8205409802916822 0.8402402288045172 0.818578080283024 0.8026646251366852 0.8323572564496572 0.8337830649148602 0.828774932336303 0.8229381418960321 0.8471652484193919 0.8487324395535453 0.8510074264554435 0.8235326366465994
0.6776726631611285 0.6786193525314028 0.7126148249104411 0.7013133776818203 0.6955998563493427 0.7492003848970037 0.735824259050767 0.724129503884616 0.6965619561166916 0.6984991497171348 0.7049031415543683 0.7272157295653792 0.741561658862171 0.782684064873824 0.7918316973346907 0.8017756158660048 0.7968617695978936 0.7976029460618976 0.8216049301554179 0.8031635133472375 0.8298292883555267 0.8322788392979694 0.8534383451979752 0.8794861002008877 0.9000855195154788 0.8863014841114929 0.8866997378426721 0.884877704634852 0.8525144649859538 0.8429189401665463 0.8422046085147692 0.8653035351264328 0.8387054765474222 0.8221253345712748 0.8046632266419702 0.8012347868190439 0.828465763316694 0.8098405375435169 0.819267807709239 0.8473665000595688 0.8297257775179715 0.8476933695107113 0.8461960271293253
0.6705431817205842 0.6891334984712291 0.6948685694407676 0.7186291115317907 0.7005892838530975 0.7402228888508001 0.7268757922781869 0.7192944853617813 0.7220610951498212 0.7156686547980708 0.731042108748968 0.7331670115579689 0.7418193102814217 0.7651284705497077 0.7622995391427615 0.7747610835118995 0.8028916600065144 0.8016657007325021 0.8061561049873783 0.8238292044007469 0.8256540778018094 0.8107624366628606 0.8503876373044917 0.8807443819571602 0.8663619604343114 0.8773961552417967 0.8913991770016134 0.8726036957469386 0.8763393490630854 0.895164020810102 0.8871288979836965 0.8625643194116441 0.820110212854231 0.7972746701420699 0.7963853238764466 0.8206918178706349 0.8317414096561333 0.8272488739117448 0.831710065065603 0.8399948997122503 0.8448968777901708 0.8417080593313161 0.8563424748542376
0.6636879123238661 0.6599628316621668 0.6839210512741235 0.6946477118756982 0.7094085902663796 0.7206377294612334 0.7153659942891901 0.7415267216727244 0.7193108271872374 0.7227900973178455 0.7043746586647825 0.7003606709192428 0.7437155308635418 0.7649479645833127 0.7529616077105868 0.7652418884828815 0.7656376097724837 0.7898262673127889 0.8154188626318891 0.7957256588406515 0.8074109481409857 0.8085957258639329 0.8154029015661683 0.8485030519947533 0.857248860405973 0.8558838170502672 0.8801537226115806 0.8804049595777044 0.8968886012086291 0.8961176198087767 0.8692669198549619 0.8793284076595579 0.8096058357244309 0.7847990185231501 0.7940194103298391 0.8043686266888751 0.807352160966447 0.8401912736445587 0.8536717108003763 0.8263385045437143 0.8385145329042393 0.8664223525743566 0.8379060879806374
0.6737911313702788 0.6803316644029326 0.7112330240380286 0.6882697526993429 0.7118521972193133 0.7156235925131194 0.6980994093179004 0.6929926423300233 0.7008658966957378 0.7171595509673672 0.6954226755122505 0.7125491833963851 0.7084474716924144 0.7685169842015867 0.7691068335462816 0.7661424588045576 0.7754250330504909 0.7768311684345699 0.8118754939459817 0.7852017407131274 0.7965879999862249 0.8198343013261226 0.8219739224420902 0.849843544698375 0.8311123679268227 0.8443097234713887 0.8610458682190013 0.8856667347464242 0.8830622839272659 0.8523618736269561 0.852994864089731 0.8599094402248629 0.8180144792076284 0.8015688576668292 0.7902810204131805 0.8142977184802858 0.8008797199290602 0.8341153810351983 0.8305068482085427 0.8521598709513396 0.8558865683269561 0.853132285878445 0.8315015060368043
0.68700425439917 0.7023957407742554 0.7262386305503824 0.7197320608841811 0.7213858731687958 0.7133060563710681 0.6870592590717928 0.6832961367298785 0.6837785767938268 0.6702230333308714 0.6644466386122345 0.6918528529400709 0.7236338797531902 0.7580787293395093 0.7700539974654049 0.7734396935837401 0.7491251008756522 0.7888865817169871 0.7747356668579666 0.8088729589443961 0.7948735414166844 0.8424170264420411 0.8299207460483236 0.8156961421860351 0.837304710767538 0.809301855249138 0.832210770790597 0.8558602765243344 0.8533176178233814 0.8608018415278325 0.8658999079354522 0.8456963930180526 0.8217284786801813 0.781776786370675 0.7853006713630294 0.7782629703777787 0.7883053702900145 0.8077569063589208 0.8066462094019984 0.8629239064654227 0.8411328551197792 0.8480537746496638 0.8617996844474274
0.728813371190733 0.7482036490467857 0.7216436503619685 0.7004080490207745 0.6698434278342312 0.6946344358064706 0.6867768225484627 0.6994173898592794 0.6771450543855084 0.6990387335037995 0.6823790529272742 0.7123199612871148 0.7187352338003867 0.7156091358165295 0.7242287639773214 0.7140343600246394 0.72199658855587 0.7353243903687507 0.7507837922764395 0.7915175123889082 0.7910743776231758 0.8182222369461005 0.7980075065822136 0.7929182216908853 0.8127566411786474 0.8200641122026235 0.8169896799583468 0.8203802025051744 0.8291334213207467 0.8458473977315875 0.8339641700783479 0.8458848410704704 0.8273904524346589 0.7924440981253268 0.7737058488559948 0.7935070866942228 0.7801068948628622 0.7877000744565728 0.8044068969766823 0.8359294423067312 0.8445211948067893 0.8649365667128304 0.8593121521112298
0.7431681629026018 0.7541788178558126 0.7284479421601301 0.6697255077099034 0.6442912710149022 0.6560580471186064 0.6802743014502421 0.6971422538702509 0.7098406751171601 0.6982801709771094 0.6849259114158949 0.6781726514517004 0.7258573405225899 0.7206920262974165 0.688088751442796 0.6711531852606165 0.6865806860991248 0.6880516585791562 0.7422720557203691 0.770195510788729 0.7943878555301256 0.8063033119998811 0.785192786199058 0.7638302624374381 0.794217824527778 0.8310226717873889 0.8124688738420017 0.7769156100507578 0.8037158333034563 0.7938769480784837 0.8126601325983922 0.8321691399013096 0.8194729962799706 0.8131698257123443 0.7845720960392025 0.7708491668690525 0.7538128194157242 0.7750806981205753 0.8116870694504354 0.8458177674640855 0.8541939845385274 0.8680262007020056 0.8262649595543282
0.7167133001731565 0.7017106536319175 0.7144249522688914 0.6645830778020487 0.6535016273136581 0.6743980175698674 0.6868818859843101 0.7027355145327535 0.6869794763472465 0.7131354524281157 0.6971926280654861 0.7177143628720206 0.7191455288791037 0.7119413814683603 0.6655601676144863 0.673327361788184 0.6762203586411649 0.6907823753822988 0.7011968191334735 0.731824613366651 0.7357678112439028 0.7510089579634646 0.7423586626874259 0.7649831659288343 0.7607029936186327 0.7653224820505099 0.7543921649439482 0.7721830000803548 0.7444517526944134 0.7385614234935842 0.769952642722554 0.782876040324173 0.7983817991607912 0.7982106623653995 0.7655082965690487 0.7497147209088416 0.7642734701439965 0.7971099696161341 0.7776276699915943 0.8147976690088632 0.8168095074185288 0.8519686658628659 0.8452125270377888
0.6950588811530244 0.7037412336008305 0.7120336286994388 0.6873024043217328 0.6746831274001952 0.684070794796439 0.6732043629832102 0.6568141990952074 0.6706724659211925 0.7028595521430148 0.6833154776952867 0.7117850778726647 0.6945885815554446 0.6823520822356122 0.6720938440596834 0.6387108956257626 0.6491534354254627 0.6364902591151046 0.6847550816741794 0.7136194499786073 0.7180276648211702 0.7203872886576304 0.7349782696041512 0.730544184958384 0.770630289703286 0.7532116645975322 0.7556171567601125 0.7310099305925316 0.7143943375987678 0.7305403255406702 0.7567437357745286 0.7779927144644826 0.7639353660399754 0.7558835900121881 0.7764659965744733 0.7660601832230152 0.7574399155400506 0.7964379289430512 0.7638588495276392 0.777381864263101 0.8017670747953607 0.8352415533301142 0.8024723948235329
