Raster_benchmarking/continuous/raster-374.asc
NCOLS 100
NROWS 100
XLLCORNER 1743155.9249025695
YLLCORNER 5469288.504715347
CELLSIZE 10
NODATA_VALUE -9999
[rows 57 to 75 of 100, columns 43 to 85 of 100]
0.32194849075314635 0.3378086780606482 0.3467087251816935 0.3284443289107907 0.3371215357916843 0.3527582136996878 0.35383141406608765 0.3721050695207502 0.3637602523285543 0.35376564769412944 0.3215118170907083 0.3261571434538442 0.31251459518457725 0.31026128833974154 0.3205910645003509 0.3384713719282886 0.3541327638713582 0.3731589031614356 0.39959398347162267 0.42749559766779277 0.40128350875703 0.4083111503832054 0.389167374986679 0.3970710655637169 0.3861771321224268 0.40139970410844034 0.3815086973260491 0.3757104477236591 0.373675747258789 0.35540474518684484 0.3729580942000813 0.35123476466251863 0.3647977411544355 0.38317505621783504 0.3926616861041802 0.4013391535146244 0.39621377008801445 0.3905664031698694 0.3837399476559635 0.3892712261708928 0.36770520570098064 0.34619454606105454 0.33456806669512773
0.33087286461136267 0.3180816457941018 0.33608341015074483 0.3314750076759294 0.3196793751563528 0.3426939526780069 0.3325061441371284 0.34947369346529833 0.36761182245482343 0.35204977735792536 0.342901692187898 0.31621742733604946 0.3169330587185061 0.29484698387290126 0.29832171342198843 0.30819794245277926 0.32892168882435713 0.37400578587542355 0.38168754802330224 0.4220984834856059 0.40097044700744966 0.3952160211016888 0.3810970463668057 0.34733775845061793 0.34590065559647765 0.35893581974071487 0.36759115113957014 0.3791512373927495 0.3449084068906547 0.3376490740588208 0.35404679491788893 0.3423022219185098 0.3552630558548277 0.3820773196478192 0.3818366789273753 0.3701395445101384 0.36262580869689054 0.37947279280247015 0.36491306351799785 0.3550235629755679 0.3515170025178056 0.33041353641554994 0.3449713580141381
0.3265844742818859 0.33169954378761485 0.3230669994612567 0.3087528850628338 0.32192349508001805 0.31680225369452025 0.3358062191073806 0.35157671476086627 0.33598797709323114 0.3292449281641492 0.3362499682518371 0.34154946659318697 0.33771323000658443 0.3277226927828358 0.3067871940816166 0.30856116196381145 0.33254251254883804 0.3495647034844655 0.3818022556822387 0.4000918533177272 0.39656402079251235 0.37017463235669956 0.3667153589635572 0.3385159458164539 0.3389544287686715 0.3485577769622279 0.35785319865121173 0.34346020044583586 0.3390424220565038 0.32303199152682444 0.3332125785496132 0.3320741317547877 0.3277747769577517 0.3315336422125316 0.362606344410767 0.367967417206131 0.37302700723142723 0.37341122118016284 0.33933687263558115 0.3503949399389299 0.34216728290392556 0.33002494349898237 0.32433694659539586
0.3103913261330211 0.29735972879701794 0.31315294072471817 0.30931693710149166 0.30854612728296826 0.3101539087772314 0.34371903243226015 0.35575755024420164 0.3221451834028721 0.3220930584136207 0.33314526232222413 0.33160845590098775 0.3346160126073355 0.3374878892969546 0.32383944283094435 0.3033052273552103 0.31285610455967056 0.36353540778437576 0.3614430646515126 0.37186620459972053 0.3679005621962928 0.3749996404322572 0.3554537693495096 0.3303684715005481 0.3317850523720655 0.35217335417691226 0.3552384480478767 0.35290245841270995 0.33720183818043514 0.34207019969021796 0.3324348325203145 0.2991801360557632 0.31208796623243007 0.3143818990775753 0.35590826711591145 0.38489312638058587 0.3740634611534159 0.3415917545085949 0.3382901693576276 0.3334794041038919 0.34365544726067837 0.34619527577202897 0.35303273227989806
0.3125536133844349 0.29132864019636234 0.30099434193969676 0.30286718527180734 0.31781014675871183 0.32714663388335974 0.3087813761687219 0.3359142639421133 0.3344802444999115 0.32287241196335076 0.32925950086054695 0.3306480224630076 0.33467962743295904 0.341586227063601 0.31314146699608203 0.2933725332080476 0.309935670054422 0.32614190367539453 0.3431281228997547 0.3510706066088101 0.3636369037993622 0.32991010044900415 0.32649102860592044 0.34209073920191607 0.34486343022068167 0.3533344925421659 0.33514485910196684 0.32229090605103644 0.3161016611016134 0.33956657590009554 0.3317419557647544 0.32573390604874575 0.29378303103026376 0.29502840250111434 0.35450418533088646 0.36819999383122215 0.3634000312896522 0.3452145635516632 0.36433940450949537 0.3551741165326304 0.3472460223898267 0.33921566465702796 0.347592116578676
0.3277052910333715 0.32392332369942267 0.33807317159349626 0.33926571740473094 0.33348503547359726 0.3221668269373592 0.30983179956920737 0.3106427035007324 0.3324985219064838 0.3101029928187546 0.31874182493828757 0.3126486145653134 0.3221073807422643 0.34743071437997947 0.33378174229641255 0.29333970845052704 0.28573992375186 0.2999299502438989 0.32307762875449925 0.3315712436344493 0.3170132305997612 0.30597797298096324 0.30477740946945353 0.31785509754398716 0.3110719982033764 0.32827373496311596 0.31892619403033917 0.3110808419540766 0.32949775346160864 0.30740920958683093 0.30822838419483684 0.32851828932548927 0.2870795217715794 0.28392312907385436 0.3200259604679092 0.36481091189705345 0.37327298532206105 0.37809120167604743 0.3817165792996422 0.3488751345072535 0.3662481371063586 0.3507520268019112 0.3538363688388131
0.3189032353212785 0.3219430356284562 0.32830996661261236 0.3156743935744659 0.3090480111106855 0.29071481286084705 0.2911135767070629 0.29165781676646435 0.31577502191752804 0.3120547139133687 0.3039987919255141 0.3008425394062197 0.3026678704496421 0.32568534367894275 0.3221543856694278 0.3015914065776602 0.2978747902794196 0.310061331143617 0.2973616570481905 0.3356758908195927 0.3280176519749024 0.3171265311867718 0.31909848331056306 0.33572715847174417 0.3149925502113723 0.32036578465311594 0.28880805139123417 0.2928192452434331 0.3209380571290597 0.314796719522325 0.3237377149771065 0.3141087945988372 0.31019296245914774 0.31012108655135595 0.30414461432337164 0.3349410547154037 0.3490543986544304 0.3544964970708275 0.37176615993616574 0.3644087696508792 0.35007270950123925 0.35921207266524285 0.33468439777804515
0.31282592427340494 0.3150191754329171 0.3111769581269164 0.2830237416045409 0.2860598189885201 0.2683155148988496 0.28454125634335964 0.2995919617762004 0.3063477669688361 0.30081110890833596 0.31926724549669233 0.303516836336429 0.2961232556115891 0.3146868999462627 0.31625896053901603 0.3374986359337448 0.33385664800705694 0.31434547053714995 0.3314478278350849 0.31506345302400895 0.3120302640402288 0.30098652144430443 0.3322944330629384 0.3290117115614644 0.3136729177109729 0.2893512637324076 0.28666204184987754 0.2915265030058777 0.32381668831404525 0.30399268202785024 0.3212562674476684 0.3293427867722874 0.30984672041603945 0.33146921664714984 0.3197138787315697 0.30187466978720706 0.34204832989870587 0.35915757738855386 0.37222028253287054 0.36108321691628537 0.33145486195354157 0.3299323186194844 0.3480158538086457
0.31110678953028453 0.29175595927488707 0.2701253913380395 0.2752260779881421 0.2712224950264952 0.28820305016337183 0.2959964251146879 0.2878184465335746 0.2920436790944064 0.3106472352498628 0.32145269300816803 0.31468724342947485 0.31264755611233336 0.3041729407336996 0.31525196491888197 0.32031214878409564 0.3242020665550582 0.33982918294763037 0.32845871915618435 0.312029300085117 0.30917249083278986 0.2905295974288002 0.31142501552187496 0.3145346973560246 0.3160224750867563 0.2941172313158091 0.31922366994465934 0.3206143216469573 0.32597780031485674 0.31576567217877066 0.31440799118427426 0.3197630179252849 0.33031649273637553 0.3378729603668297 0.31166346547982043 0.31029462789094375 0.3447841722676083 0.33816357151716064 0.34375469934155806 0.33036772183046026 0.3318920552800713 0.3265461374514507 0.33235677969539046
0.3275084097927088 0.30304341161294557 0.2920165406833175 0.2485161050174638 0.26500618285686584 0.2731547259090264 0.30863874183746887 0.29818274390598154 0.30769266290184577 0.3257110945047782 0.32693201253985116 0.31924689014372254 0.31346356181065116 0.30754808547094625 0.3135515851012547 0.32289369396301076 0.31144162087327276 0.32136699859297174 0.3191961031278222 0.30812645300608005 0.2887832506662699 0.30476677437844657 0.3041814277142024 0.29942909457333833 0.31256079355345506 0.3100277065764713 0.3277434532092556 0.3244568456670815 0.3404619930500318 0.3221825120587439 0.30588376258627525 0.3378295185759557 0.32322493008098857 0.3340487443386415 0.31105236371958733 0.32404561506798124 0.33183258978028585 0.3283015749491238 0.2981661149966531 0.2919337009137077 0.2935352252853908 0.29505546797390475 0.29846015536364856
0.320956566055152 0.29912276707427343 0.28279308059683433 0.27399889691637686 0.2682583719718872 0.2883461177844184 0.3030933030867141 0.3254733298289722 0.33497274745347083 0.33927014524533256 0.3383576759966862 0.3315255758889226 0.30087367533124026 0.30811942241703827 0.30006422551805484 0.3200259841658099 0.3320924687461644 0.3054545843890071 0.3154595737158762 0.30759806445335913 0.30172683022012897 0.3112665252413017 0.313476766017337 0.32195371844651505 0.30033950283517413 0.32474541805917756 0.32201960763739856 0.3346382015833389 0.33625314710404014 0.3139884474337299 0.30787962051703466 0.33103152326773544 0.32424070665007165 0.333808469760343 0.3029455957968473 0.3154043387719732 0.3120537578279059 0.3139500638153081 0.2905509216685655 0.27109089483674814 0.29651244564339235 0.3022580790812353 0.29964305289043214
0.2998734774215159 0.3035370921756195 0.2673617239941085 0.2488964610530416 0.2453396939263876 0.27262216253564714 0.28262058820960734 0.3248648657768395 0.33453428494562726 0.35848221560417626 0.32421305909097137 0.31047365422269346 0.3088859429232248 0.31237132763693987 0.3251059034769967 0.32681456566373035 0.3405989786911873 0.3229003583901807 0.310967985201281 0.33191772412814563 0.3123387734805269 0.3292000493618612 0.3197106155076453 0.3359096683815036 0.3040099459497734 0.32201913683624084 0.31334294367119486 0.3017613520776332 0.3177884027700203 0.3289844445553073 0.3013889883911978 0.30697757327703473 0.32301313653359415 0.31403743798949846 0.293137218362677 0.2982681510832906 0.29311694759540585 0.26592684020480845 0.2905271263621811 0.2722708426746796 0.2797500807047495 0.28154762157563856 0.2905916604038521
0.30062914878651925 0.27050989553212174 0.25660390971689323 0.23371056705800147 0.2463213315033005 0.2616839727611107 0.282673361243512 0.32669282469594063 0.35330332917096957 0.35145630010772083 0.34429830446193166 0.33898209392629736 0.3281383194412395 0.3019324669740716 0.30618442534147694 0.2963300262971072 0.3244410113670729 0.3287542425048711 0.31272661663573736 0.33072316476545627 0.3131399249669025 0.3303939941278227 0.30766547578879744 0.3052914058978809 0.3188365058249981 0.29933455144163884 0.28818314359792324 0.2795871460742422 0.30936310764540753 0.3051147005212148 0.30097135980038453 0.2917802274330502 0.2981045159552065 0.26531599084440904 0.2587798150186167 0.2445707296720452 0.2534576559403505 0.2573163117884602 0.2676145487201269 0.2702207731043266 0.2519012549417069 0.27772253027713073 0.27733940164594195
0.28699132378197345 0.23258631908660102 0.24447911180393228 0.2492457521756606 0.2640973399983165 0.2751093856015142 0.29646384571698736 0.3005072523972335 0.34023925137472427 0.363931770567283 0.3437298216716941 0.32587816308045264 0.32265264690403506 0.3026145034905881 0.3166040908315669 0.29719017877469933 0.2853844404832691 0.3025918111096694 0.29706971143574207 0.31920543182670846 0.33037838673794256 0.3141502076232964 0.31187609660979193 0.3131934716833184 0.31214682339256355 0.2994967261366102 0.27774363838164623 0.284843902896897 0.2926160257992761 0.2757007870347935 0.28493597707429114 0.29131892922532643 0.27865903650095175 0.23864915670421005 0.26085562760209263 0.23632209547538924 0.22427582782859837 0.2243180133007757 0.2634099238629075 0.2587308419928661 0.24302717734678442 0.24701129384573156 0.2556219572483163
0.2723649354250497 0.2682548044775117 0.2521156316229984 0.27073092420384126 0.2756192264647626 0.3066651922836309 0.30938419449898985 0.3231750785760312 0.31468484289549636 0.34332957495063904 0.3411845342097025 0.3339977419580398 0.3216025727032004 0.3041668591106996 0.29180537487351893 0.261430665796384 0.2660553401270654 0.2529228969693594 0.27224907835562656 0.31125909768147264 0.30685452747614206 0.29449395852611754 0.2994176755823056 0.2843728573534347 0.2818940556951451 0.2972303213861665 0.2841036186892867 0.27365427023312533 0.25552856032638316 0.2666145008010311 0.271615582867189 0.2644969244507403 0.2759746438386791 0.24368170738649172 0.2519476201521417 0.23943467527726117 0.24912240436412267 0.2312052681225544 0.2527101571173691 0.2509414547698748 0.2546826287726529 0.2504012284717789 0.26796096340534986
0.28406286323136104 0.2567428153339598 0.2580745316543652 0.27397276774936685 0.31021697046287405 0.31976236096963007 0.3161744865249808 0.3052943975412802 0.3023423497814494 0.3094877294868293 0.3168434423913779 0.32679632402745457 0.31298066227274685 0.2786694492404118 0.256111788770942 0.2557766038862756 0.2701819002839272 0.24077523318774294 0.27200087071139106 0.2785648062084817 0.283004404020413 0.2692365829368504 0.2877273395753919 0.2853375987275123 0.2848798653476839 0.2977322417508102 0.29030031270602064 0.2810133059715921 0.24223743324475716 0.25192586882238815 0.2715979684228042 0.26132676069045263 0.26483562794700216 0.2481795199868832 0.23728082929173364 0.2441089764671106 0.25748080383363625 0.24924216147782016 0.2509117015013734 0.263767897955782 0.25913366375176405 0.2856638872747656 0.29787368714099927
0.2937908452753635 0.2932582578550652 0.2863517348910488 0.2745641388887692 0.30484947039826793 0.3023489053711954 0.3056757568362086 0.3234764663758493 0.32039810039484246 0.2944867500307934 0.2905190206005473 0.2767552301589131 0.2913110818300634 0.26650562014206214 0.2574183522570543 0.23697085074693983 0.2502404045539375 0.22107225716167633 0.23194370410574733 0.2591771574159621 0.2761085474179979 0.26642654848586 0.25069918367692284 0.27341376809318996 0.2672947898102128 0.25619920225831255 0.24935898217585964 0.26040132930626864 0.24009185382686857 0.24541747854488385 0.2434807804449302 0.2334192655620157 0.22993159168894656 0.23279103672908985 0.25708471714952125 0.23494299419635298 0.23853217260774856 0.24620258210988158 0.25615271113179133 0.26527143561002253 0.25244787021556553 0.27063650334732303 0.2970335926032708
0.2964115630687126 0.2882146539443552 0.2778650113105569 0.2831379210302475 0.29679703701548993 0.3208585664018393 0.3199810895975017 0.3385769028372451 0.31014059856840603 0.3243280577282975 0.27878824413592124 0.2674490833545979 0.25633615634432017 0.24040865633674652 0.25920971424025574 0.24102554002975202 0.22240598478240495 0.19308328051318913 0.2221326849109493 0.24253071056472175 0.2511711133284891 0.2517052647552704 0.24812364896016614 0.24316143701342988 0.24880819762819686 0.2520411713965643 0.23353832603133573 0.23654037575486236 0.236119773098799 0.20732998291292362 0.20867916502238415 0.23264284375649913 0.24392845052893333 0.24791560478355804 0.2502334525551657 0.22285970235009667 0.23571962281143446 0.25235316365449717 0.2528423121470271 0.23659085537667676 0.2511112333785518 0.27228398374892376 0.2987360580259841
0.33439749089632204 0.30376325491396855 0.297626198610637 0.313737323296143 0.31698163834883497 0.3201000615876547 0.32277153109626716 0.33565356546829284 0.30974670721664355 0.29637798206330873 0.2898622711637553 0.26201784695685093 0.2611116466538898 0.25087888497794825 0.22725628187627184 0.22045145418998757 0.18336856744112542 0.17852461900846475 0.18824167924367768 0.20096328454651394 0.2220156620254597 0.2141309152851661 0.2342480441459963 0.24685508660998315 0.2418798399903173 0.24868368599643068 0.2437669093533237 0.2434495648398364 0.20799272534902793 0.2101958823545981 0.2199454575838951 0.20944728018109132 0.20285072564649445 0.21593742442432978 0.22574653155395388 0.22240592597806547 0.2296618591395137 0.2352740700454583 0.24310054031415063 0.24648895545785784 0.27885996380512723 0.3097178841895715 0.3126100848132069
