Raster_benchmarking/continuous/raster-28.asc
NCOLS 100
NROWS 100
XLLCORNER 1743158.113594025
YLLCORNER 5469292.3407256985
CELLSIZE 10
NODATA_VALUE -9999
[rows 19 to 37 of 100, columns 43 to 85 of 100]
0.3686988175201421 0.40872113947669686 0.35477825572761645 0.33471570496229186 0.3598288584653024 0.32034218366882583 0.3658859020364031 0.3403890494872786 0.3459030439195309 0.3467472916109071 0.2782506589408286 0.2723813501379309 0.3369813044992887 0.27391281586170185 0.24213937130243893 0.247872813421423 0.20719814695787983 0.17281264219553774 0.21259173837749168 0.2253996629855646 0.26869868671256364 0.2464400154550411 0.18564322075062392 0.18815365955137184 0.1520958150454148 0.1650643518191103 0.2392285464958188 0.27185578549091655 0.25737036906134725 0.2620658104323024 0.29726470039435404 0.25425509366438215 0.2562558288352025 0.31671962838111445 0.30205859284437964 0.2962146895774835 0.2558749184126861 0.2511693814065211 0.2945614372741776 0.3149933761740648 0.2986257257711258 0.2807273003722456 0.266591793741409
0.3752022280321046 0.35864991608590274 0.31170951278221026 0.323296136518095 0.3437632738622219 0.3520142371994594 0.34549430169373285 0.30020176249723035 0.27787909848945114 0.28781858941485705 0.2653994750208864 0.27358219098404757 0.3210520812392876 0.297274402178788 0.26973414314092076 0.23050962495922742 0.2497335664726791 0.23161490464315412 0.26876407043940914 0.2746121406491452 0.2595688205347427 0.26999617677079174 0.25215753265461216 0.16684180557734227 0.1477474346828524 0.18655325340525086 0.21641125875480546 0.23549823371365528 0.2596112772307161 0.2631143854569516 0.27171882859120505 0.20285253780905793 0.27691745560039494 0.2413522020175618 0.22812555836347043 0.23167403763327907 0.22361144929161808 0.23697126449861428 0.2912850603981457 0.24938314656283908 0.2944617117061661 0.31922010337494733 0.25738353886769
0.37854312093776965 0.3576048322376213 0.32946987805358463 0.3657157233349508 0.3864354997444642 0.39713455566759087 0.3703461670183489 0.3451549503382998 0.3170406813880193 0.2723562385611088 0.2650220852308658 0.2982233960435581 0.25514551121550016 0.22708823946283935 0.24000952099371234 0.21065372054566064 0.17096220437904833 0.22022579078317442 0.21420274123740174 0.2668676681236333 0.25568361248526295 0.26623710358729014 0.2337736684112893 0.20743273504034515 0.2242210441211604 0.20660088685783806 0.1981555955176613 0.20653923358825027 0.19123048777208507 0.2532968327749823 0.2640047273387177 0.22917541528965876 0.25558828628818386 0.27756635479138425 0.2670375530426833 0.2388122200973389 0.29023048568830295 0.24070485381684187 0.26116046769505424 0.2691486177938891 0.3308048093355187 0.33943147695195663 0.3065634882414041
0.3629634907920254 0.3602299995191639 0.3701517876101271 0.3747284772268987 0.41037279282152467 0.3982122813441593 0.4377619594704054 0.400974322784034 0.39097002784071794 0.3191402595827897 0.29069979384324857 0.2831672172800632 0.2369813466721877 0.27539116741792663 0.2627345013813962 0.19277683078567687 0.1992749928988996 0.1527213846069938 0.15624811242173633 0.20140270326665605 0.20817036596721136 0.20954961290914906 0.2544830956902116 0.21953723807338782 0.21280047185928883 0.2526410870284975 0.21419205624193258 0.194274936773163 0.23099286266536373 0.23215968645804105 0.23143158050818707 0.2284586172138062 0.2099308167977699 0.2151273964703475 0.23731000880931039 0.2837325878929992 0.26442979869365185 0.2736343454286519 0.29412981227611956 0.34032747200146474 0.30893210805391097 0.3756703520760233 0.4158762345046291
0.3688107251755921 0.41615396731425525 0.4048485906570421 0.4185268177988202 0.45277861814352954 0.47494984685798697 0.4499886451785765 0.44888083562238 0.3909799744190617 0.29428824408255794 0.3167364812529198 0.25757464087264154 0.21705127325348192 0.19726929247377387 0.2027121793511142 0.20088915785220468 0.2504185334057471 0.23342357344034523 0.2085744147230541 0.2333489638326759 0.20593858984374044 0.1650021660430193 0.22843952490340297 0.18434721588301856 0.17311761977878162 0.21700312295966745 0.18726510171267471 0.14032011042239909 0.16944250749364423 0.2093475456091638 0.22082234432051037 0.20683417312390764 0.21676340146589443 0.2034506383470045 0.2611979730647151 0.2422229510467601 0.23821239758973087 0.23529641124780606 0.3236004219713655 0.33473519512736494 0.3298746026429696 0.39799377261014557 0.4042673223155079
0.4122557472310817 0.4888481905981368 0.4348580884660227 0.4290372112388027 0.4719682650110755 0.5189648239931292 0.4135921456979515 0.3998347437784378 0.38698252068731165 0.29137900952425694 0.25595888404933714 0.23502738017411617 0.23249102343732975 0.23210061287031028 0.18967984442092062 0.26713942690349857 0.22069645769082202 0.24297726494273375 0.25620691879314905 0.23175527583296515 0.1787116438876606 0.1628188795514621 0.21113021999536566 0.16602410843752002 0.22192929012482937 0.16380275206389142 0.14247270293028852 0.13966834987626747 0.1416587401715291 0.09817518609756543 0.14208225280139455 0.2346580618849641 0.2582282908999748 0.2785018866011313 0.2500703823947212 0.2735354710299719 0.2837983545180076 0.24045130246619537 0.28215298745071177 0.30936083441213186 0.340839629413012 0.38620706317306513 0.3794637937038238
0.4019134424537877 0.40973183751492737 0.43378229742746627 0.41812145648489085 0.4456969863070247 0.44384655758557434 0.4024935529617651 0.41694061846607805 0.3753724162017915 0.2755666122618565 0.2670551868649117 0.278752957746905 0.26790524604157995 0.2513818439389024 0.20734526498138822 0.2588181730816099 0.2165694007010915 0.2656645621169362 0.25299106949830186 0.256275971557273 0.23864577362066972 0.23998851845330635 0.23963529309292422 0.24663369913487596 0.23397514643138115 0.19456979424109577 0.19166911456962998 0.17675137918521408 0.10206480197865267 0.09008954169664994 0.160106147336977 0.21300648171986722 0.18565981447462857 0.25356876810953805 0.26820698482188005 0.2893276138447556 0.2689458516631249 0.2544046249881431 0.3411554916533991 0.35887661991820685 0.3723939506507039 0.3969937746945828 0.40326590980568194
0.3334203321643454 0.3852320987816606 0.3685405618184561 0.3697780197479558 0.390505581289871 0.3368976232707108 0.38048555281914187 0.36855202510223684 0.29054696801884106 0.28139045961400305 0.2800399147861058 0.28972038181281146 0.2233940967618289 0.20950592391731734 0.22314520671025304 0.19340524283854285 0.21485141087788845 0.1930573589823745 0.2424107975578328 0.21283083829161034 0.24599621024090418 0.2758542948632798 0.23387172422263292 0.2690146923571685 0.24440748419406993 0.2316252408515258 0.17135492649470688 0.16344429192932355 0.13386863327475595 0.09955589054464518 0.14243078090386718 0.21547377292107592 0.15164516632890793 0.17170450646176744 0.215187994663121 0.22929080639572733 0.2781729901010368 0.3237488595250838 0.32655360912197245 0.36642676937266566 0.3227870474537773 0.3153756774755851 0.33844409186663754
0.3647318700910174 0.3501927282136337 0.36708917261092644 0.3057810409046913 0.28200423933858026 0.29730698878131406 0.2961823803738002 0.32837398981931254 0.25450214721628706 0.28560662120229596 0.25616960696359464 0.30191655625334446 0.24058002502854964 0.2542295259808835 0.21507891168336918 0.18435225552564702 0.23303095677456898 0.27886531759436395 0.26700752533295624 0.3123949799876548 0.3049675018836408 0.3025021548761845 0.27728763966166076 0.286691289874439 0.2541023064380328 0.1837559210784581 0.15493710394753227 0.1615805776345636 0.17732787004387365 0.13587069927913215 0.14085805466204088 0.15691408961533507 0.1272938161218255 0.18754420092133983 0.17994696923265846 0.26695480867658034 0.3080971535970239 0.35807955264742736 0.35148638482186645 0.3728719519599446 0.3352540822023303 0.37064441734325165 0.3269932402832456
0.3297493199013792 0.3740987953442165 0.32793704685678104 0.2570602080027795 0.23682662240938163 0.26954776992772506 0.24225571193537565 0.2667119895066253 0.2904874630283748 0.23430891424893746 0.24364222926700485 0.31175668513442284 0.2920326770854267 0.2813032678391669 0.21486509343937027 0.21762376534932862 0.2835057786297551 0.27235385225950537 0.25775138267527714 0.3395346067566679 0.3025676475506739 0.3084954604127625 0.24300078284458096 0.2232960019934491 0.20773634348196401 0.17144377604095035 0.18017220858025484 0.1627987597089922 0.16734310459756904 0.13368895305779194 0.1483917458075475 0.11274947010221961 0.15324130192233912 0.14209936235336815 0.15002232238366905 0.20193793859208264 0.29445900437183237 0.32576668406784326 0.3400850970764538 0.36852986856829584 0.32060279719168966 0.350634711578722 0.387229124415495
0.3558825415897378 0.3551734905440169 0.33942248474825226 0.25560759155116447 0.29482057038512016 0.2850748759593526 0.2446443512765774 0.28391038379981404 0.30122923658744166 0.24683555339993077 0.2769933801019716 0.2574555254345956 0.30578219478364027 0.32630274545169646 0.26163081435523317 0.24377152877191255 0.25310360324326076 0.2856867686859342 0.25777108267953247 0.29492777005700377 0.29786694431454197 0.2670229171821053 0.24972730232433252 0.21508331248198925 0.22561130609531296 0.17304993131022353 0.1813932300926279 0.1358862003512409 0.09088098646989277 0.14604456865086723 0.10113191345324032 0.09024195324033775 0.10115594677652956 0.15862819370352702 0.19299731997071948 0.17995728355832974 0.21085025362005594 0.2505863562493641 0.32006774201353433 0.3264200878416947 0.31170689293644244 0.363928901023734 0.3904710508180331
0.37189209137652884 0.3741431533733679 0.3461403622536302 0.27661887906628035 0.2551899314007896 0.28856978879935385 0.2566162508602423 0.30183886841858115 0.3054724701274426 0.28279026354696046 0.2533155064629369 0.22288899163138337 0.27447251200350314 0.31509136240845786 0.327185872008791 0.2968101164198274 0.2738909364887675 0.22747175702989428 0.27273784188694794 0.3083744941243417 0.29558319715656844 0.23376404298724077 0.2062343921912987 0.20392109699794714 0.1872173642579321 0.14325869977827865 0.15104839864012634 0.09048564823111532 0.06942589107989176 0.13382326787978086 0.1566543931818145 0.16023083452702194 0.1264194662120536 0.11319537835451252 0.14172621183495915 0.2135724825742116 0.208144345546437 0.2309919323192442 0.2723014553341587 0.25251825842656467 0.2565393349269232 0.2679220308985533 0.4014568273337161
0.33923817436031595 0.31386893677195826 0.33777430545431864 0.34304212903518894 0.3171599265004211 0.3385845328606561 0.3082156528929841 0.32371267162737977 0.33174492709284453 0.2888442752568126 0.3264521602619635 0.33003219683442564 0.30094471216346963 0.3290248018711844 0.3327199863047216 0.31371839783971167 0.2558732970992992 0.2968265362524902 0.2988478735262744 0.29023860594767914 0.2838255384339427 0.24049600422488393 0.23576659575769196 0.16927648692389258 0.19750441162364965 0.17059732348729315 0.14711675551761325 0.08166150884865189 0.10079727569750406 0.15239274795135574 0.17685751695074725 0.19334608815279045 0.16074035685939708 0.1303714172481978 0.13413733694297847 0.1632897294392356 0.21916944717174075 0.22576043363450407 0.27047605057571883 0.28320187481964443 0.27085547342550353 0.33518401047966895 0.37341828722389925
0.29434465048395425 0.34182597421957994 0.3644292643775561 0.330513942129897 0.2946151570337302 0.2800758765741193 0.33972807528447124 0.3377516798744711 0.3168421930422285 0.3138324547783552 0.3132195720820856 0.34789852730446663 0.34553141588325703 0.3172918391707769 0.2876621238028207 0.2892619239677179 0.286453630398114 0.3007428583359927 0.33200720733547306 0.3007978057845068 0.2838245244037096 0.34541377944151497 0.22106690885005698 0.18556684514719987 0.15423105530403958 0.11977099964025566 0.11381695287048568 0.10614918018916898 0.11523746997983426 0.13403446163531169 0.11992061952074425 0.1816296121548982 0.1683226709842071 0.07884145028066553 0.11788522733316893 0.16032768536380337 0.18880112514662226 0.192862322379203 0.23901876183312853 0.2452969580300281 0.29916893779657194 0.3016283563117314 0.4120075476127676
0.3150541589335183 0.36911598389724976 0.3593066454715237 0.32738954280951044 0.28666506297404615 0.27188057091967865 0.3064556966813497 0.3675189744789538 0.3157108288749542 0.3065778252293786 0.3455446707282811 0.3657602418886111 0.34594630985445113 0.3814832389886164 0.332593027800887 0.3170499347605971 0.31936384168714455 0.3200400615221709 0.2690570485707272 0.27367420731253905 0.32666959607501317 0.34825107218224594 0.2623930373953732 0.1908811829790901 0.1477018180621023 0.09565282684280617 0.10690018760429121 0.14748181556531664 0.12840881396901824 0.11648534742640071 0.106840501636314 0.15605469581618206 0.1478443739697475 0.09343470380562309 0.1371473725295365 0.19941269038523038 0.22965935159048712 0.2485862473237508 0.2112433461203513 0.2869092749041073 0.28590204935358143 0.4068192000344758 0.454741897839631
0.3693309928528862 0.3756262867163307 0.3436186649940342 0.25935465035603894 0.3350988464463168 0.36568248636942874 0.3771116362107269 0.35858585182519553 0.30295816047205704 0.35019849803690395 0.30623053165615843 0.3230366487274609 0.3974703072351824 0.4090760211635122 0.3670109298848476 0.39937200127594 0.37048017910373787 0.3067745497600939 0.2973516885900986 0.29571746035007507 0.3170759550399525 0.3629157362444147 0.33910446106078534 0.2705505327129116 0.22175168788849373 0.14563428397706718 0.12500752432273124 0.10797703268865634 0.12435800604992461 0.1410098276109101 0.11422444473388166 0.11378758337609124 0.12289313388996313 0.15549063660548973 0.18658049704935473 0.18290766712880716 0.26139298052779103 0.2370178474369283 0.23230355509602066 0.3121825628629161 0.37166896270433236 0.43553292757303913 0.44137009623981255
0.3198445361620954 0.3216987233778847 0.29420405352549295 0.3096092544072186 0.34122819089468315 0.36233289655969153 0.33428276883513436 0.3290617841420292 0.3289315969629464 0.29411408370011066 0.3466591020126539 0.3622700520430302 0.37207122653927627 0.4026229900797132 0.3510640578126414 0.36884212532254035 0.3379439727661973 0.3366383181446851 0.3301156318697315 0.3029510420127383 0.3139185227691844 0.3115826217543476 0.31563752956683067 0.29267920577139106 0.2445364211298726 0.20833550197314402 0.17303589058387878 0.09903359848115781 0.10444461365877974 0.08790078181365742 0.15777176126468467 0.11187458371120428 0.13577096201946554 0.17529185849609535 0.1931417641751827 0.21711196448878856 0.2856586122806472 0.27268308961731336 0.32072199148100844 0.31035237676973104 0.36436987226308165 0.3684620647508531 0.4054072654359242
0.3696937670488669 0.31939856983545195 0.3564662126487335 0.30438726590253173 0.370704240279389 0.3393000508501986 0.29734013267856296 0.2720558049481972 0.3036108490222267 0.29703132567237867 0.3048944579581197 0.39962042204885445 0.35621954313725696 0.40697467575456353 0.35497560240671894 0.3409102698063971 0.40006873252004566 0.3963394843706545 0.38736993713500606 0.4019588034850767 0.32828248097657886 0.3418507963957494 0.2950498985852996 0.2490545812517191 0.21113533855244557 0.25825629302923625 0.20654036243797327 0.13531804740184697 0.08281114809427806 0.09335425650192629 0.10161150141154507 0.13160011034868033 0.19073350538375913 0.22857189282876922 0.21691116816255646 0.28445531047278866 0.28471254555461506 0.29298709228260766 0.29077084239742085 0.2834403970225209 0.3083890520466515 0.38856450152418986 0.3979877761573503
0.41235069034302696 0.4226226107771615 0.39661895088534715 0.43678401102672765 0.4193160797644527 0.40877910844769727 0.3857952841615595 0.33020592831414414 0.33818228220018987 0.30994689748605997 0.335999086351578 0.3658577219330527 0.36193780445846985 0.37569358396590774 0.3532955661737067 0.38917069857527814 0.4053441544156206 0.4240409701745579 0.39721577605236064 0.4121649355855469 0.3458729065625994 0.31660471850920896 0.32226290542057645 0.21175242733550195 0.1887883380159406 0.22704176220160585 0.1967994770768411 0.15314808270103605 0.145535114589389 0.07946188667453073 0.1342671575182211 0.2064419546622978 0.22542581234991266 0.2336856453222353 0.20822708673068097 0.20617688925828664 0.21836614541380525 0.27692557887308245 0.26697019503496605 0.32784683667911557 0.34803345139575126 0.3395308719210816 0.41417537094767515
