Raster_benchmarking/continuous/raster-436.asc
NCOLS 100
NROWS 100
XLLCORNER 1743154.016966569
YLLCORNER 5469288.659449022
CELLSIZE 10
NODATA_VALUE -9999
[rows 76 to 94 of 100, columns 43 to 85 of 100]
0.24542010426665237 0.21745608543350073 0.22954529131544768 0.2636873202123971 0.27087373758027705 0.28221661799676656 0.2884912082971273 0.3118122244077047 0.32315857698416006 0.3221731936750487 0.3488553104853985 0.29232311248243203 0.29476329193088513 0.27822620222802036 0.3165799832451018 0.3181801006436403 0.33511402026100773 0.35620103013426035 0.33093665456984117 0.3431447880399181 0.3471763124457978 0.3605472059863622 0.3701420480779261 0.4282798031085669 0.4947673686696795 0.498454395953106 0.5169126158130735 0.5612467941638009 0.5556689941253302 0.5955621022343341 0.6134918953920181 0.6803027412553577 0.6847042924060731 0.7656581520042183 0.7744149753670811 0.764393240147063 0.8106393341049867 0.8048992212055696 0.7971816826322942 0.8327081934361176 0.8455153930245243 0.8344097743780851 0.8542800368648574
0.19778953057256496 0.23036545026235464 0.21398868965556614 0.2387392046399335 0.2205261782291049 0.21864391937628477 0.2770411107239887 0.28122971453558465 0.33210487200888394 0.34463729306454277 0.33943476066801803 0.31366088707687123 0.32887974178368085 0.2978792988136976 0.29595491525644424 0.2865079313076732 0.33199677118289045 0.30337516105777174 0.3363538177396834 0.3169023961890206 0.3269736285090781 0.3397595483459624 0.3758487769072395 0.4733074965162772 0.5132736520426601 0.5241999781626271 0.4850079897306812 0.5100014882686117 0.5301165801249079 0.5967006696736094 0.6618980651314851 0.6672247740173275 0.7064789654795375 0.7872509338002188 0.7667659067340142 0.813392653455573 0.8303207312479944 0.8509205274247925 0.8573750340258285 0.8809448344639974 0.9070196196974064 0.8947783909449677 0.9000255344827516
0.21227226821211137 0.23813122178234725 0.23411869167144822 0.24135325722988935 0.24438321003763747 0.2260729911100315 0.2769609495233099 0.2982929554221733 0.341820223099717 0.3518041534851339 0.3837727463868118 0.32443958023380726 0.31150754497485145 0.31920749356482747 0.3072870502165737 0.33051026228018127 0.3461246283161272 0.33150613467120366 0.3211497718320123 0.34796985203751 0.36932558582876585 0.401618472855394 0.4215234325357282 0.42268041624930663 0.5075009959259587 0.5038942113384491 0.4874761182217845 0.5063769369517449 0.5773653782900461 0.5936435368817415 0.6594621138771708 0.6843112739535641 0.72986694732987 0.7977945664977318 0.8096991782244746 0.8072993246247232 0.8455154777893198 0.8945825987481489 0.8827616353896055 0.8766864806513434 0.9073764433747549 0.8751330453401083 0.9214098687561015
0.23111144435574418 0.24702581195570655 0.257846953384297 0.2218195527556723 0.2346296050434779 0.2897135851573315 0.32866311532970816 0.3482505166437045 0.34529453375977165 0.42661719250300256 0.3812646373209328 0.3824663981423255 0.34170303055995144 0.34366329828502895 0.37464373055481626 0.35379648215074055 0.3455247143101309 0.3717183586156813 0.358594579875332 0.36931671949438444 0.39297807663136186 0.41308946304053745 0.4061445143466689 0.4099172568363855 0.45330388675970096 0.5154438471420123 0.4850987325514203 0.5060725654714925 0.5607650500432039 0.6126870726658725 0.6670912144202967 0.7112122162476779 0.7829637369948724 0.7925406633581213 0.8194127433337896 0.8517072569831393 0.85986811197932 0.9009647128063503 0.928255852042009 0.9429585018855262 0.9319349223601325 0.9009814381190532 0.9474695263316423
0.23805948593429874 0.2479499878687207 0.22672752036625646 0.26469830605986916 0.2841137153266942 0.2843556451651017 0.3084181184213481 0.32474466485850234 0.3797969844027945 0.4460861583356821 0.4272918215724004 0.37231008772651836 0.3987072057065784 0.373410274670753 0.3735869922667743 0.35154471676720717 0.3800600238137865 0.3783022782787915 0.36835625986012827 0.4011023135337233 0.3931717949157383 0.44636271463432103 0.4064265954030708 0.4018471270763662 0.4218750700961232 0.4360832959146886 0.49919049292523154 0.5313225756335471 0.5312141200289088 0.6315281782761196 0.6570962463147787 0.7302671172690183 0.8122767882576407 0.8460262885335488 0.8248145685564993 0.8717220553630699 0.9101099407949578 0.913751972672263 0.9272021814169158 0.9209545262028774 0.9007956422269687 0.902161021052462 0.9286584414421578
0.20131471300181927 0.17137869104667044 0.2038696621372395 0.21392706176146986 0.25099759220081314 0.33402510236817246 0.3569964409124328 0.3672464293220934 0.3633244568595704 0.4253855056427281 0.3911513931747839 0.4042924079622074 0.3980219572308692 0.4098509393522443 0.39499326864119205 0.3951758093999239 0.3560154152214001 0.3383093742433725 0.3743022264270009 0.3532609255013067 0.3862969014046541 0.4694518120397161 0.43013382453048016 0.4309480971454566 0.4659016309951336 0.42960530573379524 0.4644867496043536 0.4768487517233455 0.5208698397693619 0.6089753330044396 0.7097689349699823 0.7709966316212987 0.789112585557145 0.865770620494004 0.8638435520889788 0.8693031993090923 0.9100844582700709 0.9103749790222794 0.8601242178728589 0.8655866393751896 0.8754873268485597 0.9256029423189686 0.9134313151383648
0.2007251442870129 0.20992707639455388 0.16889094639941754 0.20719804523299612 0.26699882318663126 0.28631130089659046 0.3143305456699179 0.3706495923658235 0.3893317148576397 0.3891026669284809 0.3922777860274384 0.42396661448460515 0.4086547737162587 0.37015879502586424 0.38267723953774335 0.39290527067064723 0.3971722818869479 0.3799803689433252 0.3561896904002494 0.3726282480140657 0.3883091140676913 0.40687234170718356 0.4259052016364654 0.45096616218044594 0.4662542102807081 0.4583280254332518 0.4568722807232711 0.49093915950767325 0.5130971425918454 0.5905769947253392 0.6796182156118583 0.7202858840918176 0.7957701922389666 0.7928020646404844 0.8356286849068454 0.8509127104532306 0.8451071850702543 0.9055914611477377 0.8586948525634768 0.8278830149588133 0.8689293647631663 0.8938761698559707 0.9208763226211613
0.1937746883815788 0.1982355515954931 0.19652670126972716 0.2159106909162152 0.2250879855388426 0.27162492078525047 0.32470410903464925 0.3413714570514884 0.3488852117383469 0.39940512385603405 0.43756242826628694 0.4370288539585229 0.38264844065976017 0.3768622085761795 0.41036323644392386 0.3954542819367815 0.4093783802283133 0.3662470209708295 0.3936202461979974 0.38373311435344926 0.4016487865716821 0.41559793074764334 0.4206100276204546 0.47572761613506975 0.4304465272322658 0.4604799913303931 0.4334403762691675 0.4600755559756815 0.5185776996545488 0.5731009507769503 0.6645637665115323 0.722252288703849 0.7441998385313756 0.7233412172427163 0.7761754742217355 0.809966711235063 0.8168422416329977 0.8829123954742456 0.8213111863148012 0.8364147390358225 0.8491872629489939 0.9148063723767998 0.928730475575303
0.24601675384935226 0.2571360801762953 0.2276759366200358 0.24907516404002894 0.24349376008319473 0.27192043732722176 0.2733963045380948 0.32233086603667244 0.37737864920746006 0.38377145852251865 0.4003708153677419 0.401335178092058 0.4181208630852195 0.3933440184423723 0.41033074771163464 0.4206420276839616 0.4229163029610647 0.4072644951367777 0.43917158561434966 0.44204962696843025 0.4350768298804775 0.3944921590397211 0.41637183040479653 0.4172384646473935 0.43251223875382294 0.4477372674366898 0.4562759908195603 0.4856548895022169 0.4900707441129459 0.5423528008520616 0.6543425146526382 0.6906030475896501 0.7194798312299441 0.7052106098512121 0.7181151177742202 0.7731642063457831 0.809441653872114 0.8262502571384066 0.8105023388341147 0.809515030518996 0.852383792303975 0.8670204738095092 0.9115761933813971
0.3073402908260788 0.2802581272823545 0.24751917801162737 0.2753044951826188 0.270492893291934 0.24048756582156927 0.25994667264849375 0.30507047004801935 0.34613186810235863 0.4466092161775188 0.3880357486915416 0.4030171041112976 0.42604946646119823 0.46358031389706084 0.44597471121965254 0.44398385002545937 0.42201347952503965 0.4227388618598885 0.4571901739796114 0.4744538886959463 0.45406175168336427 0.4336558404911935 0.4135232523732097 0.45288044480314166 0.41156303110970016 0.42253881736797766 0.453901418774215 0.440265100511094 0.48495639942623203 0.568043294113273 0.636652044807818 0.6769927240498461 0.7039739379378547 0.6593469382004626 0.723818095106255 0.7715212483685074 0.7973419386232891 0.8445274061513943 0.7806210469300298 0.780622283922201 0.8537341443282027 0.8545353350764058 0.8758276525347239
0.32124142115390875 0.2851378304417003 0.28235918756389605 0.2971755467083822 0.2899205122219691 0.28607384083447257 0.2804411687029744 0.3051145240476373 0.34167703917928277 0.42441675612356183 0.4275185021496654 0.4342139911145734 0.4064323563621572 0.44734902235965895 0.4456473697832225 0.4540324264728372 0.437197642955544 0.46054007135513436 0.45786629913417737 0.46038013536364003 0.45694475148996433 0.4463670214167161 0.41714877617885376 0.4184724992379271 0.4295779651984441 0.43185528165788556 0.4333435042692954 0.4685961096281796 0.514714269535905 0.5819197197721481 0.6416562581352931 0.6413571141688937 0.6781679765613114 0.6437152074025101 0.6631388243974016 0.7337825692455624 0.7640946957895096 0.7497613786489111 0.7591613800712865 0.7559705280033676 0.8095320292451407 0.8235717843457769 0.8231990560521929
0.31559685252020747 0.2922520325032711 0.29373728724073644 0.2855745637995082 0.28681564972089924 0.27531839084920995 0.31387138083944405 0.294049675197291 0.3443199347319314 0.3970494890740836 0.38092429811564155 0.38208803041885087 0.43731572921928774 0.47839233678400245 0.44148590649452796 0.4700438305935725 0.5011177445438811 0.5304829568008447 0.4976601500776818 0.49060022511454454 0.4386324139391708 0.42110059778980385 0.44096913281159866 0.4137157698879986 0.4367567028540386 0.4886545167967523 0.45669017852637916 0.4999884454873941 0.5082355948549659 0.5832481622432361 0.5912580518116982 0.6251686441156856 0.6529124874321905 0.6513088933792672 0.6615560795575108 0.6615255560995682 0.6902498862359076 0.7524904655019612 0.7555509259490679 0.7281994576762145 0.7720265643027044 0.8194471618168951 0.804080275360402
0.3600509307853708 0.337891762674884 0.3295844084933304 0.35060597332146837 0.336947836210994 0.33208452953326134 0.3427245060143633 0.36910207746227275 0.34864767387498447 0.3252844513129544 0.3555622264275592 0.35553535030949257 0.4192579790659043 0.4038510148812696 0.44324268838607567 0.4854048905773814 0.48946871123123603 0.5186300539155903 0.48210619026641066 0.5073365067052005 0.4871383622302763 0.4898669659072713 0.4617071688694421 0.4746889339419585 0.44835627274006246 0.45813034358280513 0.4712764633521848 0.5217907501293197 0.507488609266626 0.5331404878003941 0.6015852719517476 0.6377119676764772 0.6717183684335375 0.6790284269420508 0.6499732013065458 0.6561909499005278 0.688142866210911 0.7227538721096389 0.7116247549942989 0.7089844502824102 0.776293203455805 0.7882705953599373 0.8035516536652201
0.34223834959837435 0.3856978104016051 0.34995993226377037 0.36299309438397837 0.36959709443286987 0.3375219973653023 0.36311740238107254 0.3780535960244803 0.34212376585203275 0.3237611683335015 0.34067908060935487 0.3475383425505975 0.3695462240764965 0.38983997575934376 0.4575109222924289 0.4941065165056924 0.5252158637397275 0.5334422222004336 0.5128583389810273 0.48721698929827656 0.5042179641699668 0.5422071287710524 0.5186356737270166 0.5309797533873907 0.468188474217288 0.4530347952951956 0.45394717621454794 0.5384730974605192 0.5274323757593062 0.5049927157468692 0.5622271323189232 0.6417504020547637 0.6661846044112997 0.6491359749505583 0.6607222800245668 0.6246836460874664 0.6701570580855163 0.6219460944535421 0.6731524738649312 0.7013243009981129 0.7467692063499869 0.795470671951939 0.7811574671506781
0.3640835904371857 0.3703666850494766 0.35110106550671755 0.3490788681592713 0.3706977607523571 0.40119845726227626 0.4115188526682608 0.41243358717553413 0.41970268367695357 0.41125675090586866 0.3846645548526603 0.352906234547227 0.42069708810980266 0.42714850189879017 0.4681805271666174 0.4543797613106157 0.4771782972368491 0.46144874864949276 0.4698424556462844 0.5004846833356412 0.5333613669184103 0.5369691510688355 0.5221960315877126 0.49209826712812527 0.48687262733887215 0.45801683572548557 0.4506364697941563 0.5154682706903738 0.5499210136180875 0.5696103295195425 0.584671557160572 0.6261262460663778 0.649351380991883 0.6538293209087874 0.6342166554765656 0.6409715935826763 0.6261852567034433 0.5824010543364249 0.6052822442542204 0.6600265538892717 0.7059996650484719 0.7706672147895244 0.7394754282318601
0.34029754331009465 0.34860692395323273 0.3892538970004541 0.4024847564464596 0.4172762897128451 0.4139538232628205 0.43892040748675215 0.4231577266482186 0.42994884602994254 0.45137810217209273 0.4091277601078826 0.3721541718098688 0.43028313563207055 0.44985503019847867 0.4763960905323883 0.4737452223266084 0.5011699886701108 0.4736138305006568 0.489668667508102 0.47387675379201166 0.4867036588502383 0.5261715534375714 0.5108210267058924 0.5216684066552744 0.5104059524551218 0.44004536756375107 0.433714711266052 0.4938056834525363 0.5401079363891155 0.5481559824092432 0.5757967730217222 0.6358254149714742 0.6461097509045667 0.6316327118923498 0.6380055793257163 0.590471783147888 0.6107081368233503 0.5627363470065425 0.5881474584406396 0.6524271996450428 0.711957502609034 0.7382818792650303 0.7546312909399484
0.3290536621830552 0.33877230071784226 0.3562895630623834 0.3882268170913864 0.3714133091276789 0.4011234249988145 0.41227196233514796 0.40726299130718135 0.4318925277754782 0.48833629182126803 0.45765155876693625 0.405174193750486 0.42350237613403513 0.447801467310061 0.4663624824254169 0.4522820762959849 0.4602655173389872 0.4296647204631963 0.45100795243078073 0.44908463463468645 0.4769652261237475 0.4694730882868426 0.46754268413462696 0.4524794247738706 0.4705660880784642 0.4522713064370658 0.47278439813655754 0.5099220200645742 0.5107284086439241 0.5660848175964213 0.6170018462754581 0.653079861958152 0.6528463411194992 0.6118189613839606 0.6129853087398008 0.6108952439628358 0.55519109570374 0.5841561738467136 0.6093313031767605 0.6656589385010608 0.7157878375922689 0.7027279283282709 0.7408356134240752
0.33773193790966344 0.32802610651268976 0.35438359340531433 0.3590729620478777 0.38166207491868115 0.4163019671015578 0.4151136262729562 0.46431617540670256 0.49127806249939926 0.4943479965091777 0.46078082485948335 0.4270607560954774 0.44067286544247364 0.4843746567825382 0.4718494848975789 0.4127938051993905 0.43696831509698075 0.44537976358377196 0.44983199292374304 0.46774004192767954 0.4740774851446404 0.4487954805157399 0.4502007252060863 0.42885463456319894 0.46041234739488535 0.45914214028668154 0.46364825664278364 0.4997095659731173 0.5268497139618818 0.5595232997480439 0.6051711711783849 0.6226900403594197 0.6388384111540147 0.6408885169510745 0.5689124284622289 0.5632439467023966 0.5281671321295976 0.5299799848922034 0.5968619201765927 0.6693563067180659 0.7158002435490591 0.7181926441043159 0.7250449885154295
0.3549379780944286 0.3523283854371258 0.3324628026678409 0.36253048715392777 0.40307639212342794 0.4423037584965441 0.46160939404502327 0.5074153677798507 0.4942895309790113 0.48928038294806586 0.4861279186935339 0.49201297042563497 0.4799290493216771 0.44322740283825873 0.4465159728949765 0.42304686030420274 0.46307427196497697 0.4800097748089308 0.49215466109985667 0.4610458350287312 0.4800124836946977 0.4802167111123303 0.4542966593685164 0.4339655515020307 0.41890006646760497 0.4393784980034624 0.4957416751537763 0.4940876440756324 0.5465883793964899 0.5859671985264627 0.6049502436991763 0.611231975504058 0.5902242248967928 0.626598165174949 0.5743216617539505 0.5477776021001398 0.537722532883779 0.5382705940492587 0.5851416566355968 0.638637009498195 0.6613959287929746 0.6757414427794173 0.6636642461257173
