Raster_benchmarking/continuous/raster-227.asc
NCOLS 100
NROWS 100
XLLCORNER 1743165.6099614836
YLLCORNER 5469280.196176042
CELLSIZE 10
NODATA_VALUE -9999
[rows 38 to 56 of 100, columns 43 to 85 of 100]
0.6440792341532674 0.683273116220905 0.7019682889299801 0.7164115878488573 0.7378067383109138 0.7615729000084747 0.7540130212055124 0.7772066704845545 0.7384222435541271 0.6701497241412724 0.59847790903135 0.637196094431061 0.601982277215844 0.5916593990350228 0.6053435084398967 0.5205788922047475 0.47125000965160896 0.44201719196493955 0.44360827072370207 0.42169480878192683 0.3843585901359083 0.40270689528415154 0.3796858292400715 0.3587193725285612 0.3752027026089413 0.40057590199917903 0.35537309795561045 0.3460539903955619 0.38870860556945247 0.4340053570977176 0.44033581046086656 0.4257318499398651 0.40791300528596636 0.36120488741044826 0.3072938385368542 0.293329694106868 0.23970321776026773 0.23849652939047528 0.23232117550830417 0.16418021870704957 0.18932343668451482 0.15696956609684495 0.16755560740601047
0.6415086503700049 0.6527422160031185 0.6672407603150918 0.6715029569935378 0.7164384909780536 0.7237683768378396 0.7119437891149631 0.7449887669153074 0.6831365830973193 0.6610294428329672 0.6186439666222665 0.6397218128159756 0.6401400050835543 0.5781391725862568 0.5719213769519464 0.5327401910604632 0.49459907949226317 0.5182342523764594 0.5063357129436519 0.4723231870180302 0.4440104559171435 0.4081316480788867 0.39391531518231643 0.38161422734464645 0.3985473839390156 0.4046486862341105 0.3673814327789028 0.3719681762137879 0.37420510549183345 0.42557680322961267 0.46308434568170215 0.4129940211276253 0.3526538852522816 0.335429261833639 0.3399700330659234 0.29987701530229205 0.27668020984499775 0.20020972050611918 0.20217627886947395 0.15872455927606108 0.16274141812403226 0.16158065630838633 0.10255683928458365
0.6802650301481297 0.6794633542813372 0.648654190400152 0.6610906729845745 0.6539310361960242 0.7143937282500786 0.7370164643548164 0.7135321414691654 0.7195966480166953 0.6627706594769686 0.6459373219507026 0.6432239071285274 0.6503197384882887 0.5931443099760877 0.5194836977599832 0.5674343864812214 0.5662538349330415 0.5504618024819087 0.4732485391990601 0.44940285624777054 0.47637901799101945 0.43573592637848263 0.40504938957894215 0.40552108884509874 0.43575261201310267 0.4034503846555121 0.3624462603337571 0.38916093607732827 0.3698153955408716 0.4219020314711609 0.45098049363689885 0.37545203030063956 0.35883166192756655 0.36083465149814614 0.3560079127538858 0.31642870981811866 0.24068131225366962 0.23679658648623117 0.18773240091764093 0.19267145581380074 0.15969545736121396 0.12805390781882095 0.08268555163365822
0.6253971095520493 0.6370160313306945 0.6731103587300753 0.6283931574315942 0.6448652183337985 0.6919124184299977 0.7002076266717622 0.6860648082306927 0.6757374372612767 0.6348388150033999 0.6284234016720166 0.6386238806824928 0.6293864729132475 0.575221595940225 0.5170920032041988 0.5303392302911348 0.5453004389496765 0.5475793368771567 0.49903988136881267 0.4774086447758039 0.44506698714864784 0.4377086567387202 0.40902523633968113 0.4048623370467634 0.37086338200375996 0.3775178374518759 0.3872290042982819 0.3960145988391799 0.4068273906254954 0.37897441805550697 0.3868425260556318 0.3993932671701698 0.35108157929122735 0.34338461162376505 0.3166341483117031 0.2514168243695707 0.22347531862126804 0.21919627617986467 0.19026778399399788 0.1816626048219448 0.18079154905468608 0.1159116889876521 0.12430267902332195
0.5922098011952875 0.6458144605875438 0.6792188693487151 0.6597757198175285 0.6383202396405825 0.6490146368194128 0.6636695012445084 0.646894766446157 0.6243519231007051 0.6064735269094728 0.6759205131814318 0.671077616253554 0.650357477724624 0.6049292488601583 0.570775490244983 0.5559671638763594 0.5893043726816493 0.5202619132026621 0.4976233743253404 0.42964688882069274 0.42200916221094226 0.3954030991183716 0.3394636022721605 0.3737875332629158 0.3867091650703611 0.38243617473400326 0.36990044643506753 0.37583666849553543 0.3703022909773965 0.3466544454937646 0.3239254256171235 0.3327558827446548 0.3351344167558943 0.33542537914337794 0.2995869073884293 0.274936024672908 0.2444475551461553 0.2220620541933744 0.2561156429792751 0.17471321941056722 0.17813384481020944 0.1374160805378368 0.12369431485608044
0.580628115155745 0.6050920487856698 0.668155450187283 0.6578084115739218 0.6313215674773222 0.6343200773204123 0.6740626315306449 0.6416654323609619 0.6440013221371828 0.6210423324679137 0.6615191357906108 0.6092072749625559 0.6315456715231956 0.6067907782067246 0.6433753424039239 0.6312407893758509 0.6324271151381509 0.5733321744080535 0.5066977574696984 0.4455509181398392 0.4328393589355848 0.3859912703760964 0.3665300499758316 0.34771474484910936 0.37809524083185525 0.3310437687954168 0.34840811601019095 0.3632977619259462 0.330011409451392 0.35638812938496384 0.32505823451357 0.3504826756242331 0.31381407141940015 0.2770873389646082 0.2496541528565051 0.2510622065592261 0.25251590864643214 0.2697098711084882 0.23937229875595645 0.2104862800023563 0.2490053527109869 0.21415387053938234 0.18408883224449574
0.6049499340164748 0.5956045106180412 0.6684773315017994 0.6813076138946554 0.6775512193117496 0.6799008333490684 0.6482514240119869 0.6447162673087753 0.6158305481909858 0.5843977862922168 0.6278360980897111 0.5833078749369794 0.5739399742956676 0.6069465006637901 0.6725667744807413 0.6669037921372503 0.6149561321883118 0.5282492706799473 0.48501409455101224 0.466745663953128 0.43904801657571185 0.3875340103815935 0.3546809543247817 0.3459943306213316 0.3146280163085232 0.318639249841584 0.33451671012411066 0.3777401036791286 0.3328620561837443 0.3461172751255656 0.3564025911589777 0.3562626198877002 0.2881142920396146 0.30165496626802263 0.2670454078930019 0.2966016723655155 0.24678441159978745 0.25938099093820854 0.2679003760041502 0.28519483128806583 0.2668446624519463 0.21480392496757558 0.2165369053474902
0.6092710207463811 0.6179479032681583 0.5742736654219033 0.5876603489830399 0.6126781613922871 0.6400946210695965 0.5935779665109702 0.6138548556837918 0.591520221525505 0.6006760392024674 0.5822021544456077 0.5670848830609099 0.5652531220208329 0.6329475168004411 0.6512482410008048 0.6198151315784097 0.5763567476424107 0.5145032347041592 0.46294612762987875 0.4537471381926893 0.49122424511773055 0.45356451322274943 0.42320074579068173 0.3413654476931707 0.3013746359374957 0.3276243069403308 0.36033540489119487 0.3645941815937166 0.3234818554469115 0.3585252822093882 0.3705714106063665 0.3556972747479107 0.338745007793062 0.3285625732002167 0.3050351320916824 0.3204935780996358 0.30232542156747927 0.3351752933612782 0.3589482638605896 0.33642233638782804 0.2818470629242088 0.24301528230592756 0.22554521208843192
0.6092147795488395 0.571006629644229 0.5584833283241393 0.5775854360131032 0.5508042472024837 0.543391236304356 0.5593674530856099 0.5644249210918952 0.526430005648446 0.5297013244423598 0.5934452834839051 0.5956252050807416 0.570433145638973 0.5630569025173768 0.5854250612970147 0.577132412717358 0.5408238291729424 0.5492807550840755 0.5045586438802979 0.48384209194073585 0.5023151486930001 0.4402649552875545 0.41185796057309215 0.3784994882230543 0.32760256983763475 0.36675132991796605 0.3917406874307143 0.40238349384034106 0.3355758932209765 0.32610548938457395 0.3536316358443644 0.3577058239796996 0.31551163300672735 0.33468806395703005 0.3326854050605349 0.34952369172704045 0.37731127993854485 0.3648051262778537 0.3672280512788153 0.3612044942571134 0.3191304526598686 0.2668187688273108 0.2300894699920068
0.560034443911386 0.5115736722991922 0.5337176336222234 0.5277370816769722 0.4999928943568332 0.5212922413660522 0.5026549816201178 0.46935217993626116 0.4946819928093424 0.5179830144752352 0.5395526052021417 0.5605943602651906 0.5429252410813512 0.5866152591647578 0.6052479595403912 0.5435433095307783 0.5349322645827931 0.528468123639726 0.5640898106591736 0.5698959118615844 0.48976786634223607 0.44931375811200774 0.4319845398279479 0.39121343326927677 0.4061810451129026 0.3726428919873955 0.3860335349384096 0.4083308971964261 0.3723147910606978 0.3839017671366789 0.3465709691131097 0.36942491189601206 0.3252475635533257 0.3552923776491375 0.355640472467287 0.3798762443250881 0.37164706493771316 0.37367571993067134 0.40053471143694086 0.35422915066721133 0.32870276405402826 0.23941756699726802 0.2484620888679264
0.5164813406900256 0.5099164568532231 0.4575263577466343 0.4859734249417119 0.44754089352923526 0.4543412619355731 0.4359174889937211 0.43088049600286377 0.4493820485196374 0.45978721613962875 0.4777394385478663 0.5185986259351566 0.5595162941158073 0.5570368788280089 0.6009116004963315 0.5507535890154016 0.49302829889810523 0.545602031575571 0.5967304506145118 0.5923730536750268 0.5581260784776821 0.5157600583716616 0.45276649030078553 0.42978783076768196 0.45001193435533 0.44264119996844126 0.39159244718228775 0.4056110518337078 0.38796346726398245 0.3890178317403773 0.39856863386822555 0.38372386783489915 0.3661595088530701 0.34822017351213824 0.3880055751666866 0.37296268328794124 0.3436205112351277 0.37182548458408127 0.3767602209039316 0.3341133879248147 0.3242194172941502 0.27884730735907126 0.21739000740434866
0.4796734705985736 0.43427360075872845 0.4359092028167596 0.4201894316385018 0.40481192896381696 0.45192466329092007 0.46949743810482325 0.4496528179796163 0.41306131204051943 0.45822984702683855 0.48301757564266845 0.49888899510822565 0.5075500047350004 0.5344422500359319 0.5535129484212271 0.5076533536159668 0.46369112994950884 0.47323073511364866 0.5266645037282462 0.5399593846414149 0.543087735489159 0.5406481043306474 0.5330932281214557 0.5028540910864872 0.4899288070699279 0.4904940329592751 0.4822299687269025 0.4845274968273333 0.4592441830663959 0.41037165660014124 0.42200426210449965 0.42563801173062854 0.40760231131937824 0.36834692043552597 0.4043479537463281 0.3959618009935852 0.33151033803400004 0.3597325206759007 0.33481043093582374 0.33117769136491604 0.26002897619836346 0.2684983274557264 0.2246014510751622
0.44886892815136925 0.43172780679408257 0.44901620892794425 0.4721799614322003 0.4222654352282708 0.43928378057655215 0.4459842345243602 0.4475373166907646 0.42856756693273407 0.42455423742482484 0.4537393934249268 0.49212242868126155 0.5172525790109832 0.4882640485926887 0.5056294782599212 0.48337394214829116 0.4560079432979446 0.4642450517336737 0.45029547334031794 0.46375882387171746 0.5117129987000032 0.5613996030153989 0.5395137070166742 0.5788488665114453 0.5576847561777055 0.5433309302912671 0.517667608861966 0.5099077540313712 0.5198293155984895 0.45467390740320696 0.4319690597943299 0.460314426161433 0.41034936058590027 0.3575544496067491 0.40068704194170895 0.3608441361362596 0.34738743651710263 0.3792450537065041 0.3553323898224805 0.32090014725846466 0.24430123204580675 0.22616350552549308 0.21396392466971717
0.47880141018961025 0.5024682512858154 0.4930654759284003 0.47907558796967736 0.47108084990218085 0.4732758851371873 0.47432629163369733 0.45183450766546385 0.4953939264404677 0.48648373456448085 0.5157037608510048 0.4798874422506807 0.47421477455577354 0.4929922294327326 0.4252155662780594 0.4151387471227516 0.45446799766557416 0.43800745307396083 0.4634650325595504 0.4657231933905393 0.5067423711130636 0.535451833692957 0.5557019634082775 0.598773991586994 0.5407283999322012 0.5699317870317426 0.535774132548266 0.5452888885903955 0.5218380601655088 0.4501151619650355 0.4312357324845686 0.46519509577335283 0.41160362753463003 0.38429964384286436 0.34317403751520964 0.3472273900033361 0.35808501946287474 0.32932259151978205 0.32450097243744425 0.34501025886384223 0.2903795283036259 0.2292034420007881 0.18366922126221563
0.5125455306298683 0.5255971425922239 0.5408470752002621 0.5347083607488512 0.480171638837782 0.4863282274477542 0.46555103111661267 0.47333677473145996 0.48349860518234616 0.46648929087437924 0.5138110366440419 0.4751149238864335 0.42197463553646 0.4197050913536695 0.39851843929008357 0.4006114265691453 0.40040497105218914 0.449140605614159 0.4327095012943112 0.47518688449527313 0.503008513130516 0.55760835647764 0.6122918478861403 0.5892247602789481 0.556728553746525 0.5810495953026673 0.5843870745751159 0.5066200575703163 0.47174088588117324 0.5170078421387815 0.49495937536843065 0.43119487908782117 0.4305975971722254 0.35795586096862997 0.3322800667310134 0.3497331259512881 0.3321381615464868 0.37088595098410765 0.3583145110192157 0.36247555995981 0.2950027301916676 0.2633523178186026 0.2095290196337056
0.4800336036556154 0.48696632798715717 0.5224171580217356 0.5325432821460716 0.4991460414434152 0.49857647515097114 0.48900583186778435 0.43609038260691274 0.4384270593168077 0.47892829936043546 0.5122987904490479 0.4687707058839178 0.47940236595154145 0.4450024518203318 0.3746575489837947 0.3829210703445358 0.3916181514240955 0.39638676594178257 0.41884634947611293 0.514853254525285 0.5280385429717673 0.5628453131439972 0.6022107979576855 0.5828054305202465 0.5601961785752445 0.586886798524317 0.5434419400354739 0.5410117070074378 0.49621027014246655 0.5160075218275072 0.5275702175238154 0.4667121869707601 0.4024581195107887 0.3837728395300786 0.3754268129213208 0.3770252402566594 0.35308792283737117 0.37477189266884814 0.33289036048368104 0.3272879722119074 0.2930791491985038 0.2665593714919499 0.24715025792509748
0.49837753292060694 0.4629740265859059 0.4736317070436505 0.46945695400816084 0.5017636619723608 0.5013675598883025 0.4557890073401573 0.4421491527927629 0.41572562371332084 0.4782315931271059 0.48739698304251805 0.49291937335084923 0.47975300449850977 0.4165393020497343 0.3969647100887267 0.4389881399421211 0.42273019257805505 0.41505176948150035 0.4449246311422179 0.49085197348622644 0.5688606087317889 0.5527564712888391 0.5436369240196244 0.584432150421564 0.5960624528492952 0.591338210176962 0.5960975025030014 0.5200856046982568 0.4734696255274856 0.4583073555356275 0.49851880059074766 0.4600887192056091 0.4339320453245544 0.3960015360616764 0.36862409594036855 0.36734768485470054 0.40255976013614736 0.4079012295509472 0.3926414575682683 0.3454381124310419 0.2701740632400903 0.2510286312422009 0.22531603855616894
0.46916515684655663 0.43709684426980305 0.4588661814910033 0.4968394509214854 0.4796534469899544 0.4448747908757182 0.4107687705601593 0.4405182167843066 0.4498053091642551 0.4209934042983375 0.43292382780685984 0.4665480703487583 0.45960341123671156 0.468059751448676 0.4819576953791509 0.4630403140825944 0.44125385874659523 0.42627628567186016 0.4225613511161716 0.5059239033422118 0.5814408367661351 0.5561776034694598 0.5631189636080397 0.589564388338823 0.599781610055761 0.5813521057284893 0.5732113289056727 0.5370809372953418 0.5242985535983345 0.4773768677291654 0.484959465286369 0.46096649173913523 0.43121068066759777 0.44383531989414304 0.4227757749745359 0.4154414219331063 0.41931111260318715 0.3769773073060581 0.39142688613749527 0.3520463091011947 0.27833335893128586 0.27765012814541773 0.2822071697141915
0.43812984580361836 0.4717252565444024 0.45054504022446196 0.49725383639395154 0.47628250816199674 0.4265526024204506 0.37501429337200803 0.42083229466631067 0.39923989749962285 0.43503828732012245 0.47634554675678975 0.4962129707071485 0.5101467344014822 0.48687086887245473 0.5043886326899892 0.4969956655232832 0.4041292089746106 0.4102820768147036 0.444127677577825 0.5141555024459709 0.5781517284607375 0.5757320016471836 0.5647507250999668 0.5410143168332956 0.522064099600624 0.5690748323289263 0.5299550269769762 0.515012324653099 0.5486238328480807 0.5142658347156619 0.49903738140843606 0.4292189387799736 0.42525004480813416 0.44521516566874036 0.43346182692268453 0.3897737001331981 0.43470299560434167 0.3625306904980726 0.3856159880355902 0.3535968777410554 0.2876830564720777 0.2575592209205029 0.2928292928843254
